timestamp,level,data source
2024-07-01T00:16:00Z,SEDENTARY,Fitbit App
2024-07-01T00:56:00Z,SEDENTARY,Fitbit App
2024-07-01T01:11:00Z,SEDENTARY,Fitbit App
2024-07-01T01:31:00Z,SEDENTARY,Fitbit App
2024-07-01T01:32:00Z,SEDENTARY,Fitbit App
2024-07-01T01:33:00Z,LIGHTLY_ACTIVE,Fitbit App
2024-07-01T01:34:00Z,LIGHTLY_ACTIVE,Fitbit App
2024-07-01T01:36:00Z,SEDENTARY,Fitbit App
2024-07-01T01:37:00Z,LIGHTLY_ACTIVE,Fitbit App
2024-07-01T01:59:00Z,SEDENTARY,Fitbit App
2024-07-01T02:37:00Z,SEDENTARY,Fitbit App
2024-07-01T03:15:00Z,SEDENTARY,Fitbit App
2024-07-01T03:44:00Z,SEDENTARY,Fitbit App
2024-07-01T03:52:00Z,SEDENTARY,Fitbit App
2024-07-01T04:14:00Z,SEDENTARY,Fitbit App
2024-07-01T04:30:00Z,SEDENTARY,Fitbit App
2024-07-01T04:33:00Z,SEDENTARY,Fitbit App
2024-07-01T04:37:00Z,SEDENTARY,Fitbit App
2024-07-01T04:42:00Z,SEDENTARY,Fitbit App
2024-07-01T05:16:00Z,SEDENTARY,Fitbit App
2024-07-01T05:24:00Z,SEDENTARY,Fitbit App
2024-07-01T05:31:00Z,LIGHTLY_ACTIVE,Fitbit App
2024-07-01T05:36:00Z,SEDENTARY,Fitbit App
2024-07-01T05:37:00Z,SEDENTARY,Fitbit App
2024-07-01T05:38:00Z,SEDENTARY,Fitbit App
2024-07-01T05:44:00Z,SEDENTARY,Fitbit App
2024-07-01T05:45:00Z,SEDENTARY,Fitbit App
2024-07-01T05:46:00Z,SEDENTARY,Fitbit App
2024-07-01T05:47:00Z,SEDENTARY,Fitbit App
2024-07-01T05:48:00Z,SEDENTARY,Fitbit App
2024-07-01T06:06:00Z,LIGHTLY_ACTIVE,Fitbit App
2024-07-01T06:07:00Z,MODERATELY_ACTIVE,Fitbit App
2024-07-01T06:08:00Z,LIGHTLY_ACTIVE,Fitbit App
2024-07-01T06:10:00Z,SEDENTARY,Fitbit App
2024-07-01T06:11:00Z,SEDENTARY,Fitbit App
2024-07-01T06:12:00Z,LIGHTLY_ACTIVE,Fitbit App
2024-07-01T06:13:00Z,LIGHTLY_ACTIVE,Fitbit App
2024-07-01T06:14:00Z,LIGHTLY_ACTIVE,Fitbit App
2024-07-01T06:15:00Z,LIGHTLY_ACTIVE,Fitbit App
2024-07-01T06:16:00Z,SEDENTARY,Fitbit App
2024-07-01T06:17:00Z,SEDENTARY,Fitbit App
2024-07-01T06:18:00Z,SEDENTARY,Fitbit App
2024-07-01T06:19:00Z,LIGHTLY_ACTIVE,Fitbit App
2024-07-01T06:20:00Z,LIGHTLY_ACTIVE,Fitbit App
2024-07-01T06:21:00Z,SEDENTARY,Fitbit App
2024-07-01T06:22:00Z,LIGHTLY_ACTIVE,Fitbit App
2024-07-01T06:23:00Z,LIGHTLY_ACTIVE,Fitbit App
2024-07-01T06:24:00Z,SEDENTARY,Fitbit App
2024-07-01T06:25:00Z,SEDENTARY,Fitbit App
2024-07-01T06:26:00Z,LIGHTLY_ACTIVE,Fitbit App
2024-07-01T06:27:00Z,SEDENTARY,Fitbit App
2024-07-01T06:28:00Z,LIGHTLY_ACTIVE,Fitbit App
2024-07-01T06:29:00Z,MODERATELY_ACTIVE,Fitbit App
2024-07-01T06:30:00Z,VERY_ACTIVE,Fitbit App
2024-07-01T06:31:00Z,VERY_ACTIVE,Fitbit App
2024-07-01T06:32:00Z,VERY_ACTIVE,Fitbit App
2024-07-01T06:33:00Z,MODERATELY_ACTIVE,Fitbit App
2024-07-01T06:34:00Z,LIGHTLY_ACTIVE,Fitbit App
2024-07-01T06:35:00Z,MODERATELY_ACTIVE,Fitbit App
2024-07-01T06:36:00Z,MODERATELY_ACTIVE,Fitbit App
2024-07-01T06:37:00Z,MODERATELY_ACTIVE,Fitbit App
2024-07-01T06:38:00Z,VERY_ACTIVE,Fitbit App
2024-07-01T06:39:00Z,VERY_ACTIVE,Fitbit App
2024-07-01T06:40:00Z,VERY_ACTIVE,Fitbit App
2024-07-01T06:41:00Z,VERY_ACTIVE,Fitbit App
2024-07-01T06:42:00Z,VERY_ACTIVE,Fitbit App
2024-07-01T06:43:00Z,VERY_ACTIVE,Fitbit App
2024-07-01T06:44:00Z,VERY_ACTIVE,Fitbit App
2024-07-01T06:45:00Z,VERY_ACTIVE,Fitbit App
2024-07-01T06:46:00Z,VERY_ACTIVE,Fitbit App
2024-07-01T06:47:00Z,MODERATELY_ACTIVE,Fitbit App
2024-07-01T06:48:00Z,SEDENTARY,Fitbit App
2024-07-01T06:49:00Z,SEDENTARY,Fitbit App
2024-07-01T06:54:00Z,SEDENTARY,Fitbit App
2024-07-01T06:55:00Z,SEDENTARY,Fitbit App
2024-07-01T06:56:00Z,SEDENTARY,Fitbit App
2024-07-01T06:58:00Z,SEDENTARY,Fitbit App
2024-07-01T07:03:00Z,LIGHTLY_ACTIVE,Fitbit App
2024-07-01T07:05:00Z,SEDENTARY,Fitbit App
2024-07-01T07:07:00Z,SEDENTARY,Fitbit App
2024-07-01T07:09:00Z,SEDENTARY,Fitbit App
2024-07-01T07:10:00Z,SEDENTARY,Fitbit App
2024-07-01T07:11:00Z,SEDENTARY,Fitbit App
2024-07-01T07:12:00Z,SEDENTARY,Fitbit App
2024-07-01T07:13:00Z,SEDENTARY,Fitbit App
2024-07-01T07:14:00Z,LIGHTLY_ACTIVE,Fitbit App
2024-07-01T07:15:00Z,LIGHTLY_ACTIVE,Fitbit App
2024-07-01T07:16:00Z,LIGHTLY_ACTIVE,Fitbit App
2024-07-01T07:17:00Z,LIGHTLY_ACTIVE,Fitbit App
2024-07-01T07:18:00Z,LIGHTLY_ACTIVE,Fitbit App
2024-07-01T07:19:00Z,SEDENTARY,Fitbit App
2024-07-01T07:20:00Z,LIGHTLY_ACTIVE,Fitbit App
2024-07-01T07:21:00Z,MODERATELY_ACTIVE,Fitbit App
2024-07-01T07:22:00Z,VERY_ACTIVE,Fitbit App
2024-07-01T07:23:00Z,MODERATELY_ACTIVE,Fitbit App
2024-07-01T07:24:00Z,LIGHTLY_ACTIVE,Fitbit App
2024-07-01T07:25:00Z,LIGHTLY_ACTIVE,Fitbit App
2024-07-01T07:26:00Z,LIGHTLY_ACTIVE,Fitbit App
2024-07-01T07:27:00Z,SEDENTARY,Fitbit App
2024-07-01T07:29:00Z,SEDENTARY,Fitbit App
2024-07-01T07:30:00Z,SEDENTARY,Fitbit App
2024-07-01T07:33:00Z,SEDENTARY,Fitbit App
2024-07-01T07:36:00Z,SEDENTARY,Fitbit App
2024-07-01T07:37:00Z,SEDENTARY,Fitbit App
2024-07-01T07:39:00Z,SEDENTARY,Fitbit App
2024-07-01T07:45:00Z,SEDENTARY,Fitbit App
2024-07-01T07:50:00Z,SEDENTARY,Fitbit App
2024-07-01T07:52:00Z,SEDENTARY,Fitbit App
2024-07-01T07:54:00Z,SEDENTARY,Fitbit App
2024-07-01T07:57:00Z,SEDENTARY,Fitbit App
2024-07-01T07:58:00Z,SEDENTARY,Fitbit App
2024-07-01T08:01:00Z,LIGHTLY_ACTIVE,Fitbit App
2024-07-01T08:02:00Z,LIGHTLY_ACTIVE,Fitbit App
2024-07-01T08:05:00Z,SEDENTARY,Fitbit App
2024-07-01T08:07:00Z,LIGHTLY_ACTIVE,Fitbit App
2024-07-01T08:12:00Z,SEDENTARY,Fitbit App
2024-07-01T08:13:00Z,SEDENTARY,Fitbit App
2024-07-01T08:14:00Z,SEDENTARY,Fitbit App
2024-07-01T08:15:00Z,SEDENTARY,Fitbit App
2024-07-01T08:19:00Z,SEDENTARY,Fitbit App
2024-07-01T08:21:00Z,SEDENTARY,Fitbit App
2024-07-01T08:22:00Z,SEDENTARY,Fitbit App
2024-07-01T08:26:00Z,SEDENTARY,Fitbit App
2024-07-01T08:29:00Z,SEDENTARY,Fitbit App
2024-07-01T08:30:00Z,SEDENTARY,Fitbit App
2024-07-01T08:31:00Z,SEDENTARY,Fitbit App
2024-07-01T08:32:00Z,SEDENTARY,Fitbit App
2024-07-01T08:33:00Z,SEDENTARY,Fitbit App
2024-07-01T08:34:00Z,SEDENTARY,Fitbit App
2024-07-01T08:35:00Z,SEDENTARY,Fitbit App
2024-07-01T08:38:00Z,SEDENTARY,Fitbit App
2024-07-01T08:40:00Z,SEDENTARY,Fitbit App
2024-07-01T08:41:00Z,SEDENTARY,Fitbit App
2024-07-01T08:42:00Z,SEDENTARY,Fitbit App
2024-07-01T08:45:00Z,SEDENTARY,Fitbit App
2024-07-01T08:46:00Z,LIGHTLY_ACTIVE,Fitbit App
2024-07-01T08:47:00Z,SEDENTARY,Fitbit App
2024-07-01T08:48:00Z,SEDENTARY,Fitbit App
2024-07-01T08:51:00Z,SEDENTARY,Fitbit App
2024-07-01T08:52:00Z,SEDENTARY,Fitbit App
2024-07-01T08:54:00Z,SEDENTARY,Fitbit App
2024-07-01T08:55:00Z,SEDENTARY,Fitbit App
2024-07-01T08:58:00Z,SEDENTARY,Fitbit App
2024-07-01T09:00:00Z,SEDENTARY,Fitbit App
2024-07-01T09:05:00Z,SEDENTARY,Fitbit App
2024-07-01T09:08:00Z,SEDENTARY,Fitbit App
2024-07-01T09:11:00Z,SEDENTARY,Fitbit App
2024-07-01T09:12:00Z,SEDENTARY,Fitbit App
2024-07-01T09:15:00Z,SEDENTARY,Fitbit App
2024-07-01T09:17:00Z,SEDENTARY,Fitbit App
2024-07-01T09:18:00Z,SEDENTARY,Fitbit App
2024-07-01T09:19:00Z,SEDENTARY,Fitbit App
2024-07-01T09:20:00Z,SEDENTARY,Fitbit App
2024-07-01T09:21:00Z,SEDENTARY,Fitbit App
2024-07-01T09:22:00Z,SEDENTARY,Fitbit App
2024-07-01T09:23:00Z,SEDENTARY,Fitbit App
2024-07-01T09:24:00Z,SEDENTARY,Fitbit App
2024-07-01T09:25:00Z,SEDENTARY,Fitbit App
2024-07-01T09:26:00Z,SEDENTARY,Fitbit App
2024-07-01T09:29:00Z,SEDENTARY,Fitbit App
2024-07-01T09:30:00Z,LIGHTLY_ACTIVE,Fitbit App
2024-07-01T09:31:00Z,LIGHTLY_ACTIVE,Fitbit App
2024-07-01T09:32:00Z,LIGHTLY_ACTIVE,Fitbit App
2024-07-01T09:37:00Z,SEDENTARY,Fitbit App
2024-07-01T09:38:00Z,SEDENTARY,Fitbit App
2024-07-01T09:40:00Z,SEDENTARY,Fitbit App
2024-07-01T09:41:00Z,SEDENTARY,Fitbit App
2024-07-01T09:42:00Z,SEDENTARY,Fitbit App
2024-07-01T09:43:00Z,SEDENTARY,Fitbit App
2024-07-01T09:44:00Z,SEDENTARY,Fitbit App
2024-07-01T09:45:00Z,LIGHTLY_ACTIVE,Fitbit App
2024-07-01T09:46:00Z,SEDENTARY,Fitbit App
2024-07-01T09:49:00Z,SEDENTARY,Fitbit App
2024-07-01T09:50:00Z,SEDENTARY,Fitbit App
2024-07-01T09:52:00Z,SEDENTARY,Fitbit App
2024-07-01T09:53:00Z,SEDENTARY,Fitbit App
2024-07-01T09:54:00Z,SEDENTARY,Fitbit App
2024-07-01T09:55:00Z,LIGHTLY_ACTIVE,Fitbit App
2024-07-01T09:56:00Z,SEDENTARY,Fitbit App
2024-07-01T09:57:00Z,SEDENTARY,Fitbit App
2024-07-01T09:58:00Z,SEDENTARY,Fitbit App
2024-07-01T10:00:00Z,SEDENTARY,Fitbit App
2024-07-01T10:02:00Z,SEDENTARY,Fitbit App
2024-07-01T10:03:00Z,SEDENTARY,Fitbit App
2024-07-01T10:09:00Z,LIGHTLY_ACTIVE,Fitbit App
2024-07-01T10:10:00Z,LIGHTLY_ACTIVE,Fitbit App
2024-07-01T10:11:00Z,LIGHTLY_ACTIVE,Fitbit App
2024-07-01T10:12:00Z,LIGHTLY_ACTIVE,Fitbit App
2024-07-01T10:13:00Z,SEDENTARY,Fitbit App
2024-07-01T10:16:00Z,LIGHTLY_ACTIVE,Fitbit App
2024-07-01T10:17:00Z,LIGHTLY_ACTIVE,Fitbit App
2024-07-01T10:18:00Z,LIGHTLY_ACTIVE,Fitbit App
2024-07-01T10:19:00Z,LIGHTLY_ACTIVE,Fitbit App
2024-07-01T10:20:00Z,LIGHTLY_ACTIVE,Fitbit App
2024-07-01T10:21:00Z,VERY_ACTIVE,Fitbit App
2024-07-01T10:22:00Z,VERY_ACTIVE,Fitbit App
2024-07-01T10:23:00Z,MODERATELY_ACTIVE,Fitbit App
2024-07-01T10:24:00Z,MODERATELY_ACTIVE,Fitbit App
2024-07-01T10:25:00Z,LIGHTLY_ACTIVE,Fitbit App
2024-07-01T10:26:00Z,LIGHTLY_ACTIVE,Fitbit App
2024-07-01T10:27:00Z,LIGHTLY_ACTIVE,Fitbit App
2024-07-01T10:28:00Z,LIGHTLY_ACTIVE,Fitbit App
2024-07-01T10:29:00Z,LIGHTLY_ACTIVE,Fitbit App
2024-07-01T10:30:00Z,LIGHTLY_ACTIVE,Fitbit App
2024-07-01T10:32:00Z,LIGHTLY_ACTIVE,Fitbit App
2024-07-01T10:33:00Z,LIGHTLY_ACTIVE,Fitbit App
2024-07-01T10:34:00Z,SEDENTARY,Fitbit App
2024-07-01T10:35:00Z,SEDENTARY,Fitbit App
2024-07-01T10:36:00Z,LIGHTLY_ACTIVE,Fitbit App
2024-07-01T10:37:00Z,SEDENTARY,Fitbit App
2024-07-01T10:38:00Z,LIGHTLY_ACTIVE,Fitbit App
2024-07-01T10:39:00Z,LIGHTLY_ACTIVE,Fitbit App
2024-07-01T10:40:00Z,MODERATELY_ACTIVE,Fitbit App
2024-07-01T10:41:00Z,MODERATELY_ACTIVE,Fitbit App
2024-07-01T10:42:00Z,SEDENTARY,Fitbit App
2024-07-01T10:45:00Z,SEDENTARY,Fitbit App
2024-07-01T10:49:00Z,SEDENTARY,Fitbit App
2024-07-01T10:55:00Z,SEDENTARY,Fitbit App
2024-07-01T10:56:00Z,SEDENTARY,Fitbit App
2024-07-01T10:57:00Z,LIGHTLY_ACTIVE,Fitbit App
2024-07-01T10:58:00Z,SEDENTARY,Fitbit App
2024-07-01T10:59:00Z,SEDENTARY,Fitbit App
2024-07-01T11:00:00Z,LIGHTLY_ACTIVE,Fitbit App
2024-07-01T11:01:00Z,SEDENTARY,Fitbit App
2024-07-01T11:02:00Z,SEDENTARY,Fitbit App
2024-07-01T11:03:00Z,SEDENTARY,Fitbit App
2024-07-01T11:04:00Z,SEDENTARY,Fitbit App
2024-07-01T11:05:00Z,LIGHTLY_ACTIVE,Fitbit App
2024-07-01T11:06:00Z,LIGHTLY_ACTIVE,Fitbit App
2024-07-01T11:07:00Z,SEDENTARY,Fitbit App
2024-07-01T11:08:00Z,LIGHTLY_ACTIVE,Fitbit App
2024-07-01T11:09:00Z,SEDENTARY,Fitbit App
2024-07-01T11:13:00Z,SEDENTARY,Fitbit App
2024-07-01T11:15:00Z,SEDENTARY,Fitbit App
2024-07-01T11:18:00Z,SEDENTARY,Fitbit App
2024-07-01T11:19:00Z,SEDENTARY,Fitbit App
2024-07-01T11:24:00Z,SEDENTARY,Fitbit App
2024-07-01T11:29:00Z,LIGHTLY_ACTIVE,Fitbit App
2024-07-01T11:31:00Z,LIGHTLY_ACTIVE,Fitbit App
2024-07-01T11:32:00Z,VERY_ACTIVE,Fitbit App
2024-07-01T11:33:00Z,SEDENTARY,Fitbit App
2024-07-01T11:44:00Z,SEDENTARY,Fitbit App
2024-07-01T11:46:00Z,SEDENTARY,Fitbit App
2024-07-01T11:47:00Z,SEDENTARY,Fitbit App
2024-07-01T11:48:00Z,SEDENTARY,Fitbit App
2024-07-01T11:49:00Z,SEDENTARY,Fitbit App
2024-07-01T11:50:00Z,SEDENTARY,Fitbit App
2024-07-01T11:51:00Z,SEDENTARY,Fitbit App
2024-07-01T11:52:00Z,SEDENTARY,Fitbit App
2024-07-01T11:54:00Z,SEDENTARY,Fitbit App
2024-07-01T11:55:00Z,SEDENTARY,Fitbit App
2024-07-01T11:56:00Z,SEDENTARY,Fitbit App
2024-07-01T11:57:00Z,SEDENTARY,Fitbit App
2024-07-01T12:00:00Z,SEDENTARY,Fitbit App
2024-07-01T12:01:00Z,SEDENTARY,Fitbit App
2024-07-01T12:03:00Z,SEDENTARY,Fitbit App
2024-07-01T12:04:00Z,SEDENTARY,Fitbit App
2024-07-01T12:07:00Z,SEDENTARY,Fitbit App
2024-07-01T12:08:00Z,SEDENTARY,Fitbit App
2024-07-01T12:09:00Z,MODERATELY_ACTIVE,Fitbit App
2024-07-01T12:10:00Z,LIGHTLY_ACTIVE,Fitbit App
2024-07-01T12:11:00Z,VERY_ACTIVE,Fitbit App
2024-07-01T12:12:00Z,VERY_ACTIVE,Fitbit App
2024-07-01T12:13:00Z,VERY_ACTIVE,Fitbit App
2024-07-01T12:14:00Z,VERY_ACTIVE,Fitbit App
2024-07-01T12:15:00Z,LIGHTLY_ACTIVE,Fitbit App
2024-07-01T12:16:00Z,LIGHTLY_ACTIVE,Fitbit App
2024-07-01T12:17:00Z,SEDENTARY,Fitbit App
2024-07-01T12:18:00Z,SEDENTARY,Fitbit App
2024-07-01T12:19:00Z,SEDENTARY,Fitbit App
2024-07-01T12:20:00Z,LIGHTLY_ACTIVE,Fitbit App
2024-07-01T12:21:00Z,LIGHTLY_ACTIVE,Fitbit App
2024-07-01T12:22:00Z,LIGHTLY_ACTIVE,Fitbit App
2024-07-01T12:23:00Z,LIGHTLY_ACTIVE,Fitbit App
2024-07-01T12:24:00Z,SEDENTARY,Fitbit App
2024-07-01T12:25:00Z,SEDENTARY,Fitbit App
2024-07-01T12:26:00Z,SEDENTARY,Fitbit App
2024-07-01T12:27:00Z,SEDENTARY,Fitbit App
2024-07-01T12:28:00Z,SEDENTARY,Fitbit App
2024-07-01T12:29:00Z,LIGHTLY_ACTIVE,Fitbit App
2024-07-01T12:30:00Z,SEDENTARY,Fitbit App
2024-07-01T12:31:00Z,LIGHTLY_ACTIVE,Fitbit App
2024-07-01T12:32:00Z,SEDENTARY,Fitbit App
2024-07-01T12:34:00Z,SEDENTARY,Fitbit App
2024-07-01T12:35:00Z,SEDENTARY,Fitbit App
2024-07-01T12:36:00Z,SEDENTARY,Fitbit App
2024-07-01T12:37:00Z,SEDENTARY,Fitbit App
2024-07-01T12:38:00Z,SEDENTARY,Fitbit App
2024-07-01T12:39:00Z,SEDENTARY,Fitbit App
2024-07-01T12:41:00Z,SEDENTARY,Fitbit App
2024-07-01T12:42:00Z,VERY_ACTIVE,Fitbit App
2024-07-01T12:43:00Z,VERY_ACTIVE,Fitbit App
2024-07-01T12:44:00Z,MODERATELY_ACTIVE,Fitbit App
2024-07-01T12:45:00Z,VERY_ACTIVE,Fitbit App
2024-07-01T12:46:00Z,MODERATELY_ACTIVE,Fitbit App
2024-07-01T12:47:00Z,MODERATELY_ACTIVE,Fitbit App
2024-07-01T12:48:00Z,SEDENTARY,Fitbit App
2024-07-01T12:49:00Z,SEDENTARY,Fitbit App
2024-07-01T12:50:00Z,SEDENTARY,Fitbit App
2024-07-01T12:51:00Z,SEDENTARY,Fitbit App
2024-07-01T12:52:00Z,SEDENTARY,Fitbit App
2024-07-01T12:53:00Z,SEDENTARY,Fitbit App
2024-07-01T12:54:00Z,SEDENTARY,Fitbit App
2024-07-01T12:55:00Z,SEDENTARY,Fitbit App
2024-07-01T12:56:00Z,SEDENTARY,Fitbit App
2024-07-01T12:57:00Z,SEDENTARY,Fitbit App
2024-07-01T12:58:00Z,SEDENTARY,Fitbit App
2024-07-01T12:59:00Z,LIGHTLY_ACTIVE,Fitbit App
2024-07-01T13:00:00Z,LIGHTLY_ACTIVE,Fitbit App
2024-07-01T13:01:00Z,SEDENTARY,Fitbit App
2024-07-01T13:02:00Z,SEDENTARY,Fitbit App
2024-07-01T13:03:00Z,SEDENTARY,Fitbit App
2024-07-01T13:04:00Z,SEDENTARY,Fitbit App
2024-07-01T13:05:00Z,SEDENTARY,Fitbit App
2024-07-01T13:06:00Z,SEDENTARY,Fitbit App
2024-07-01T13:07:00Z,SEDENTARY,Fitbit App
2024-07-01T13:08:00Z,SEDENTARY,Fitbit App
2024-07-01T13:09:00Z,SEDENTARY,Fitbit App
2024-07-01T13:10:00Z,SEDENTARY,Fitbit App
2024-07-01T13:11:00Z,SEDENTARY,Fitbit App
2024-07-01T13:12:00Z,SEDENTARY,Fitbit App
2024-07-01T13:13:00Z,SEDENTARY,Fitbit App
2024-07-01T13:14:00Z,SEDENTARY,Fitbit App
2024-07-01T13:15:00Z,SEDENTARY,Fitbit App
2024-07-01T13:16:00Z,SEDENTARY,Fitbit App
2024-07-01T13:17:00Z,SEDENTARY,Fitbit App
2024-07-01T13:18:00Z,SEDENTARY,Fitbit App
2024-07-01T13:19:00Z,LIGHTLY_ACTIVE,Fitbit App
2024-07-01T13:20:00Z,SEDENTARY,Fitbit App
2024-07-01T13:21:00Z,SEDENTARY,Fitbit App
2024-07-01T13:23:00Z,SEDENTARY,Fitbit App
2024-07-01T13:24:00Z,SEDENTARY,Fitbit App
2024-07-01T13:25:00Z,LIGHTLY_ACTIVE,Fitbit App
2024-07-01T13:26:00Z,LIGHTLY_ACTIVE,Fitbit App
2024-07-01T13:27:00Z,LIGHTLY_ACTIVE,Fitbit App
2024-07-01T13:28:00Z,SEDENTARY,Fitbit App
2024-07-01T13:29:00Z,SEDENTARY,Fitbit App
2024-07-01T13:30:00Z,SEDENTARY,Fitbit App
2024-07-01T13:31:00Z,LIGHTLY_ACTIVE,Fitbit App
2024-07-01T13:32:00Z,SEDENTARY,Fitbit App
2024-07-01T13:33:00Z,LIGHTLY_ACTIVE,Fitbit App
2024-07-01T13:34:00Z,LIGHTLY_ACTIVE,Fitbit App
2024-07-01T13:35:00Z,SEDENTARY,Fitbit App
2024-07-01T13:36:00Z,SEDENTARY,Fitbit App
2024-07-01T13:37:00Z,LIGHTLY_ACTIVE,Fitbit App
2024-07-01T13:38:00Z,MODERATELY_ACTIVE,Fitbit App
2024-07-01T13:39:00Z,VERY_ACTIVE,Fitbit App
2024-07-01T13:40:00Z,SEDENTARY,Fitbit App
2024-07-01T13:41:00Z,MODERATELY_ACTIVE,Fitbit App
2024-07-01T13:42:00Z,VERY_ACTIVE,Fitbit App
2024-07-01T13:43:00Z,MODERATELY_ACTIVE,Fitbit App
2024-07-01T13:44:00Z,LIGHTLY_ACTIVE,Fitbit App
2024-07-01T13:45:00Z,LIGHTLY_ACTIVE,Fitbit App
2024-07-01T13:46:00Z,SEDENTARY,Fitbit App
2024-07-01T13:47:00Z,LIGHTLY_ACTIVE,Fitbit App
2024-07-01T13:48:00Z,MODERATELY_ACTIVE,Fitbit App
2024-07-01T13:49:00Z,VERY_ACTIVE,Fitbit App
2024-07-01T13:50:00Z,LIGHTLY_ACTIVE,Fitbit App
2024-07-01T13:51:00Z,LIGHTLY_ACTIVE,Fitbit App
2024-07-01T13:52:00Z,SEDENTARY,Fitbit App
2024-07-01T13:53:00Z,SEDENTARY,Fitbit App
2024-07-01T13:54:00Z,SEDENTARY,Fitbit App
2024-07-01T13:55:00Z,SEDENTARY,Fitbit App
2024-07-01T13:56:00Z,SEDENTARY,Fitbit App
2024-07-01T13:57:00Z,SEDENTARY,Fitbit App
2024-07-01T13:58:00Z,LIGHTLY_ACTIVE,Fitbit App
2024-07-01T13:59:00Z,MODERATELY_ACTIVE,Fitbit App
2024-07-01T14:00:00Z,SEDENTARY,Fitbit App
2024-07-01T14:01:00Z,LIGHTLY_ACTIVE,Fitbit App
2024-07-01T14:02:00Z,VERY_ACTIVE,Fitbit App
2024-07-01T14:03:00Z,VERY_ACTIVE,Fitbit App
2024-07-01T14:04:00Z,VERY_ACTIVE,Fitbit App
2024-07-01T14:05:00Z,MODERATELY_ACTIVE,Fitbit App
2024-07-01T14:06:00Z,LIGHTLY_ACTIVE,Fitbit App
2024-07-01T14:07:00Z,LIGHTLY_ACTIVE,Fitbit App
2024-07-01T14:08:00Z,SEDENTARY,Fitbit App
2024-07-01T14:09:00Z,LIGHTLY_ACTIVE,Fitbit App
2024-07-01T14:10:00Z,SEDENTARY,Fitbit App
2024-07-01T14:11:00Z,SEDENTARY,Fitbit App
2024-07-01T14:12:00Z,SEDENTARY,Fitbit App
2024-07-01T14:13:00Z,SEDENTARY,Fitbit App
2024-07-01T14:14:00Z,SEDENTARY,Fitbit App
2024-07-01T14:15:00Z,LIGHTLY_ACTIVE,Fitbit App
2024-07-01T14:16:00Z,SEDENTARY,Fitbit App
2024-07-01T14:17:00Z,SEDENTARY,Fitbit App
2024-07-01T14:22:00Z,SEDENTARY,Fitbit App
2024-07-01T14:26:00Z,SEDENTARY,Fitbit App
2024-07-01T14:29:00Z,SEDENTARY,Fitbit App
2024-07-01T14:30:00Z,SEDENTARY,Fitbit App
2024-07-01T14:31:00Z,SEDENTARY,Fitbit App
2024-07-01T14:32:00Z,SEDENTARY,Fitbit App
2024-07-01T14:33:00Z,SEDENTARY,Fitbit App
2024-07-01T14:34:00Z,SEDENTARY,Fitbit App
2024-07-01T14:35:00Z,LIGHTLY_ACTIVE,Fitbit App
2024-07-01T14:36:00Z,LIGHTLY_ACTIVE,Fitbit App
2024-07-01T14:37:00Z,SEDENTARY,Fitbit App
2024-07-01T14:38:00Z,SEDENTARY,Fitbit App
2024-07-01T14:41:00Z,SEDENTARY,Fitbit App
2024-07-01T14:45:00Z,SEDENTARY,Fitbit App
2024-07-01T14:46:00Z,SEDENTARY,Fitbit App
2024-07-01T14:48:00Z,SEDENTARY,Fitbit App
2024-07-01T14:49:00Z,SEDENTARY,Fitbit App
2024-07-01T14:50:00Z,SEDENTARY,Fitbit App
2024-07-01T14:51:00Z,SEDENTARY,Fitbit App
2024-07-01T14:53:00Z,SEDENTARY,Fitbit App
2024-07-01T14:54:00Z,SEDENTARY,Fitbit App
2024-07-01T14:55:00Z,SEDENTARY,Fitbit App
2024-07-01T14:56:00Z,SEDENTARY,Fitbit App
2024-07-01T15:01:00Z,SEDENTARY,Fitbit App
2024-07-01T15:06:00Z,LIGHTLY_ACTIVE,Fitbit App
2024-07-01T15:10:00Z,SEDENTARY,Fitbit App
2024-07-01T15:11:00Z,LIGHTLY_ACTIVE,Fitbit App
2024-07-01T15:12:00Z,SEDENTARY,Fitbit App
2024-07-01T15:13:00Z,SEDENTARY,Fitbit App
2024-07-01T15:15:00Z,SEDENTARY,Fitbit App
2024-07-01T15:19:00Z,SEDENTARY,Fitbit App
2024-07-01T15:24:00Z,SEDENTARY,Fitbit App
2024-07-01T15:25:00Z,SEDENTARY,Fitbit App
2024-07-01T15:27:00Z,SEDENTARY,Fitbit App
2024-07-01T15:29:00Z,LIGHTLY_ACTIVE,Fitbit App
2024-07-01T15:30:00Z,SEDENTARY,Fitbit App
2024-07-01T15:31:00Z,SEDENTARY,Fitbit App
2024-07-01T15:55:00Z,SEDENTARY,Fitbit App
2024-07-01T16:04:00Z,SEDENTARY,Fitbit App
2024-07-01T16:05:00Z,SEDENTARY,Fitbit App
2024-07-01T16:06:00Z,SEDENTARY,Fitbit App
2024-07-01T16:07:00Z,LIGHTLY_ACTIVE,Fitbit App
2024-07-01T16:08:00Z,SEDENTARY,Fitbit App
2024-07-01T16:09:00Z,SEDENTARY,Fitbit App
2024-07-01T16:10:00Z,SEDENTARY,Fitbit App
2024-07-01T16:11:00Z,SEDENTARY,Fitbit App
2024-07-01T16:12:00Z,SEDENTARY,Fitbit App
2024-07-01T16:13:00Z,SEDENTARY,Fitbit App
2024-07-01T16:14:00Z,SEDENTARY,Fitbit App
2024-07-01T16:15:00Z,SEDENTARY,Fitbit App
2024-07-01T16:16:00Z,SEDENTARY,Fitbit App
2024-07-01T16:21:00Z,SEDENTARY,Fitbit App
2024-07-01T16:22:00Z,SEDENTARY,Fitbit App
2024-07-01T16:23:00Z,SEDENTARY,Fitbit App
2024-07-01T16:25:00Z,SEDENTARY,Fitbit App
2024-07-01T16:28:00Z,SEDENTARY,Fitbit App
2024-07-01T16:29:00Z,SEDENTARY,Fitbit App
2024-07-01T16:30:00Z,SEDENTARY,Fitbit App
2024-07-01T16:34:00Z,SEDENTARY,Fitbit App
2024-07-01T16:35:00Z,SEDENTARY,Fitbit App
2024-07-01T16:36:00Z,SEDENTARY,Fitbit App
2024-07-01T16:37:00Z,SEDENTARY,Fitbit App
2024-07-01T16:38:00Z,SEDENTARY,Fitbit App
2024-07-01T16:39:00Z,SEDENTARY,Fitbit App
2024-07-01T16:40:00Z,SEDENTARY,Fitbit App
2024-07-01T16:41:00Z,SEDENTARY,Fitbit App
2024-07-01T16:45:00Z,SEDENTARY,Fitbit App
2024-07-01T16:46:00Z,SEDENTARY,Fitbit App
2024-07-01T16:48:00Z,SEDENTARY,Fitbit App
2024-07-01T16:57:00Z,SEDENTARY,Fitbit App
2024-07-01T16:58:00Z,SEDENTARY,Fitbit App
2024-07-01T16:59:00Z,SEDENTARY,Fitbit App
2024-07-01T17:00:00Z,SEDENTARY,Fitbit App
2024-07-01T17:01:00Z,SEDENTARY,Fitbit App
2024-07-01T17:03:00Z,SEDENTARY,Fitbit App
2024-07-01T17:04:00Z,SEDENTARY,Fitbit App
2024-07-01T17:05:00Z,SEDENTARY,Fitbit App
2024-07-01T17:06:00Z,SEDENTARY,Fitbit App
2024-07-01T17:07:00Z,SEDENTARY,Fitbit App
2024-07-01T17:08:00Z,LIGHTLY_ACTIVE,Fitbit App
2024-07-01T17:09:00Z,LIGHTLY_ACTIVE,Fitbit App
2024-07-01T17:10:00Z,LIGHTLY_ACTIVE,Fitbit App
2024-07-01T17:11:00Z,LIGHTLY_ACTIVE,Fitbit App
2024-07-01T17:12:00Z,LIGHTLY_ACTIVE,Fitbit App
2024-07-01T17:13:00Z,LIGHTLY_ACTIVE,Fitbit App
2024-07-01T17:14:00Z,LIGHTLY_ACTIVE,Fitbit App
2024-07-01T17:15:00Z,LIGHTLY_ACTIVE,Fitbit App
2024-07-01T17:16:00Z,LIGHTLY_ACTIVE,Fitbit App
2024-07-01T17:17:00Z,MODERATELY_ACTIVE,Fitbit App
2024-07-01T17:18:00Z,VERY_ACTIVE,Fitbit App
2024-07-01T17:19:00Z,MODERATELY_ACTIVE,Fitbit App
2024-07-01T17:20:00Z,LIGHTLY_ACTIVE,Fitbit App
2024-07-01T17:21:00Z,MODERATELY_ACTIVE,Fitbit App
2024-07-01T17:22:00Z,LIGHTLY_ACTIVE,Fitbit App
2024-07-01T17:23:00Z,LIGHTLY_ACTIVE,Fitbit App
2024-07-01T17:24:00Z,LIGHTLY_ACTIVE,Fitbit App
2024-07-01T17:25:00Z,LIGHTLY_ACTIVE,Fitbit App
2024-07-01T17:26:00Z,SEDENTARY,Fitbit App
2024-07-01T17:27:00Z,SEDENTARY,Fitbit App
2024-07-01T17:28:00Z,SEDENTARY,Fitbit App
2024-07-01T17:29:00Z,LIGHTLY_ACTIVE,Fitbit App
2024-07-01T17:30:00Z,LIGHTLY_ACTIVE,Fitbit App
2024-07-01T17:31:00Z,LIGHTLY_ACTIVE,Fitbit App
2024-07-01T17:32:00Z,SEDENTARY,Fitbit App
2024-07-01T17:33:00Z,SEDENTARY,Fitbit App
2024-07-01T17:34:00Z,LIGHTLY_ACTIVE,Fitbit App
2024-07-01T17:35:00Z,SEDENTARY,Fitbit App
2024-07-01T17:36:00Z,SEDENTARY,Fitbit App
2024-07-01T17:37:00Z,SEDENTARY,Fitbit App
2024-07-01T17:39:00Z,SEDENTARY,Fitbit App
2024-07-01T17:40:00Z,SEDENTARY,Fitbit App
2024-07-01T17:41:00Z,SEDENTARY,Fitbit App
2024-07-01T17:43:00Z,SEDENTARY,Fitbit App
2024-07-01T17:45:00Z,SEDENTARY,Fitbit App
2024-07-01T17:46:00Z,SEDENTARY,Fitbit App
2024-07-01T17:47:00Z,SEDENTARY,Fitbit App
2024-07-01T17:48:00Z,SEDENTARY,Fitbit App
2024-07-01T17:49:00Z,SEDENTARY,Fitbit App
2024-07-01T17:50:00Z,SEDENTARY,Fitbit App
2024-07-01T17:59:00Z,SEDENTARY,Fitbit App
2024-07-01T18:02:00Z,SEDENTARY,Fitbit App
2024-07-01T18:06:00Z,SEDENTARY,Fitbit App
2024-07-01T18:07:00Z,SEDENTARY,Fitbit App
2024-07-01T18:08:00Z,SEDENTARY,Fitbit App
2024-07-01T18:13:00Z,LIGHTLY_ACTIVE,Fitbit App
2024-07-01T18:14:00Z,LIGHTLY_ACTIVE,Fitbit App
2024-07-01T18:15:00Z,SEDENTARY,Fitbit App
2024-07-01T18:16:00Z,SEDENTARY,Fitbit App
2024-07-01T18:18:00Z,LIGHTLY_ACTIVE,Fitbit App
2024-07-01T18:19:00Z,LIGHTLY_ACTIVE,Fitbit App
2024-07-01T18:20:00Z,SEDENTARY,Fitbit App
2024-07-01T18:25:00Z,LIGHTLY_ACTIVE,Fitbit App
2024-07-01T18:27:00Z,SEDENTARY,Fitbit App
2024-07-01T18:31:00Z,SEDENTARY,Fitbit App
2024-07-01T18:34:00Z,SEDENTARY,Fitbit App
2024-07-01T18:35:00Z,LIGHTLY_ACTIVE,Fitbit App
2024-07-01T18:36:00Z,SEDENTARY,Fitbit App
2024-07-01T18:37:00Z,MODERATELY_ACTIVE,Fitbit App
2024-07-01T18:38:00Z,MODERATELY_ACTIVE,Fitbit App
2024-07-01T18:39:00Z,MODERATELY_ACTIVE,Fitbit App
2024-07-01T18:40:00Z,LIGHTLY_ACTIVE,Fitbit App
2024-07-01T18:41:00Z,LIGHTLY_ACTIVE,Fitbit App
2024-07-01T18:42:00Z,LIGHTLY_ACTIVE,Fitbit App
2024-07-01T18:43:00Z,SEDENTARY,Fitbit App
2024-07-01T18:44:00Z,LIGHTLY_ACTIVE,Fitbit App
2024-07-01T18:45:00Z,LIGHTLY_ACTIVE,Fitbit App
2024-07-01T18:46:00Z,LIGHTLY_ACTIVE,Fitbit App
2024-07-01T18:47:00Z,LIGHTLY_ACTIVE,Fitbit App
2024-07-01T18:48:00Z,LIGHTLY_ACTIVE,Fitbit App
2024-07-01T18:49:00Z,VERY_ACTIVE,Fitbit App
2024-07-01T18:50:00Z,VERY_ACTIVE,Fitbit App
2024-07-01T18:51:00Z,VERY_ACTIVE,Fitbit App
2024-07-01T18:52:00Z,VERY_ACTIVE,Fitbit App
2024-07-01T18:53:00Z,LIGHTLY_ACTIVE,Fitbit App
2024-07-01T18:54:00Z,MODERATELY_ACTIVE,Fitbit App
2024-07-01T18:55:00Z,MODERATELY_ACTIVE,Fitbit App
2024-07-01T18:56:00Z,MODERATELY_ACTIVE,Fitbit App
2024-07-01T18:57:00Z,MODERATELY_ACTIVE,Fitbit App
2024-07-01T18:58:00Z,VERY_ACTIVE,Fitbit App
2024-07-01T18:59:00Z,VERY_ACTIVE,Fitbit App
2024-07-01T19:00:00Z,VERY_ACTIVE,Fitbit App
2024-07-01T19:01:00Z,MODERATELY_ACTIVE,Fitbit App
2024-07-01T19:02:00Z,LIGHTLY_ACTIVE,Fitbit App
2024-07-01T19:03:00Z,LIGHTLY_ACTIVE,Fitbit App
2024-07-01T19:04:00Z,SEDENTARY,Fitbit App
2024-07-01T19:05:00Z,SEDENTARY,Fitbit App
2024-07-01T19:06:00Z,SEDENTARY,Fitbit App
2024-07-01T19:07:00Z,SEDENTARY,Fitbit App
2024-07-01T19:08:00Z,SEDENTARY,Fitbit App
2024-07-01T19:09:00Z,SEDENTARY,Fitbit App
2024-07-01T19:10:00Z,SEDENTARY,Fitbit App
2024-07-01T19:12:00Z,SEDENTARY,Fitbit App
2024-07-01T19:13:00Z,LIGHTLY_ACTIVE,Fitbit App
2024-07-01T19:14:00Z,LIGHTLY_ACTIVE,Fitbit App
2024-07-01T19:15:00Z,SEDENTARY,Fitbit App
2024-07-01T19:16:00Z,LIGHTLY_ACTIVE,Fitbit App
2024-07-01T19:17:00Z,LIGHTLY_ACTIVE,Fitbit App
2024-07-01T19:18:00Z,LIGHTLY_ACTIVE,Fitbit App
2024-07-01T19:22:00Z,LIGHTLY_ACTIVE,Fitbit App
2024-07-01T19:23:00Z,LIGHTLY_ACTIVE,Fitbit App
2024-07-01T19:24:00Z,SEDENTARY,Fitbit App
2024-07-01T19:31:00Z,SEDENTARY,Fitbit App
2024-07-01T19:32:00Z,SEDENTARY,Fitbit App
2024-07-01T19:33:00Z,SEDENTARY,Fitbit App
2024-07-01T19:34:00Z,SEDENTARY,Fitbit App
2024-07-01T19:35:00Z,SEDENTARY,Fitbit App
2024-07-01T19:43:00Z,SEDENTARY,Fitbit App
2024-07-01T19:44:00Z,SEDENTARY,Fitbit App
2024-07-01T19:56:00Z,SEDENTARY,Fitbit App
2024-07-01T19:57:00Z,SEDENTARY,Fitbit App
2024-07-01T20:04:00Z,SEDENTARY,Fitbit App
2024-07-01T20:07:00Z,SEDENTARY,Fitbit App
2024-07-01T20:08:00Z,SEDENTARY,Fitbit App
2024-07-01T20:13:00Z,SEDENTARY,Fitbit App
2024-07-01T20:15:00Z,LIGHTLY_ACTIVE,Fitbit App
2024-07-01T20:16:00Z,SEDENTARY,Fitbit App
2024-07-01T20:17:00Z,SEDENTARY,Fitbit App
2024-07-01T20:18:00Z,LIGHTLY_ACTIVE,Fitbit App
2024-07-01T20:19:00Z,LIGHTLY_ACTIVE,Fitbit App
2024-07-01T20:20:00Z,SEDENTARY,Fitbit App
2024-07-01T20:21:00Z,LIGHTLY_ACTIVE,Fitbit App
2024-07-01T20:22:00Z,SEDENTARY,Fitbit App
2024-07-01T20:24:00Z,SEDENTARY,Fitbit App
2024-07-01T20:27:00Z,SEDENTARY,Fitbit App
2024-07-01T20:28:00Z,SEDENTARY,Fitbit App
2024-07-01T20:32:00Z,SEDENTARY,Fitbit App
2024-07-01T20:37:00Z,SEDENTARY,Fitbit App
2024-07-01T20:38:00Z,SEDENTARY,Fitbit App
2024-07-01T20:46:00Z,LIGHTLY_ACTIVE,Fitbit App
2024-07-01T20:59:00Z,LIGHTLY_ACTIVE,Fitbit App
2024-07-01T21:00:00Z,SEDENTARY,Fitbit App
2024-07-01T21:01:00Z,LIGHTLY_ACTIVE,Fitbit App
2024-07-01T21:02:00Z,SEDENTARY,Fitbit App
2024-07-01T21:03:00Z,SEDENTARY,Fitbit App
2024-07-01T21:04:00Z,SEDENTARY,Fitbit App
2024-07-01T21:44:00Z,SEDENTARY,Fitbit App
2024-07-01T22:28:00Z,SEDENTARY,Fitbit App
2024-07-02T01:03:00Z,SEDENTARY,Fitbit App
2024-07-02T01:37:00Z,SEDENTARY,Fitbit App
2024-07-02T01:45:00Z,SEDENTARY,Fitbit App
2024-07-02T02:30:00Z,SEDENTARY,Fitbit App
2024-07-02T02:40:00Z,LIGHTLY_ACTIVE,Fitbit App
2024-07-02T02:49:00Z,LIGHTLY_ACTIVE,Fitbit App
2024-07-02T03:35:00Z,SEDENTARY,Fitbit App
2024-07-02T04:07:00Z,SEDENTARY,Fitbit App
2024-07-02T04:44:00Z,SEDENTARY,Fitbit App
2024-07-02T04:49:00Z,SEDENTARY,Fitbit App
2024-07-02T04:56:00Z,SEDENTARY,Fitbit App
2024-07-02T04:58:00Z,LIGHTLY_ACTIVE,Fitbit App
2024-07-02T04:59:00Z,SEDENTARY,Fitbit App
2024-07-02T05:00:00Z,SEDENTARY,Fitbit App
2024-07-02T05:01:00Z,SEDENTARY,Fitbit App
2024-07-02T05:06:00Z,SEDENTARY,Fitbit App
2024-07-02T05:10:00Z,SEDENTARY,Fitbit App
2024-07-02T05:11:00Z,SEDENTARY,Fitbit App
2024-07-02T05:12:00Z,LIGHTLY_ACTIVE,Fitbit App
2024-07-02T05:20:00Z,LIGHTLY_ACTIVE,Fitbit App
2024-07-02T05:21:00Z,LIGHTLY_ACTIVE,Fitbit App
2024-07-02T05:22:00Z,LIGHTLY_ACTIVE,Fitbit App
2024-07-02T05:23:00Z,SEDENTARY,Fitbit App
2024-07-02T05:24:00Z,SEDENTARY,Fitbit App
2024-07-02T05:25:00Z,SEDENTARY,Fitbit App
2024-07-02T05:26:00Z,SEDENTARY,Fitbit App
2024-07-02T05:27:00Z,LIGHTLY_ACTIVE,Fitbit App
2024-07-02T05:28:00Z,SEDENTARY,Fitbit App
2024-07-02T05:29:00Z,LIGHTLY_ACTIVE,Fitbit App
2024-07-02T05:30:00Z,SEDENTARY,Fitbit App
2024-07-02T05:31:00Z,SEDENTARY,Fitbit App
2024-07-02T05:32:00Z,LIGHTLY_ACTIVE,Fitbit App
2024-07-02T05:33:00Z,SEDENTARY,Fitbit App
2024-07-02T05:34:00Z,SEDENTARY,Fitbit App
2024-07-02T05:35:00Z,LIGHTLY_ACTIVE,Fitbit App
2024-07-02T05:36:00Z,VERY_ACTIVE,Fitbit App
2024-07-02T05:37:00Z,VERY_ACTIVE,Fitbit App
2024-07-02T05:38:00Z,VERY_ACTIVE,Fitbit App
2024-07-02T05:39:00Z,VERY_ACTIVE,Fitbit App
2024-07-02T05:40:00Z,SEDENTARY,Fitbit App
2024-07-02T05:41:00Z,LIGHTLY_ACTIVE,Fitbit App
2024-07-02T05:42:00Z,SEDENTARY,Fitbit App
2024-07-02T05:43:00Z,SEDENTARY,Fitbit App
2024-07-02T05:44:00Z,LIGHTLY_ACTIVE,Fitbit App
2024-07-02T05:45:00Z,MODERATELY_ACTIVE,Fitbit App
2024-07-02T05:46:00Z,VERY_ACTIVE,Fitbit App
2024-07-02T05:47:00Z,VERY_ACTIVE,Fitbit App
2024-07-02T05:48:00Z,VERY_ACTIVE,Fitbit App
2024-07-02T05:49:00Z,VERY_ACTIVE,Fitbit App
2024-07-02T05:50:00Z,VERY_ACTIVE,Fitbit App
2024-07-02T05:51:00Z,MODERATELY_ACTIVE,Fitbit App
2024-07-02T05:52:00Z,LIGHTLY_ACTIVE,Fitbit App
2024-07-02T05:53:00Z,VERY_ACTIVE,Fitbit App
2024-07-02T05:54:00Z,LIGHTLY_ACTIVE,Fitbit App
2024-07-02T05:55:00Z,SEDENTARY,Fitbit App
2024-07-02T05:56:00Z,SEDENTARY,Fitbit App
2024-07-02T05:57:00Z,SEDENTARY,Fitbit App
2024-07-02T05:58:00Z,SEDENTARY,Fitbit App
2024-07-02T05:59:00Z,SEDENTARY,Fitbit App
2024-07-02T06:00:00Z,LIGHTLY_ACTIVE,Fitbit App
2024-07-02T06:01:00Z,SEDENTARY,Fitbit App
2024-07-02T06:03:00Z,SEDENTARY,Fitbit App
2024-07-02T06:06:00Z,SEDENTARY,Fitbit App
2024-07-02T06:07:00Z,SEDENTARY,Fitbit App
2024-07-02T06:26:00Z,SEDENTARY,Fitbit App
2024-07-02T06:29:00Z,SEDENTARY,Fitbit App
2024-07-02T06:30:00Z,SEDENTARY,Fitbit App
2024-07-02T06:32:00Z,SEDENTARY,Fitbit App
2024-07-02T06:33:00Z,SEDENTARY,Fitbit App
2024-07-02T06:34:00Z,SEDENTARY,Fitbit App
2024-07-02T06:35:00Z,SEDENTARY,Fitbit App
2024-07-02T06:36:00Z,SEDENTARY,Fitbit App
2024-07-02T06:37:00Z,SEDENTARY,Fitbit App
2024-07-02T06:38:00Z,SEDENTARY,Fitbit App
2024-07-02T06:39:00Z,SEDENTARY,Fitbit App
2024-07-02T06:40:00Z,SEDENTARY,Fitbit App
2024-07-02T06:41:00Z,SEDENTARY,Fitbit App
2024-07-02T06:45:00Z,SEDENTARY,Fitbit App
2024-07-02T06:46:00Z,SEDENTARY,Fitbit App
2024-07-02T06:47:00Z,SEDENTARY,Fitbit App
2024-07-02T06:48:00Z,SEDENTARY,Fitbit App
2024-07-02T06:49:00Z,SEDENTARY,Fitbit App
2024-07-02T06:50:00Z,SEDENTARY,Fitbit App
2024-07-02T06:51:00Z,SEDENTARY,Fitbit App
2024-07-02T06:52:00Z,SEDENTARY,Fitbit App
2024-07-02T06:54:00Z,SEDENTARY,Fitbit App
2024-07-02T06:56:00Z,SEDENTARY,Fitbit App
2024-07-02T06:57:00Z,SEDENTARY,Fitbit App
2024-07-02T06:58:00Z,SEDENTARY,Fitbit App
2024-07-02T06:59:00Z,SEDENTARY,Fitbit App
2024-07-02T07:00:00Z,SEDENTARY,Fitbit App
2024-07-02T07:01:00Z,SEDENTARY,Fitbit App
2024-07-02T07:02:00Z,SEDENTARY,Fitbit App
2024-07-02T07:03:00Z,SEDENTARY,Fitbit App
2024-07-02T07:04:00Z,SEDENTARY,Fitbit App
2024-07-02T07:13:00Z,SEDENTARY,Fitbit App
2024-07-02T07:14:00Z,SEDENTARY,Fitbit App
2024-07-02T07:19:00Z,SEDENTARY,Fitbit App
2024-07-02T07:20:00Z,SEDENTARY,Fitbit App
2024-07-02T07:22:00Z,SEDENTARY,Fitbit App
2024-07-02T07:23:00Z,SEDENTARY,Fitbit App
2024-07-02T07:25:00Z,SEDENTARY,Fitbit App
2024-07-02T07:37:00Z,LIGHTLY_ACTIVE,Fitbit App
2024-07-02T07:38:00Z,SEDENTARY,Fitbit App
2024-07-02T07:40:00Z,SEDENTARY,Fitbit App
2024-07-02T07:41:00Z,SEDENTARY,Fitbit App
2024-07-02T07:45:00Z,SEDENTARY,Fitbit App
2024-07-02T07:49:00Z,SEDENTARY,Fitbit App
2024-07-02T07:50:00Z,SEDENTARY,Fitbit App
2024-07-02T07:51:00Z,SEDENTARY,Fitbit App
2024-07-02T07:52:00Z,SEDENTARY,Fitbit App
2024-07-02T07:53:00Z,SEDENTARY,Fitbit App
2024-07-02T07:59:00Z,SEDENTARY,Fitbit App
2024-07-02T08:00:00Z,LIGHTLY_ACTIVE,Fitbit App
2024-07-02T08:01:00Z,SEDENTARY,Fitbit App
2024-07-02T08:03:00Z,SEDENTARY,Fitbit App
2024-07-02T08:08:00Z,SEDENTARY,Fitbit App
2024-07-02T08:21:00Z,SEDENTARY,Fitbit App
2024-07-02T08:24:00Z,SEDENTARY,Fitbit App
2024-07-02T08:33:00Z,LIGHTLY_ACTIVE,Fitbit App
2024-07-02T08:34:00Z,LIGHTLY_ACTIVE,Fitbit App
2024-07-02T08:35:00Z,SEDENTARY,Fitbit App
2024-07-02T08:47:00Z,SEDENTARY,Fitbit App
2024-07-02T08:48:00Z,SEDENTARY,Fitbit App
2024-07-02T08:49:00Z,SEDENTARY,Fitbit App
2024-07-02T08:51:00Z,SEDENTARY,Fitbit App
2024-07-02T08:52:00Z,SEDENTARY,Fitbit App
2024-07-02T09:00:00Z,SEDENTARY,Fitbit App
2024-07-02T09:02:00Z,SEDENTARY,Fitbit App
2024-07-02T09:09:00Z,SEDENTARY,Fitbit App
2024-07-02T09:10:00Z,SEDENTARY,Fitbit App
2024-07-02T09:11:00Z,SEDENTARY,Fitbit App
2024-07-02T09:12:00Z,SEDENTARY,Fitbit App
2024-07-02T09:13:00Z,SEDENTARY,Fitbit App
2024-07-02T09:14:00Z,SEDENTARY,Fitbit App
2024-07-02T09:15:00Z,SEDENTARY,Fitbit App
2024-07-02T09:16:00Z,SEDENTARY,Fitbit App
2024-07-02T09:17:00Z,SEDENTARY,Fitbit App
2024-07-02T09:19:00Z,SEDENTARY,Fitbit App
2024-07-02T09:25:00Z,SEDENTARY,Fitbit App
2024-07-02T09:27:00Z,LIGHTLY_ACTIVE,Fitbit App
2024-07-02T09:28:00Z,LIGHTLY_ACTIVE,Fitbit App
2024-07-02T09:29:00Z,LIGHTLY_ACTIVE,Fitbit App
2024-07-02T09:30:00Z,LIGHTLY_ACTIVE,Fitbit App
2024-07-02T09:31:00Z,SEDENTARY,Fitbit App
2024-07-02T09:32:00Z,SEDENTARY,Fitbit App
2024-07-02T09:33:00Z,LIGHTLY_ACTIVE,Fitbit App
2024-07-02T09:34:00Z,LIGHTLY_ACTIVE,Fitbit App
2024-07-02T09:35:00Z,LIGHTLY_ACTIVE,Fitbit App
2024-07-02T09:36:00Z,SEDENTARY,Fitbit App
2024-07-02T09:37:00Z,LIGHTLY_ACTIVE,Fitbit App
2024-07-02T09:38:00Z,MODERATELY_ACTIVE,Fitbit App
2024-07-02T09:39:00Z,MODERATELY_ACTIVE,Fitbit App
2024-07-02T09:40:00Z,VERY_ACTIVE,Fitbit App
2024-07-02T09:41:00Z,VERY_ACTIVE,Fitbit App
2024-07-02T09:42:00Z,VERY_ACTIVE,Fitbit App
2024-07-02T09:43:00Z,VERY_ACTIVE,Fitbit App
2024-07-02T09:44:00Z,VERY_ACTIVE,Fitbit App
2024-07-02T09:45:00Z,VERY_ACTIVE,Fitbit App
2024-07-02T09:46:00Z,VERY_ACTIVE,Fitbit App
2024-07-02T09:47:00Z,VERY_ACTIVE,Fitbit App
2024-07-02T09:48:00Z,VERY_ACTIVE,Fitbit App
2024-07-02T09:49:00Z,SEDENTARY,Fitbit App
2024-07-02T09:50:00Z,SEDENTARY,Fitbit App
2024-07-02T09:51:00Z,VERY_ACTIVE,Fitbit App
2024-07-02T09:52:00Z,VERY_ACTIVE,Fitbit App
2024-07-02T09:53:00Z,VERY_ACTIVE,Fitbit App
2024-07-02T09:54:00Z,VERY_ACTIVE,Fitbit App
2024-07-02T09:55:00Z,VERY_ACTIVE,Fitbit App
2024-07-02T09:56:00Z,VERY_ACTIVE,Fitbit App
2024-07-02T09:57:00Z,VERY_ACTIVE,Fitbit App
2024-07-02T09:58:00Z,LIGHTLY_ACTIVE,Fitbit App
2024-07-02T09:59:00Z,SEDENTARY,Fitbit App
2024-07-02T10:00:00Z,SEDENTARY,Fitbit App
2024-07-02T10:01:00Z,SEDENTARY,Fitbit App
2024-07-02T10:02:00Z,SEDENTARY,Fitbit App
2024-07-02T10:03:00Z,LIGHTLY_ACTIVE,Fitbit App
2024-07-02T10:04:00Z,MODERATELY_ACTIVE,Fitbit App
2024-07-02T10:05:00Z,MODERATELY_ACTIVE,Fitbit App
2024-07-02T10:06:00Z,MODERATELY_ACTIVE,Fitbit App
2024-07-02T10:07:00Z,LIGHTLY_ACTIVE,Fitbit App
2024-07-02T10:08:00Z,LIGHTLY_ACTIVE,Fitbit App
2024-07-02T10:09:00Z,VERY_ACTIVE,Fitbit App
2024-07-02T10:10:00Z,LIGHTLY_ACTIVE,Fitbit App
2024-07-02T10:11:00Z,SEDENTARY,Fitbit App
2024-07-02T10:12:00Z,SEDENTARY,Fitbit App
2024-07-02T10:13:00Z,SEDENTARY,Fitbit App
2024-07-02T10:14:00Z,SEDENTARY,Fitbit App
2024-07-02T10:15:00Z,SEDENTARY,Fitbit App
2024-07-02T10:16:00Z,SEDENTARY,Fitbit App
2024-07-02T10:17:00Z,SEDENTARY,Fitbit App
2024-07-02T10:18:00Z,SEDENTARY,Fitbit App
2024-07-02T10:19:00Z,SEDENTARY,Fitbit App
2024-07-02T10:20:00Z,SEDENTARY,Fitbit App
2024-07-02T10:21:00Z,SEDENTARY,Fitbit App
2024-07-02T10:22:00Z,SEDENTARY,Fitbit App
2024-07-02T10:23:00Z,LIGHTLY_ACTIVE,Fitbit App
2024-07-02T10:24:00Z,SEDENTARY,Fitbit App
2024-07-02T10:25:00Z,SEDENTARY,Fitbit App
2024-07-02T10:26:00Z,SEDENTARY,Fitbit App
2024-07-02T10:27:00Z,SEDENTARY,Fitbit App
2024-07-02T10:28:00Z,SEDENTARY,Fitbit App
2024-07-02T10:29:00Z,SEDENTARY,Fitbit App
2024-07-02T10:30:00Z,MODERATELY_ACTIVE,Fitbit App
2024-07-02T10:31:00Z,LIGHTLY_ACTIVE,Fitbit App
2024-07-02T10:32:00Z,SEDENTARY,Fitbit App
2024-07-02T10:33:00Z,SEDENTARY,Fitbit App
2024-07-02T10:34:00Z,SEDENTARY,Fitbit App
2024-07-02T10:35:00Z,SEDENTARY,Fitbit App
2024-07-02T10:36:00Z,LIGHTLY_ACTIVE,Fitbit App
2024-07-02T10:37:00Z,LIGHTLY_ACTIVE,Fitbit App
2024-07-02T10:38:00Z,LIGHTLY_ACTIVE,Fitbit App
2024-07-02T10:39:00Z,LIGHTLY_ACTIVE,Fitbit App
2024-07-02T10:40:00Z,MODERATELY_ACTIVE,Fitbit App
2024-07-02T10:41:00Z,MODERATELY_ACTIVE,Fitbit App
2024-07-02T10:42:00Z,SEDENTARY,Fitbit App
2024-07-02T10:43:00Z,SEDENTARY,Fitbit App
2024-07-02T10:44:00Z,SEDENTARY,Fitbit App
2024-07-02T10:45:00Z,SEDENTARY,Fitbit App
2024-07-02T10:46:00Z,SEDENTARY,Fitbit App
2024-07-02T10:47:00Z,SEDENTARY,Fitbit App
2024-07-02T10:48:00Z,SEDENTARY,Fitbit App
2024-07-02T10:49:00Z,SEDENTARY,Fitbit App
2024-07-02T10:50:00Z,LIGHTLY_ACTIVE,Fitbit App
2024-07-02T10:51:00Z,SEDENTARY,Fitbit App
2024-07-02T10:52:00Z,SEDENTARY,Fitbit App
2024-07-02T10:53:00Z,SEDENTARY,Fitbit App
2024-07-02T10:54:00Z,LIGHTLY_ACTIVE,Fitbit App
2024-07-02T10:55:00Z,SEDENTARY,Fitbit App
2024-07-02T10:56:00Z,SEDENTARY,Fitbit App
2024-07-02T10:57:00Z,SEDENTARY,Fitbit App
2024-07-02T10:58:00Z,LIGHTLY_ACTIVE,Fitbit App
2024-07-02T10:59:00Z,LIGHTLY_ACTIVE,Fitbit App
2024-07-02T11:00:00Z,MODERATELY_ACTIVE,Fitbit App
2024-07-02T11:01:00Z,VERY_ACTIVE,Fitbit App
2024-07-02T11:02:00Z,VERY_ACTIVE,Fitbit App
2024-07-02T11:03:00Z,VERY_ACTIVE,Fitbit App
2024-07-02T11:04:00Z,LIGHTLY_ACTIVE,Fitbit App
2024-07-02T11:05:00Z,MODERATELY_ACTIVE,Fitbit App
2024-07-02T11:06:00Z,SEDENTARY,Fitbit App
2024-07-02T11:07:00Z,SEDENTARY,Fitbit App
2024-07-02T11:08:00Z,SEDENTARY,Fitbit App
2024-07-02T11:09:00Z,SEDENTARY,Fitbit App
2024-07-02T11:10:00Z,SEDENTARY,Fitbit App
2024-07-02T11:11:00Z,SEDENTARY,Fitbit App
2024-07-02T11:12:00Z,SEDENTARY,Fitbit App
2024-07-02T11:13:00Z,SEDENTARY,Fitbit App
2024-07-02T11:14:00Z,SEDENTARY,Fitbit App
2024-07-02T11:15:00Z,SEDENTARY,Fitbit App
2024-07-02T11:16:00Z,SEDENTARY,Fitbit App
2024-07-02T11:17:00Z,SEDENTARY,Fitbit App
2024-07-02T11:18:00Z,SEDENTARY,Fitbit App
2024-07-02T11:19:00Z,SEDENTARY,Fitbit App
2024-07-02T11:20:00Z,SEDENTARY,Fitbit App
2024-07-02T11:21:00Z,SEDENTARY,Fitbit App
2024-07-02T11:22:00Z,SEDENTARY,Fitbit App
2024-07-02T11:23:00Z,SEDENTARY,Fitbit App
2024-07-02T11:24:00Z,SEDENTARY,Fitbit App
2024-07-02T11:25:00Z,SEDENTARY,Fitbit App
2024-07-02T11:26:00Z,SEDENTARY,Fitbit App
2024-07-02T11:27:00Z,SEDENTARY,Fitbit App
2024-07-02T11:28:00Z,SEDENTARY,Fitbit App
2024-07-02T11:29:00Z,SEDENTARY,Fitbit App
2024-07-02T11:30:00Z,SEDENTARY,Fitbit App
2024-07-02T11:31:00Z,SEDENTARY,Fitbit App
2024-07-02T11:32:00Z,SEDENTARY,Fitbit App
2024-07-02T11:33:00Z,SEDENTARY,Fitbit App
2024-07-02T11:34:00Z,SEDENTARY,Fitbit App
2024-07-02T11:35:00Z,SEDENTARY,Fitbit App
2024-07-02T11:36:00Z,SEDENTARY,Fitbit App
2024-07-02T11:37:00Z,SEDENTARY,Fitbit App
2024-07-02T11:38:00Z,SEDENTARY,Fitbit App
2024-07-02T11:39:00Z,SEDENTARY,Fitbit App
2024-07-02T11:40:00Z,SEDENTARY,Fitbit App
2024-07-02T11:41:00Z,SEDENTARY,Fitbit App
2024-07-02T11:42:00Z,SEDENTARY,Fitbit App
2024-07-02T11:43:00Z,SEDENTARY,Fitbit App
2024-07-02T11:44:00Z,SEDENTARY,Fitbit App
2024-07-02T11:45:00Z,SEDENTARY,Fitbit App
2024-07-02T11:46:00Z,SEDENTARY,Fitbit App
2024-07-02T11:47:00Z,LIGHTLY_ACTIVE,Fitbit App
2024-07-02T11:48:00Z,SEDENTARY,Fitbit App
2024-07-02T11:49:00Z,SEDENTARY,Fitbit App
2024-07-02T11:50:00Z,LIGHTLY_ACTIVE,Fitbit App
2024-07-02T11:51:00Z,LIGHTLY_ACTIVE,Fitbit App
2024-07-02T11:52:00Z,LIGHTLY_ACTIVE,Fitbit App
2024-07-02T12:10:00Z,LIGHTLY_ACTIVE,Fitbit App
2024-07-02T12:11:00Z,SEDENTARY,Fitbit App
2024-07-02T12:12:00Z,SEDENTARY,Fitbit App
2024-07-02T12:13:00Z,SEDENTARY,Fitbit App
2024-07-02T12:14:00Z,SEDENTARY,Fitbit App
2024-07-02T12:15:00Z,SEDENTARY,Fitbit App
2024-07-02T12:16:00Z,SEDENTARY,Fitbit App
2024-07-02T12:17:00Z,SEDENTARY,Fitbit App
2024-07-02T12:18:00Z,SEDENTARY,Fitbit App
2024-07-02T12:19:00Z,SEDENTARY,Fitbit App
2024-07-02T12:20:00Z,SEDENTARY,Fitbit App
2024-07-02T12:21:00Z,SEDENTARY,Fitbit App
2024-07-02T12:22:00Z,SEDENTARY,Fitbit App
2024-07-02T12:23:00Z,SEDENTARY,Fitbit App
2024-07-02T12:24:00Z,SEDENTARY,Fitbit App
2024-07-02T12:25:00Z,SEDENTARY,Fitbit App
2024-07-02T12:26:00Z,SEDENTARY,Fitbit App
2024-07-02T12:27:00Z,SEDENTARY,Fitbit App
2024-07-02T12:28:00Z,SEDENTARY,Fitbit App
2024-07-02T12:29:00Z,SEDENTARY,Fitbit App
2024-07-02T12:30:00Z,SEDENTARY,Fitbit App
2024-07-02T12:31:00Z,SEDENTARY,Fitbit App
2024-07-02T12:32:00Z,SEDENTARY,Fitbit App
2024-07-02T12:33:00Z,SEDENTARY,Fitbit App
2024-07-02T12:34:00Z,SEDENTARY,Fitbit App
2024-07-02T12:35:00Z,SEDENTARY,Fitbit App
2024-07-02T12:36:00Z,SEDENTARY,Fitbit App
2024-07-02T12:37:00Z,LIGHTLY_ACTIVE,Fitbit App
2024-07-02T12:38:00Z,LIGHTLY_ACTIVE,Fitbit App
2024-07-02T12:39:00Z,SEDENTARY,Fitbit App
2024-07-02T12:40:00Z,SEDENTARY,Fitbit App
2024-07-02T12:41:00Z,SEDENTARY,Fitbit App
2024-07-02T12:42:00Z,SEDENTARY,Fitbit App
2024-07-02T12:43:00Z,SEDENTARY,Fitbit App
2024-07-02T12:45:00Z,SEDENTARY,Fitbit App
2024-07-02T12:46:00Z,SEDENTARY,Fitbit App
2024-07-02T12:47:00Z,SEDENTARY,Fitbit App
2024-07-02T12:48:00Z,SEDENTARY,Fitbit App
2024-07-02T12:49:00Z,SEDENTARY,Fitbit App
2024-07-02T12:50:00Z,SEDENTARY,Fitbit App
2024-07-02T12:51:00Z,SEDENTARY,Fitbit App
2024-07-02T12:52:00Z,SEDENTARY,Fitbit App
2024-07-02T12:53:00Z,SEDENTARY,Fitbit App
2024-07-02T12:54:00Z,SEDENTARY,Fitbit App
2024-07-02T12:55:00Z,SEDENTARY,Fitbit App
2024-07-02T12:56:00Z,SEDENTARY,Fitbit App
2024-07-02T12:58:00Z,SEDENTARY,Fitbit App
2024-07-02T13:00:00Z,SEDENTARY,Fitbit App
2024-07-02T13:01:00Z,LIGHTLY_ACTIVE,Fitbit App
2024-07-02T13:02:00Z,SEDENTARY,Fitbit App
2024-07-02T13:03:00Z,SEDENTARY,Fitbit App
2024-07-02T13:04:00Z,SEDENTARY,Fitbit App
2024-07-02T13:05:00Z,SEDENTARY,Fitbit App
2024-07-02T13:06:00Z,SEDENTARY,Fitbit App
2024-07-02T13:07:00Z,SEDENTARY,Fitbit App
2024-07-02T13:09:00Z,SEDENTARY,Fitbit App
2024-07-02T13:10:00Z,LIGHTLY_ACTIVE,Fitbit App
2024-07-02T13:11:00Z,SEDENTARY,Fitbit App
2024-07-02T13:12:00Z,SEDENTARY,Fitbit App
2024-07-02T13:13:00Z,SEDENTARY,Fitbit App
2024-07-02T13:14:00Z,SEDENTARY,Fitbit App
2024-07-02T13:15:00Z,SEDENTARY,Fitbit App
2024-07-02T13:16:00Z,SEDENTARY,Fitbit App
2024-07-02T13:17:00Z,SEDENTARY,Fitbit App
2024-07-02T13:22:00Z,SEDENTARY,Fitbit App
2024-07-02T13:59:00Z,LIGHTLY_ACTIVE,Fitbit App
2024-07-02T14:00:00Z,LIGHTLY_ACTIVE,Fitbit App
2024-07-02T14:01:00Z,LIGHTLY_ACTIVE,Fitbit App
2024-07-02T14:16:00Z,LIGHTLY_ACTIVE,Fitbit App
2024-07-02T14:17:00Z,LIGHTLY_ACTIVE,Fitbit App
2024-07-02T14:18:00Z,LIGHTLY_ACTIVE,Fitbit App
2024-07-02T14:19:00Z,LIGHTLY_ACTIVE,Fitbit App
2024-07-02T14:20:00Z,LIGHTLY_ACTIVE,Fitbit App
2024-07-02T16:19:00Z,LIGHTLY_ACTIVE,Fitbit App
2024-07-02T16:20:00Z,SEDENTARY,Fitbit App
2024-07-02T16:44:00Z,LIGHTLY_ACTIVE,Fitbit App
2024-07-02T16:45:00Z,LIGHTLY_ACTIVE,Fitbit App
2024-07-02T16:46:00Z,SEDENTARY,Fitbit App
2024-07-02T16:47:00Z,LIGHTLY_ACTIVE,Fitbit App
2024-07-02T16:48:00Z,SEDENTARY,Fitbit App
2024-07-02T16:49:00Z,LIGHTLY_ACTIVE,Fitbit App
2024-07-02T16:50:00Z,LIGHTLY_ACTIVE,Fitbit App
2024-07-02T16:51:00Z,LIGHTLY_ACTIVE,Fitbit App
2024-07-02T16:52:00Z,LIGHTLY_ACTIVE,Fitbit App
2024-07-02T16:53:00Z,LIGHTLY_ACTIVE,Fitbit App
2024-07-02T16:54:00Z,LIGHTLY_ACTIVE,Fitbit App
2024-07-02T16:55:00Z,VERY_ACTIVE,Fitbit App
2024-07-02T16:56:00Z,VERY_ACTIVE,Fitbit App
2024-07-02T16:57:00Z,VERY_ACTIVE,Fitbit App
2024-07-02T16:58:00Z,VERY_ACTIVE,Fitbit App
2024-07-02T16:59:00Z,VERY_ACTIVE,Fitbit App
2024-07-02T17:00:00Z,VERY_ACTIVE,Fitbit App
2024-07-02T17:01:00Z,VERY_ACTIVE,Fitbit App
2024-07-02T17:02:00Z,VERY_ACTIVE,Fitbit App
2024-07-02T17:03:00Z,VERY_ACTIVE,Fitbit App
2024-07-02T17:04:00Z,VERY_ACTIVE,Fitbit App
2024-07-02T17:05:00Z,MODERATELY_ACTIVE,Fitbit App
2024-07-02T17:06:00Z,SEDENTARY,Fitbit App
2024-07-02T17:07:00Z,SEDENTARY,Fitbit App
2024-07-02T17:08:00Z,SEDENTARY,Fitbit App
2024-07-02T17:09:00Z,SEDENTARY,Fitbit App
2024-07-02T17:10:00Z,SEDENTARY,Fitbit App
2024-07-02T17:12:00Z,SEDENTARY,Fitbit App
2024-07-02T17:13:00Z,SEDENTARY,Fitbit App
2024-07-02T17:14:00Z,SEDENTARY,Fitbit App
2024-07-02T17:15:00Z,SEDENTARY,Fitbit App
2024-07-02T17:16:00Z,SEDENTARY,Fitbit App
2024-07-02T17:17:00Z,SEDENTARY,Fitbit App
2024-07-02T17:18:00Z,SEDENTARY,Fitbit App
2024-07-02T17:19:00Z,SEDENTARY,Fitbit App
2024-07-02T17:21:00Z,LIGHTLY_ACTIVE,Fitbit App
2024-07-02T17:22:00Z,MODERATELY_ACTIVE,Fitbit App
2024-07-02T17:23:00Z,MODERATELY_ACTIVE,Fitbit App
2024-07-02T17:24:00Z,MODERATELY_ACTIVE,Fitbit App
2024-07-02T17:25:00Z,LIGHTLY_ACTIVE,Fitbit App
2024-07-02T17:26:00Z,SEDENTARY,Fitbit App
2024-07-02T17:27:00Z,SEDENTARY,Fitbit App
2024-07-02T17:28:00Z,LIGHTLY_ACTIVE,Fitbit App
2024-07-02T17:29:00Z,VERY_ACTIVE,Fitbit App
2024-07-02T17:30:00Z,VERY_ACTIVE,Fitbit App
2024-07-02T17:31:00Z,VERY_ACTIVE,Fitbit App
2024-07-02T17:32:00Z,SEDENTARY,Fitbit App
2024-07-02T17:33:00Z,SEDENTARY,Fitbit App
2024-07-02T17:34:00Z,SEDENTARY,Fitbit App
2024-07-02T17:35:00Z,SEDENTARY,Fitbit App
2024-07-02T17:36:00Z,SEDENTARY,Fitbit App
2024-07-02T17:37:00Z,SEDENTARY,Fitbit App
2024-07-02T17:38:00Z,SEDENTARY,Fitbit App
2024-07-02T17:39:00Z,SEDENTARY,Fitbit App
2024-07-02T17:40:00Z,SEDENTARY,Fitbit App
2024-07-02T17:41:00Z,SEDENTARY,Fitbit App
2024-07-02T17:42:00Z,LIGHTLY_ACTIVE,Fitbit App
2024-07-02T17:43:00Z,VERY_ACTIVE,Fitbit App
2024-07-02T17:44:00Z,MODERATELY_ACTIVE,Fitbit App
2024-07-02T17:45:00Z,SEDENTARY,Fitbit App
2024-07-02T17:46:00Z,SEDENTARY,Fitbit App
2024-07-02T17:47:00Z,SEDENTARY,Fitbit App
2024-07-02T17:48:00Z,SEDENTARY,Fitbit App
2024-07-02T17:49:00Z,LIGHTLY_ACTIVE,Fitbit App
2024-07-02T17:50:00Z,SEDENTARY,Fitbit App
2024-07-02T17:51:00Z,SEDENTARY,Fitbit App
2024-07-02T17:52:00Z,SEDENTARY,Fitbit App
2024-07-02T17:53:00Z,LIGHTLY_ACTIVE,Fitbit App
2024-07-02T17:54:00Z,MODERATELY_ACTIVE,Fitbit App
2024-07-02T17:55:00Z,SEDENTARY,Fitbit App
2024-07-02T17:56:00Z,LIGHTLY_ACTIVE,Fitbit App
2024-07-02T17:57:00Z,SEDENTARY,Fitbit App
2024-07-02T17:58:00Z,LIGHTLY_ACTIVE,Fitbit App
2024-07-02T17:59:00Z,LIGHTLY_ACTIVE,Fitbit App
2024-07-02T18:00:00Z,MODERATELY_ACTIVE,Fitbit App
2024-07-02T18:01:00Z,MODERATELY_ACTIVE,Fitbit App
2024-07-02T18:02:00Z,LIGHTLY_ACTIVE,Fitbit App
2024-07-02T18:03:00Z,LIGHTLY_ACTIVE,Fitbit App
2024-07-02T18:04:00Z,MODERATELY_ACTIVE,Fitbit App
2024-07-02T18:05:00Z,LIGHTLY_ACTIVE,Fitbit App
2024-07-02T18:06:00Z,SEDENTARY,Fitbit App
2024-07-02T18:07:00Z,SEDENTARY,Fitbit App
2024-07-02T18:08:00Z,LIGHTLY_ACTIVE,Fitbit App
2024-07-02T18:09:00Z,MODERATELY_ACTIVE,Fitbit App
2024-07-02T18:10:00Z,MODERATELY_ACTIVE,Fitbit App
2024-07-02T18:11:00Z,SEDENTARY,Fitbit App
2024-07-02T18:12:00Z,SEDENTARY,Fitbit App
2024-07-02T18:13:00Z,SEDENTARY,Fitbit App
2024-07-02T18:14:00Z,SEDENTARY,Fitbit App
2024-07-02T18:15:00Z,SEDENTARY,Fitbit App
2024-07-02T18:16:00Z,SEDENTARY,Fitbit App
2024-07-02T18:17:00Z,LIGHTLY_ACTIVE,Fitbit App
2024-07-02T18:18:00Z,SEDENTARY,Fitbit App
2024-07-02T18:19:00Z,SEDENTARY,Fitbit App
2024-07-02T18:20:00Z,SEDENTARY,Fitbit App
2024-07-02T18:21:00Z,SEDENTARY,Fitbit App
2024-07-02T18:22:00Z,SEDENTARY,Fitbit App
2024-07-02T18:23:00Z,SEDENTARY,Fitbit App
2024-07-02T18:24:00Z,SEDENTARY,Fitbit App
2024-07-02T18:25:00Z,SEDENTARY,Fitbit App
2024-07-02T18:26:00Z,LIGHTLY_ACTIVE,Fitbit App
2024-07-02T18:27:00Z,SEDENTARY,Fitbit App
2024-07-02T18:28:00Z,SEDENTARY,Fitbit App
2024-07-02T18:29:00Z,SEDENTARY,Fitbit App
2024-07-02T18:30:00Z,SEDENTARY,Fitbit App
2024-07-02T18:31:00Z,SEDENTARY,Fitbit App
2024-07-02T18:32:00Z,SEDENTARY,Fitbit App
2024-07-02T18:33:00Z,LIGHTLY_ACTIVE,Fitbit App
2024-07-02T18:34:00Z,SEDENTARY,Fitbit App
2024-07-02T18:35:00Z,SEDENTARY,Fitbit App
2024-07-02T18:36:00Z,SEDENTARY,Fitbit App
2024-07-02T18:37:00Z,SEDENTARY,Fitbit App
2024-07-02T18:38:00Z,SEDENTARY,Fitbit App
2024-07-02T18:39:00Z,LIGHTLY_ACTIVE,Fitbit App
2024-07-02T18:40:00Z,LIGHTLY_ACTIVE,Fitbit App
2024-07-02T18:41:00Z,LIGHTLY_ACTIVE,Fitbit App
2024-07-02T18:42:00Z,LIGHTLY_ACTIVE,Fitbit App
2024-07-02T18:43:00Z,LIGHTLY_ACTIVE,Fitbit App
2024-07-02T18:44:00Z,LIGHTLY_ACTIVE,Fitbit App
2024-07-02T18:45:00Z,MODERATELY_ACTIVE,Fitbit App
2024-07-02T18:46:00Z,LIGHTLY_ACTIVE,Fitbit App
2024-07-02T18:47:00Z,SEDENTARY,Fitbit App
2024-07-02T18:48:00Z,LIGHTLY_ACTIVE,Fitbit App
2024-07-02T18:49:00Z,SEDENTARY,Fitbit App
2024-07-02T18:50:00Z,LIGHTLY_ACTIVE,Fitbit App
2024-07-02T18:51:00Z,SEDENTARY,Fitbit App
2024-07-02T18:52:00Z,LIGHTLY_ACTIVE,Fitbit App
2024-07-02T18:53:00Z,SEDENTARY,Fitbit App
2024-07-02T18:54:00Z,SEDENTARY,Fitbit App
2024-07-02T18:55:00Z,SEDENTARY,Fitbit App
2024-07-02T18:56:00Z,SEDENTARY,Fitbit App
2024-07-02T18:57:00Z,LIGHTLY_ACTIVE,Fitbit App
2024-07-02T18:58:00Z,LIGHTLY_ACTIVE,Fitbit App
2024-07-02T18:59:00Z,LIGHTLY_ACTIVE,Fitbit App
2024-07-02T19:00:00Z,LIGHTLY_ACTIVE,Fitbit App
2024-07-02T19:01:00Z,LIGHTLY_ACTIVE,Fitbit App
2024-07-02T19:02:00Z,LIGHTLY_ACTIVE,Fitbit App
2024-07-02T19:03:00Z,LIGHTLY_ACTIVE,Fitbit App
2024-07-02T19:04:00Z,LIGHTLY_ACTIVE,Fitbit App
2024-07-02T19:05:00Z,SEDENTARY,Fitbit App
2024-07-02T19:06:00Z,SEDENTARY,Fitbit App
2024-07-02T19:07:00Z,SEDENTARY,Fitbit App
2024-07-02T19:08:00Z,SEDENTARY,Fitbit App
2024-07-02T19:09:00Z,SEDENTARY,Fitbit App
2024-07-02T19:10:00Z,LIGHTLY_ACTIVE,Fitbit App
2024-07-02T19:11:00Z,SEDENTARY,Fitbit App
2024-07-02T19:12:00Z,SEDENTARY,Fitbit App
2024-07-02T19:13:00Z,LIGHTLY_ACTIVE,Fitbit App
2024-07-02T19:14:00Z,LIGHTLY_ACTIVE,Fitbit App
2024-07-02T19:15:00Z,LIGHTLY_ACTIVE,Fitbit App
2024-07-02T19:16:00Z,LIGHTLY_ACTIVE,Fitbit App
2024-07-02T19:17:00Z,SEDENTARY,Fitbit App
2024-07-02T19:18:00Z,SEDENTARY,Fitbit App
2024-07-02T19:19:00Z,LIGHTLY_ACTIVE,Fitbit App
2024-07-02T19:20:00Z,SEDENTARY,Fitbit App
2024-07-02T19:21:00Z,LIGHTLY_ACTIVE,Fitbit App
2024-07-02T19:22:00Z,VERY_ACTIVE,Fitbit App
2024-07-02T19:23:00Z,VERY_ACTIVE,Fitbit App
2024-07-02T19:24:00Z,VERY_ACTIVE,Fitbit App
2024-07-02T19:25:00Z,VERY_ACTIVE,Fitbit App
2024-07-02T19:26:00Z,MODERATELY_ACTIVE,Fitbit App
2024-07-02T19:27:00Z,SEDENTARY,Fitbit App
2024-07-02T19:28:00Z,SEDENTARY,Fitbit App
2024-07-02T19:29:00Z,SEDENTARY,Fitbit App
2024-07-02T19:30:00Z,SEDENTARY,Fitbit App
2024-07-02T19:31:00Z,SEDENTARY,Fitbit App
2024-07-02T19:32:00Z,LIGHTLY_ACTIVE,Fitbit App
2024-07-02T19:33:00Z,VERY_ACTIVE,Fitbit App
2024-07-02T19:34:00Z,VERY_ACTIVE,Fitbit App
2024-07-02T19:35:00Z,VERY_ACTIVE,Fitbit App
2024-07-02T19:36:00Z,MODERATELY_ACTIVE,Fitbit App
2024-07-02T19:37:00Z,LIGHTLY_ACTIVE,Fitbit App
2024-07-02T19:38:00Z,SEDENTARY,Fitbit App
2024-07-02T19:39:00Z,SEDENTARY,Fitbit App
2024-07-02T19:40:00Z,SEDENTARY,Fitbit App
2024-07-02T19:41:00Z,SEDENTARY,Fitbit App
2024-07-02T19:42:00Z,LIGHTLY_ACTIVE,Fitbit App
2024-07-02T19:43:00Z,SEDENTARY,Fitbit App
2024-07-02T19:44:00Z,SEDENTARY,Fitbit App
2024-07-02T19:45:00Z,SEDENTARY,Fitbit App
2024-07-02T19:46:00Z,SEDENTARY,Fitbit App
2024-07-02T19:47:00Z,SEDENTARY,Fitbit App
2024-07-02T19:48:00Z,LIGHTLY_ACTIVE,Fitbit App
2024-07-02T19:49:00Z,MODERATELY_ACTIVE,Fitbit App
2024-07-02T19:50:00Z,MODERATELY_ACTIVE,Fitbit App
2024-07-02T19:51:00Z,VERY_ACTIVE,Fitbit App
2024-07-02T19:52:00Z,VERY_ACTIVE,Fitbit App
2024-07-02T19:53:00Z,VERY_ACTIVE,Fitbit App
2024-07-02T19:54:00Z,VERY_ACTIVE,Fitbit App
2024-07-02T19:55:00Z,VERY_ACTIVE,Fitbit App
2024-07-02T19:56:00Z,VERY_ACTIVE,Fitbit App
2024-07-02T19:57:00Z,VERY_ACTIVE,Fitbit App
2024-07-02T19:58:00Z,VERY_ACTIVE,Fitbit App
2024-07-02T19:59:00Z,VERY_ACTIVE,Fitbit App
2024-07-02T20:00:00Z,VERY_ACTIVE,Fitbit App
2024-07-02T20:01:00Z,MODERATELY_ACTIVE,Fitbit App
2024-07-02T20:02:00Z,MODERATELY_ACTIVE,Fitbit App
2024-07-02T20:03:00Z,LIGHTLY_ACTIVE,Fitbit App
2024-07-02T20:04:00Z,LIGHTLY_ACTIVE,Fitbit App
2024-07-02T20:05:00Z,LIGHTLY_ACTIVE,Fitbit App
2024-07-02T20:06:00Z,LIGHTLY_ACTIVE,Fitbit App
2024-07-02T20:07:00Z,LIGHTLY_ACTIVE,Fitbit App
2024-07-02T20:08:00Z,LIGHTLY_ACTIVE,Fitbit App
2024-07-02T20:09:00Z,LIGHTLY_ACTIVE,Fitbit App
2024-07-02T20:10:00Z,LIGHTLY_ACTIVE,Fitbit App
2024-07-02T20:11:00Z,SEDENTARY,Fitbit App
2024-07-02T20:12:00Z,SEDENTARY,Fitbit App
2024-07-02T20:13:00Z,SEDENTARY,Fitbit App
2024-07-02T20:14:00Z,LIGHTLY_ACTIVE,Fitbit App
2024-07-02T20:15:00Z,SEDENTARY,Fitbit App
2024-07-02T20:16:00Z,SEDENTARY,Fitbit App
2024-07-02T20:17:00Z,SEDENTARY,Fitbit App
2024-07-02T20:18:00Z,SEDENTARY,Fitbit App
2024-07-02T20:20:00Z,SEDENTARY,Fitbit App
2024-07-02T20:24:00Z,SEDENTARY,Fitbit App
2024-07-02T20:25:00Z,SEDENTARY,Fitbit App
2024-07-02T20:26:00Z,SEDENTARY,Fitbit App
2024-07-02T20:27:00Z,SEDENTARY,Fitbit App
2024-07-02T20:28:00Z,SEDENTARY,Fitbit App
2024-07-02T20:29:00Z,SEDENTARY,Fitbit App
2024-07-02T20:30:00Z,SEDENTARY,Fitbit App
2024-07-02T20:31:00Z,SEDENTARY,Fitbit App
2024-07-02T20:32:00Z,SEDENTARY,Fitbit App
2024-07-02T20:33:00Z,SEDENTARY,Fitbit App
2024-07-02T20:34:00Z,SEDENTARY,Fitbit App
2024-07-02T20:35:00Z,SEDENTARY,Fitbit App
2024-07-02T20:36:00Z,SEDENTARY,Fitbit App
2024-07-02T20:37:00Z,SEDENTARY,Fitbit App
2024-07-02T20:39:00Z,SEDENTARY,Fitbit App
2024-07-02T20:41:00Z,LIGHTLY_ACTIVE,Fitbit App
2024-07-02T20:42:00Z,LIGHTLY_ACTIVE,Fitbit App
2024-07-02T20:43:00Z,SEDENTARY,Fitbit App
2024-07-02T20:44:00Z,SEDENTARY,Fitbit App
2024-07-02T20:45:00Z,SEDENTARY,Fitbit App
2024-07-02T20:46:00Z,SEDENTARY,Fitbit App
2024-07-02T20:47:00Z,SEDENTARY,Fitbit App
2024-07-02T20:55:00Z,SEDENTARY,Fitbit App
2024-07-02T20:56:00Z,SEDENTARY,Fitbit App
2024-07-02T21:01:00Z,SEDENTARY,Fitbit App
2024-07-02T21:04:00Z,SEDENTARY,Fitbit App
2024-07-02T21:05:00Z,SEDENTARY,Fitbit App
2024-07-02T21:21:00Z,SEDENTARY,Fitbit App
2024-07-02T21:22:00Z,SEDENTARY,Fitbit App
2024-07-02T21:24:00Z,SEDENTARY,Fitbit App
2024-07-02T21:25:00Z,SEDENTARY,Fitbit App
2024-07-02T21:26:00Z,SEDENTARY,Fitbit App
2024-07-02T21:32:00Z,SEDENTARY,Fitbit App
2024-07-02T21:33:00Z,SEDENTARY,Fitbit App
2024-07-02T21:36:00Z,SEDENTARY,Fitbit App
2024-07-02T21:38:00Z,SEDENTARY,Fitbit App
2024-07-02T21:40:00Z,SEDENTARY,Fitbit App
2024-07-02T21:44:00Z,SEDENTARY,Fitbit App
2024-07-02T21:48:00Z,SEDENTARY,Fitbit App
2024-07-02T21:54:00Z,SEDENTARY,Fitbit App
2024-07-02T21:55:00Z,SEDENTARY,Fitbit App
2024-07-02T21:56:00Z,SEDENTARY,Fitbit App
2024-07-02T21:57:00Z,LIGHTLY_ACTIVE,Fitbit App
2024-07-02T21:58:00Z,SEDENTARY,Fitbit App
2024-07-02T21:59:00Z,LIGHTLY_ACTIVE,Fitbit App
2024-07-02T22:00:00Z,LIGHTLY_ACTIVE,Fitbit App
2024-07-02T22:01:00Z,LIGHTLY_ACTIVE,Fitbit App
2024-07-02T22:02:00Z,SEDENTARY,Fitbit App
2024-07-02T22:03:00Z,SEDENTARY,Fitbit App
2024-07-02T22:07:00Z,SEDENTARY,Fitbit App
2024-07-03T00:06:00Z,SEDENTARY,Fitbit App
2024-07-03T00:30:00Z,SEDENTARY,Fitbit App
2024-07-03T01:03:00Z,SEDENTARY,Fitbit App
2024-07-03T01:25:00Z,SEDENTARY,Fitbit App
2024-07-03T01:35:00Z,LIGHTLY_ACTIVE,Fitbit App
2024-07-03T02:05:00Z,SEDENTARY,Fitbit App
2024-07-03T02:49:00Z,SEDENTARY,Fitbit App
2024-07-03T03:15:00Z,SEDENTARY,Fitbit App
2024-07-03T03:58:00Z,SEDENTARY,Fitbit App
2024-07-03T04:31:00Z,SEDENTARY,Fitbit App
2024-07-03T04:44:00Z,SEDENTARY,Fitbit App
2024-07-03T04:50:00Z,SEDENTARY,Fitbit App
2024-07-03T05:06:00Z,SEDENTARY,Fitbit App
2024-07-03T05:21:00Z,SEDENTARY,Fitbit App
2024-07-03T05:22:00Z,LIGHTLY_ACTIVE,Fitbit App
2024-07-03T05:23:00Z,SEDENTARY,Fitbit App
2024-07-03T05:24:00Z,SEDENTARY,Fitbit App
2024-07-03T05:25:00Z,SEDENTARY,Fitbit App
2024-07-03T05:26:00Z,SEDENTARY,Fitbit App
2024-07-03T05:28:00Z,SEDENTARY,Fitbit App
2024-07-03T05:30:00Z,SEDENTARY,Fitbit App
2024-07-03T05:31:00Z,SEDENTARY,Fitbit App
2024-07-03T05:32:00Z,SEDENTARY,Fitbit App
2024-07-03T05:33:00Z,SEDENTARY,Fitbit App
2024-07-03T05:34:00Z,LIGHTLY_ACTIVE,Fitbit App
2024-07-03T05:35:00Z,SEDENTARY,Fitbit App
2024-07-03T05:36:00Z,SEDENTARY,Fitbit App
2024-07-03T05:37:00Z,SEDENTARY,Fitbit App
2024-07-03T05:38:00Z,SEDENTARY,Fitbit App
2024-07-03T05:42:00Z,SEDENTARY,Fitbit App
2024-07-03T05:43:00Z,LIGHTLY_ACTIVE,Fitbit App
2024-07-03T05:44:00Z,LIGHTLY_ACTIVE,Fitbit App
2024-07-03T05:45:00Z,LIGHTLY_ACTIVE,Fitbit App
2024-07-03T05:46:00Z,LIGHTLY_ACTIVE,Fitbit App
2024-07-03T05:47:00Z,LIGHTLY_ACTIVE,Fitbit App
2024-07-03T05:48:00Z,SEDENTARY,Fitbit App
2024-07-03T05:49:00Z,SEDENTARY,Fitbit App
2024-07-03T05:50:00Z,LIGHTLY_ACTIVE,Fitbit App
2024-07-03T05:51:00Z,SEDENTARY,Fitbit App
2024-07-03T05:52:00Z,SEDENTARY,Fitbit App
2024-07-03T05:53:00Z,SEDENTARY,Fitbit App
2024-07-03T05:54:00Z,LIGHTLY_ACTIVE,Fitbit App
2024-07-03T05:55:00Z,SEDENTARY,Fitbit App
2024-07-03T05:56:00Z,SEDENTARY,Fitbit App
2024-07-03T05:58:00Z,SEDENTARY,Fitbit App
2024-07-03T05:59:00Z,SEDENTARY,Fitbit App
2024-07-03T06:00:00Z,SEDENTARY,Fitbit App
2024-07-03T06:01:00Z,SEDENTARY,Fitbit App
2024-07-03T06:05:00Z,SEDENTARY,Fitbit App
2024-07-03T06:06:00Z,SEDENTARY,Fitbit App
2024-07-03T06:07:00Z,SEDENTARY,Fitbit App
2024-07-03T06:08:00Z,SEDENTARY,Fitbit App
2024-07-03T06:09:00Z,LIGHTLY_ACTIVE,Fitbit App
2024-07-03T06:10:00Z,SEDENTARY,Fitbit App
2024-07-03T06:11:00Z,SEDENTARY,Fitbit App
2024-07-03T06:12:00Z,LIGHTLY_ACTIVE,Fitbit App
2024-07-03T06:13:00Z,SEDENTARY,Fitbit App
2024-07-03T06:14:00Z,SEDENTARY,Fitbit App
2024-07-03T06:15:00Z,SEDENTARY,Fitbit App
2024-07-03T06:16:00Z,SEDENTARY,Fitbit App
2024-07-03T06:17:00Z,LIGHTLY_ACTIVE,Fitbit App
2024-07-03T06:18:00Z,LIGHTLY_ACTIVE,Fitbit App
2024-07-03T06:19:00Z,SEDENTARY,Fitbit App
2024-07-03T06:20:00Z,LIGHTLY_ACTIVE,Fitbit App
2024-07-03T06:21:00Z,SEDENTARY,Fitbit App
2024-07-03T06:22:00Z,SEDENTARY,Fitbit App
2024-07-03T06:23:00Z,SEDENTARY,Fitbit App
2024-07-03T06:24:00Z,LIGHTLY_ACTIVE,Fitbit App
2024-07-03T06:25:00Z,SEDENTARY,Fitbit App
2024-07-03T06:26:00Z,SEDENTARY,Fitbit App
2024-07-03T06:27:00Z,SEDENTARY,Fitbit App
2024-07-03T06:28:00Z,SEDENTARY,Fitbit App
2024-07-03T06:29:00Z,LIGHTLY_ACTIVE,Fitbit App
2024-07-03T06:30:00Z,LIGHTLY_ACTIVE,Fitbit App
2024-07-03T06:31:00Z,LIGHTLY_ACTIVE,Fitbit App
2024-07-03T06:32:00Z,SEDENTARY,Fitbit App
2024-07-03T06:33:00Z,LIGHTLY_ACTIVE,Fitbit App
2024-07-03T06:34:00Z,SEDENTARY,Fitbit App
2024-07-03T06:35:00Z,LIGHTLY_ACTIVE,Fitbit App
2024-07-03T06:36:00Z,LIGHTLY_ACTIVE,Fitbit App
2024-07-03T06:37:00Z,LIGHTLY_ACTIVE,Fitbit App
2024-07-03T06:38:00Z,LIGHTLY_ACTIVE,Fitbit App
2024-07-03T06:39:00Z,LIGHTLY_ACTIVE,Fitbit App
2024-07-03T06:40:00Z,SEDENTARY,Fitbit App
2024-07-03T06:41:00Z,SEDENTARY,Fitbit App
2024-07-03T06:42:00Z,SEDENTARY,Fitbit App
2024-07-03T06:43:00Z,SEDENTARY,Fitbit App
2024-07-03T06:44:00Z,SEDENTARY,Fitbit App
2024-07-03T06:45:00Z,SEDENTARY,Fitbit App
2024-07-03T06:46:00Z,SEDENTARY,Fitbit App
2024-07-03T06:47:00Z,LIGHTLY_ACTIVE,Fitbit App
2024-07-03T06:50:00Z,SEDENTARY,Fitbit App
2024-07-03T06:51:00Z,SEDENTARY,Fitbit App
2024-07-03T06:52:00Z,SEDENTARY,Fitbit App
2024-07-03T06:53:00Z,SEDENTARY,Fitbit App
2024-07-03T06:57:00Z,SEDENTARY,Fitbit App
2024-07-03T06:59:00Z,SEDENTARY,Fitbit App
2024-07-03T07:01:00Z,LIGHTLY_ACTIVE,Fitbit App
2024-07-03T07:02:00Z,LIGHTLY_ACTIVE,Fitbit App
2024-07-03T07:03:00Z,SEDENTARY,Fitbit App
2024-07-03T07:04:00Z,LIGHTLY_ACTIVE,Fitbit App
2024-07-03T07:05:00Z,LIGHTLY_ACTIVE,Fitbit App
2024-07-03T07:06:00Z,SEDENTARY,Fitbit App
2024-07-03T07:07:00Z,SEDENTARY,Fitbit App
2024-07-03T07:08:00Z,SEDENTARY,Fitbit App
2024-07-03T07:09:00Z,SEDENTARY,Fitbit App
2024-07-03T07:10:00Z,SEDENTARY,Fitbit App
2024-07-03T07:11:00Z,LIGHTLY_ACTIVE,Fitbit App
2024-07-03T07:12:00Z,SEDENTARY,Fitbit App
2024-07-03T07:16:00Z,SEDENTARY,Fitbit App
2024-07-03T07:18:00Z,SEDENTARY,Fitbit App
2024-07-03T07:20:00Z,SEDENTARY,Fitbit App
2024-07-03T07:21:00Z,LIGHTLY_ACTIVE,Fitbit App
2024-07-03T07:22:00Z,SEDENTARY,Fitbit App
2024-07-03T07:23:00Z,LIGHTLY_ACTIVE,Fitbit App
2024-07-03T07:24:00Z,LIGHTLY_ACTIVE,Fitbit App
2024-07-03T07:25:00Z,LIGHTLY_ACTIVE,Fitbit App
2024-07-03T07:26:00Z,LIGHTLY_ACTIVE,Fitbit App
2024-07-03T07:27:00Z,LIGHTLY_ACTIVE,Fitbit App
2024-07-03T07:28:00Z,LIGHTLY_ACTIVE,Fitbit App
2024-07-03T07:29:00Z,VERY_ACTIVE,Fitbit App
2024-07-03T07:30:00Z,VERY_ACTIVE,Fitbit App
2024-07-03T07:31:00Z,VERY_ACTIVE,Fitbit App
2024-07-03T07:32:00Z,VERY_ACTIVE,Fitbit App
2024-07-03T07:33:00Z,LIGHTLY_ACTIVE,Fitbit App
2024-07-03T07:34:00Z,SEDENTARY,Fitbit App
2024-07-03T07:35:00Z,SEDENTARY,Fitbit App
2024-07-03T07:36:00Z,SEDENTARY,Fitbit App
2024-07-03T07:37:00Z,LIGHTLY_ACTIVE,Fitbit App
2024-07-03T07:38:00Z,SEDENTARY,Fitbit App
2024-07-03T07:39:00Z,SEDENTARY,Fitbit App
2024-07-03T07:40:00Z,SEDENTARY,Fitbit App
2024-07-03T07:41:00Z,SEDENTARY,Fitbit App
2024-07-03T07:45:00Z,LIGHTLY_ACTIVE,Fitbit App
2024-07-03T07:46:00Z,MODERATELY_ACTIVE,Fitbit App
2024-07-03T07:47:00Z,VERY_ACTIVE,Fitbit App
2024-07-03T07:48:00Z,VERY_ACTIVE,Fitbit App
2024-07-03T07:49:00Z,VERY_ACTIVE,Fitbit App
2024-07-03T07:50:00Z,VERY_ACTIVE,Fitbit App
2024-07-03T07:51:00Z,LIGHTLY_ACTIVE,Fitbit App
2024-07-03T07:52:00Z,SEDENTARY,Fitbit App
2024-07-03T07:53:00Z,LIGHTLY_ACTIVE,Fitbit App
2024-07-03T07:54:00Z,SEDENTARY,Fitbit App
2024-07-03T07:55:00Z,LIGHTLY_ACTIVE,Fitbit App
2024-07-03T07:56:00Z,LIGHTLY_ACTIVE,Fitbit App
2024-07-03T07:57:00Z,SEDENTARY,Fitbit App
2024-07-03T07:58:00Z,LIGHTLY_ACTIVE,Fitbit App
2024-07-03T07:59:00Z,SEDENTARY,Fitbit App
2024-07-03T08:00:00Z,LIGHTLY_ACTIVE,Fitbit App
2024-07-03T08:01:00Z,LIGHTLY_ACTIVE,Fitbit App
2024-07-03T08:02:00Z,SEDENTARY,Fitbit App
2024-07-03T08:03:00Z,SEDENTARY,Fitbit App
2024-07-03T08:04:00Z,LIGHTLY_ACTIVE,Fitbit App
2024-07-03T08:05:00Z,SEDENTARY,Fitbit App
2024-07-03T08:06:00Z,SEDENTARY,Fitbit App
2024-07-03T08:07:00Z,SEDENTARY,Fitbit App
2024-07-03T08:08:00Z,SEDENTARY,Fitbit App
2024-07-03T08:09:00Z,SEDENTARY,Fitbit App
2024-07-03T08:10:00Z,SEDENTARY,Fitbit App
2024-07-03T08:11:00Z,SEDENTARY,Fitbit App
2024-07-03T08:12:00Z,SEDENTARY,Fitbit App
2024-07-03T08:13:00Z,SEDENTARY,Fitbit App
2024-07-03T08:14:00Z,LIGHTLY_ACTIVE,Fitbit App
2024-07-03T08:15:00Z,MODERATELY_ACTIVE,Fitbit App
2024-07-03T08:16:00Z,SEDENTARY,Fitbit App
2024-07-03T08:17:00Z,LIGHTLY_ACTIVE,Fitbit App
2024-07-03T08:18:00Z,VERY_ACTIVE,Fitbit App
2024-07-03T08:19:00Z,VERY_ACTIVE,Fitbit App
2024-07-03T08:20:00Z,MODERATELY_ACTIVE,Fitbit App
2024-07-03T08:21:00Z,LIGHTLY_ACTIVE,Fitbit App
2024-07-03T08:22:00Z,LIGHTLY_ACTIVE,Fitbit App
2024-07-03T08:23:00Z,MODERATELY_ACTIVE,Fitbit App
2024-07-03T08:24:00Z,MODERATELY_ACTIVE,Fitbit App
2024-07-03T08:25:00Z,SEDENTARY,Fitbit App
2024-07-03T08:26:00Z,SEDENTARY,Fitbit App
2024-07-03T08:27:00Z,LIGHTLY_ACTIVE,Fitbit App
2024-07-03T08:28:00Z,MODERATELY_ACTIVE,Fitbit App
2024-07-03T08:29:00Z,LIGHTLY_ACTIVE,Fitbit App
2024-07-03T08:30:00Z,LIGHTLY_ACTIVE,Fitbit App
2024-07-03T08:31:00Z,LIGHTLY_ACTIVE,Fitbit App
2024-07-03T08:32:00Z,SEDENTARY,Fitbit App
2024-07-03T08:33:00Z,SEDENTARY,Fitbit App
2024-07-03T08:34:00Z,SEDENTARY,Fitbit App
2024-07-03T08:35:00Z,LIGHTLY_ACTIVE,Fitbit App
2024-07-03T08:36:00Z,LIGHTLY_ACTIVE,Fitbit App
2024-07-03T08:37:00Z,LIGHTLY_ACTIVE,Fitbit App
2024-07-03T08:38:00Z,SEDENTARY,Fitbit App
2024-07-03T08:39:00Z,LIGHTLY_ACTIVE,Fitbit App
2024-07-03T08:40:00Z,SEDENTARY,Fitbit App
2024-07-03T08:41:00Z,LIGHTLY_ACTIVE,Fitbit App
2024-07-03T08:42:00Z,SEDENTARY,Fitbit App
2024-07-03T08:43:00Z,SEDENTARY,Fitbit App
2024-07-03T08:44:00Z,SEDENTARY,Fitbit App
2024-07-03T08:45:00Z,LIGHTLY_ACTIVE,Fitbit App
2024-07-03T08:46:00Z,LIGHTLY_ACTIVE,Fitbit App
2024-07-03T08:47:00Z,LIGHTLY_ACTIVE,Fitbit App
2024-07-03T08:48:00Z,LIGHTLY_ACTIVE,Fitbit App
2024-07-03T08:49:00Z,LIGHTLY_ACTIVE,Fitbit App
2024-07-03T08:50:00Z,LIGHTLY_ACTIVE,Fitbit App
2024-07-03T08:51:00Z,SEDENTARY,Fitbit App
2024-07-03T08:52:00Z,SEDENTARY,Fitbit App
2024-07-03T08:53:00Z,LIGHTLY_ACTIVE,Fitbit App
2024-07-03T08:54:00Z,LIGHTLY_ACTIVE,Fitbit App
2024-07-03T08:55:00Z,LIGHTLY_ACTIVE,Fitbit App
2024-07-03T08:56:00Z,SEDENTARY,Fitbit App
2024-07-03T08:57:00Z,SEDENTARY,Fitbit App
2024-07-03T08:58:00Z,SEDENTARY,Fitbit App
2024-07-03T08:59:00Z,SEDENTARY,Fitbit App
2024-07-03T09:00:00Z,SEDENTARY,Fitbit App
2024-07-03T09:01:00Z,SEDENTARY,Fitbit App
2024-07-03T09:02:00Z,SEDENTARY,Fitbit App
2024-07-03T09:03:00Z,SEDENTARY,Fitbit App
2024-07-03T09:04:00Z,SEDENTARY,Fitbit App
2024-07-03T09:05:00Z,LIGHTLY_ACTIVE,Fitbit App
2024-07-03T09:06:00Z,SEDENTARY,Fitbit App
2024-07-03T09:07:00Z,LIGHTLY_ACTIVE,Fitbit App
2024-07-03T09:08:00Z,MODERATELY_ACTIVE,Fitbit App
2024-07-03T09:09:00Z,VERY_ACTIVE,Fitbit App
2024-07-03T09:10:00Z,VERY_ACTIVE,Fitbit App
2024-07-03T09:11:00Z,VERY_ACTIVE,Fitbit App
2024-07-03T09:12:00Z,VERY_ACTIVE,Fitbit App
2024-07-03T09:13:00Z,MODERATELY_ACTIVE,Fitbit App
2024-07-03T09:14:00Z,LIGHTLY_ACTIVE,Fitbit App
2024-07-03T09:15:00Z,LIGHTLY_ACTIVE,Fitbit App
2024-07-03T09:16:00Z,SEDENTARY,Fitbit App
2024-07-03T09:17:00Z,LIGHTLY_ACTIVE,Fitbit App
2024-07-03T09:18:00Z,LIGHTLY_ACTIVE,Fitbit App
2024-07-03T09:19:00Z,SEDENTARY,Fitbit App
2024-07-03T09:20:00Z,LIGHTLY_ACTIVE,Fitbit App
2024-07-03T09:21:00Z,LIGHTLY_ACTIVE,Fitbit App
2024-07-03T09:22:00Z,LIGHTLY_ACTIVE,Fitbit App
2024-07-03T09:23:00Z,LIGHTLY_ACTIVE,Fitbit App
2024-07-03T09:24:00Z,SEDENTARY,Fitbit App
2024-07-03T09:25:00Z,LIGHTLY_ACTIVE,Fitbit App
2024-07-03T09:26:00Z,SEDENTARY,Fitbit App
2024-07-03T09:28:00Z,SEDENTARY,Fitbit App
2024-07-03T09:29:00Z,SEDENTARY,Fitbit App
2024-07-03T09:31:00Z,SEDENTARY,Fitbit App
2024-07-03T09:33:00Z,SEDENTARY,Fitbit App
2024-07-03T09:35:00Z,SEDENTARY,Fitbit App
2024-07-03T09:36:00Z,SEDENTARY,Fitbit App
2024-07-03T09:37:00Z,SEDENTARY,Fitbit App
2024-07-03T09:40:00Z,SEDENTARY,Fitbit App
2024-07-03T09:41:00Z,SEDENTARY,Fitbit App
2024-07-03T09:42:00Z,SEDENTARY,Fitbit App
2024-07-03T09:43:00Z,LIGHTLY_ACTIVE,Fitbit App
2024-07-03T09:44:00Z,SEDENTARY,Fitbit App
2024-07-03T09:45:00Z,LIGHTLY_ACTIVE,Fitbit App
2024-07-03T09:46:00Z,VERY_ACTIVE,Fitbit App
2024-07-03T09:47:00Z,VERY_ACTIVE,Fitbit App
2024-07-03T09:48:00Z,MODERATELY_ACTIVE,Fitbit App
2024-07-03T09:49:00Z,LIGHTLY_ACTIVE,Fitbit App
2024-07-03T09:50:00Z,MODERATELY_ACTIVE,Fitbit App
2024-07-03T09:51:00Z,LIGHTLY_ACTIVE,Fitbit App
2024-07-03T09:52:00Z,SEDENTARY,Fitbit App
2024-07-03T09:53:00Z,LIGHTLY_ACTIVE,Fitbit App
2024-07-03T09:54:00Z,MODERATELY_ACTIVE,Fitbit App
2024-07-03T09:55:00Z,MODERATELY_ACTIVE,Fitbit App
2024-07-03T09:56:00Z,VERY_ACTIVE,Fitbit App
2024-07-03T09:57:00Z,VERY_ACTIVE,Fitbit App
2024-07-03T09:58:00Z,VERY_ACTIVE,Fitbit App
2024-07-03T09:59:00Z,MODERATELY_ACTIVE,Fitbit App
2024-07-03T10:00:00Z,LIGHTLY_ACTIVE,Fitbit App
2024-07-03T10:01:00Z,SEDENTARY,Fitbit App
2024-07-03T10:02:00Z,SEDENTARY,Fitbit App
2024-07-03T10:03:00Z,SEDENTARY,Fitbit App
2024-07-03T10:04:00Z,SEDENTARY,Fitbit App
2024-07-03T10:05:00Z,SEDENTARY,Fitbit App
2024-07-03T10:06:00Z,SEDENTARY,Fitbit App
2024-07-03T10:07:00Z,LIGHTLY_ACTIVE,Fitbit App
2024-07-03T10:08:00Z,LIGHTLY_ACTIVE,Fitbit App
2024-07-03T10:09:00Z,LIGHTLY_ACTIVE,Fitbit App
2024-07-03T10:10:00Z,LIGHTLY_ACTIVE,Fitbit App
2024-07-03T10:11:00Z,LIGHTLY_ACTIVE,Fitbit App
2024-07-03T10:12:00Z,LIGHTLY_ACTIVE,Fitbit App
2024-07-03T10:13:00Z,LIGHTLY_ACTIVE,Fitbit App
2024-07-03T10:14:00Z,LIGHTLY_ACTIVE,Fitbit App
2024-07-03T10:15:00Z,SEDENTARY,Fitbit App
2024-07-03T10:16:00Z,SEDENTARY,Fitbit App
2024-07-03T10:17:00Z,SEDENTARY,Fitbit App
2024-07-03T10:19:00Z,LIGHTLY_ACTIVE,Fitbit App
2024-07-03T10:20:00Z,LIGHTLY_ACTIVE,Fitbit App
2024-07-03T10:21:00Z,LIGHTLY_ACTIVE,Fitbit App
2024-07-03T10:22:00Z,LIGHTLY_ACTIVE,Fitbit App
2024-07-03T10:23:00Z,LIGHTLY_ACTIVE,Fitbit App
2024-07-03T10:24:00Z,LIGHTLY_ACTIVE,Fitbit App
2024-07-03T10:25:00Z,SEDENTARY,Fitbit App
2024-07-03T10:26:00Z,LIGHTLY_ACTIVE,Fitbit App
2024-07-03T10:27:00Z,LIGHTLY_ACTIVE,Fitbit App
2024-07-03T10:28:00Z,LIGHTLY_ACTIVE,Fitbit App
2024-07-03T10:29:00Z,LIGHTLY_ACTIVE,Fitbit App
2024-07-03T10:30:00Z,LIGHTLY_ACTIVE,Fitbit App
2024-07-03T10:31:00Z,SEDENTARY,Fitbit App
2024-07-03T10:32:00Z,LIGHTLY_ACTIVE,Fitbit App
2024-07-03T10:33:00Z,LIGHTLY_ACTIVE,Fitbit App
2024-07-03T10:34:00Z,LIGHTLY_ACTIVE,Fitbit App
2024-07-03T10:35:00Z,SEDENTARY,Fitbit App
2024-07-03T10:36:00Z,SEDENTARY,Fitbit App
2024-07-03T10:43:00Z,SEDENTARY,Fitbit App
2024-07-03T10:50:00Z,SEDENTARY,Fitbit App
2024-07-03T10:52:00Z,SEDENTARY,Fitbit App
2024-07-03T10:53:00Z,SEDENTARY,Fitbit App
2024-07-03T10:54:00Z,SEDENTARY,Fitbit App
2024-07-03T10:55:00Z,SEDENTARY,Fitbit App
2024-07-03T10:57:00Z,SEDENTARY,Fitbit App
2024-07-03T10:58:00Z,LIGHTLY_ACTIVE,Fitbit App
2024-07-03T10:59:00Z,LIGHTLY_ACTIVE,Fitbit App
2024-07-03T11:00:00Z,LIGHTLY_ACTIVE,Fitbit App
2024-07-03T11:01:00Z,SEDENTARY,Fitbit App
2024-07-03T11:02:00Z,LIGHTLY_ACTIVE,Fitbit App
2024-07-03T11:03:00Z,SEDENTARY,Fitbit App
2024-07-03T11:04:00Z,SEDENTARY,Fitbit App
2024-07-03T11:05:00Z,SEDENTARY,Fitbit App
2024-07-03T11:06:00Z,SEDENTARY,Fitbit App
2024-07-03T11:07:00Z,SEDENTARY,Fitbit App
2024-07-03T11:08:00Z,SEDENTARY,Fitbit App
2024-07-03T11:09:00Z,LIGHTLY_ACTIVE,Fitbit App
2024-07-03T11:10:00Z,SEDENTARY,Fitbit App
2024-07-03T11:11:00Z,SEDENTARY,Fitbit App
2024-07-03T11:12:00Z,SEDENTARY,Fitbit App
2024-07-03T11:13:00Z,SEDENTARY,Fitbit App
2024-07-03T11:14:00Z,SEDENTARY,Fitbit App
2024-07-03T11:15:00Z,SEDENTARY,Fitbit App
2024-07-03T11:16:00Z,SEDENTARY,Fitbit App
2024-07-03T11:17:00Z,SEDENTARY,Fitbit App
2024-07-03T11:18:00Z,SEDENTARY,Fitbit App
2024-07-03T11:19:00Z,SEDENTARY,Fitbit App
2024-07-03T11:20:00Z,SEDENTARY,Fitbit App
2024-07-03T11:21:00Z,SEDENTARY,Fitbit App
2024-07-03T11:22:00Z,SEDENTARY,Fitbit App
2024-07-03T11:23:00Z,SEDENTARY,Fitbit App
2024-07-03T11:25:00Z,SEDENTARY,Fitbit App
2024-07-03T11:26:00Z,SEDENTARY,Fitbit App
2024-07-03T11:27:00Z,SEDENTARY,Fitbit App
2024-07-03T11:28:00Z,SEDENTARY,Fitbit App
2024-07-03T11:29:00Z,SEDENTARY,Fitbit App
2024-07-03T11:30:00Z,SEDENTARY,Fitbit App
2024-07-03T11:31:00Z,SEDENTARY,Fitbit App
2024-07-03T11:32:00Z,SEDENTARY,Fitbit App
2024-07-03T11:33:00Z,SEDENTARY,Fitbit App
2024-07-03T11:35:00Z,SEDENTARY,Fitbit App
2024-07-03T11:36:00Z,SEDENTARY,Fitbit App
2024-07-03T11:37:00Z,LIGHTLY_ACTIVE,Fitbit App
2024-07-03T11:38:00Z,SEDENTARY,Fitbit App
2024-07-03T11:39:00Z,SEDENTARY,Fitbit App
2024-07-03T11:41:00Z,SEDENTARY,Fitbit App
2024-07-03T11:42:00Z,SEDENTARY,Fitbit App
2024-07-03T11:43:00Z,SEDENTARY,Fitbit App
2024-07-03T11:45:00Z,SEDENTARY,Fitbit App
2024-07-03T11:46:00Z,SEDENTARY,Fitbit App
2024-07-03T11:47:00Z,SEDENTARY,Fitbit App
2024-07-03T11:48:00Z,SEDENTARY,Fitbit App
2024-07-03T11:49:00Z,SEDENTARY,Fitbit App
2024-07-03T11:50:00Z,SEDENTARY,Fitbit App
2024-07-03T11:51:00Z,SEDENTARY,Fitbit App
2024-07-03T11:52:00Z,SEDENTARY,Fitbit App
2024-07-03T11:53:00Z,SEDENTARY,Fitbit App
2024-07-03T11:55:00Z,SEDENTARY,Fitbit App
2024-07-03T11:56:00Z,SEDENTARY,Fitbit App
2024-07-03T11:57:00Z,SEDENTARY,Fitbit App
2024-07-03T11:58:00Z,SEDENTARY,Fitbit App
2024-07-03T11:59:00Z,SEDENTARY,Fitbit App
2024-07-03T12:00:00Z,SEDENTARY,Fitbit App
2024-07-03T12:01:00Z,SEDENTARY,Fitbit App
2024-07-03T12:02:00Z,SEDENTARY,Fitbit App
2024-07-03T12:03:00Z,SEDENTARY,Fitbit App
2024-07-03T12:05:00Z,SEDENTARY,Fitbit App
2024-07-03T12:07:00Z,SEDENTARY,Fitbit App
2024-07-03T12:09:00Z,SEDENTARY,Fitbit App
2024-07-03T12:10:00Z,SEDENTARY,Fitbit App
2024-07-03T12:12:00Z,SEDENTARY,Fitbit App
2024-07-03T12:13:00Z,SEDENTARY,Fitbit App
2024-07-03T12:14:00Z,SEDENTARY,Fitbit App
2024-07-03T12:16:00Z,SEDENTARY,Fitbit App
2024-07-03T12:17:00Z,SEDENTARY,Fitbit App
2024-07-03T12:18:00Z,SEDENTARY,Fitbit App
2024-07-03T12:19:00Z,SEDENTARY,Fitbit App
2024-07-03T12:23:00Z,SEDENTARY,Fitbit App
2024-07-03T12:26:00Z,SEDENTARY,Fitbit App
2024-07-03T12:27:00Z,SEDENTARY,Fitbit App
2024-07-03T12:32:00Z,SEDENTARY,Fitbit App
2024-07-03T12:33:00Z,SEDENTARY,Fitbit App
2024-07-03T12:34:00Z,SEDENTARY,Fitbit App
2024-07-03T12:35:00Z,SEDENTARY,Fitbit App
2024-07-03T12:36:00Z,SEDENTARY,Fitbit App
2024-07-03T12:37:00Z,SEDENTARY,Fitbit App
2024-07-03T12:38:00Z,SEDENTARY,Fitbit App
2024-07-03T12:39:00Z,SEDENTARY,Fitbit App
2024-07-03T12:40:00Z,SEDENTARY,Fitbit App
2024-07-03T12:42:00Z,SEDENTARY,Fitbit App
2024-07-03T12:43:00Z,SEDENTARY,Fitbit App
2024-07-03T12:44:00Z,SEDENTARY,Fitbit App
2024-07-03T12:45:00Z,LIGHTLY_ACTIVE,Fitbit App
2024-07-03T12:46:00Z,SEDENTARY,Fitbit App
2024-07-03T12:47:00Z,SEDENTARY,Fitbit App
2024-07-03T12:48:00Z,SEDENTARY,Fitbit App
2024-07-03T12:49:00Z,SEDENTARY,Fitbit App
2024-07-03T12:50:00Z,SEDENTARY,Fitbit App
2024-07-03T12:51:00Z,SEDENTARY,Fitbit App
2024-07-03T12:52:00Z,SEDENTARY,Fitbit App
2024-07-03T12:57:00Z,SEDENTARY,Fitbit App
2024-07-03T12:58:00Z,SEDENTARY,Fitbit App
2024-07-03T12:59:00Z,SEDENTARY,Fitbit App
2024-07-03T13:00:00Z,SEDENTARY,Fitbit App
2024-07-03T13:01:00Z,SEDENTARY,Fitbit App
2024-07-03T13:02:00Z,SEDENTARY,Fitbit App
2024-07-03T13:03:00Z,SEDENTARY,Fitbit App
2024-07-03T13:04:00Z,SEDENTARY,Fitbit App
2024-07-03T13:05:00Z,LIGHTLY_ACTIVE,Fitbit App
2024-07-03T13:06:00Z,SEDENTARY,Fitbit App
2024-07-03T13:11:00Z,SEDENTARY,Fitbit App
2024-07-03T13:13:00Z,LIGHTLY_ACTIVE,Fitbit App
2024-07-03T13:14:00Z,SEDENTARY,Fitbit App
2024-07-03T13:15:00Z,SEDENTARY,Fitbit App
2024-07-03T13:17:00Z,SEDENTARY,Fitbit App
2024-07-03T13:19:00Z,SEDENTARY,Fitbit App
2024-07-03T13:22:00Z,SEDENTARY,Fitbit App
2024-07-03T13:23:00Z,SEDENTARY,Fitbit App
2024-07-03T13:26:00Z,LIGHTLY_ACTIVE,Fitbit App
2024-07-03T13:27:00Z,LIGHTLY_ACTIVE,Fitbit App
2024-07-03T13:28:00Z,SEDENTARY,Fitbit App
2024-07-03T13:29:00Z,SEDENTARY,Fitbit App
2024-07-03T13:30:00Z,SEDENTARY,Fitbit App
2024-07-03T13:31:00Z,SEDENTARY,Fitbit App
2024-07-03T13:32:00Z,SEDENTARY,Fitbit App
2024-07-03T13:33:00Z,SEDENTARY,Fitbit App
2024-07-03T13:34:00Z,SEDENTARY,Fitbit App
2024-07-03T13:35:00Z,SEDENTARY,Fitbit App
2024-07-03T13:36:00Z,SEDENTARY,Fitbit App
2024-07-03T13:37:00Z,SEDENTARY,Fitbit App
2024-07-03T13:39:00Z,SEDENTARY,Fitbit App
2024-07-03T13:41:00Z,SEDENTARY,Fitbit App
2024-07-03T13:42:00Z,SEDENTARY,Fitbit App
2024-07-03T13:46:00Z,SEDENTARY,Fitbit App
2024-07-03T13:47:00Z,SEDENTARY,Fitbit App
2024-07-03T13:48:00Z,SEDENTARY,Fitbit App
2024-07-03T13:49:00Z,SEDENTARY,Fitbit App
2024-07-03T13:50:00Z,SEDENTARY,Fitbit App
2024-07-03T13:51:00Z,SEDENTARY,Fitbit App
2024-07-03T13:52:00Z,SEDENTARY,Fitbit App
2024-07-03T13:53:00Z,SEDENTARY,Fitbit App
2024-07-03T13:54:00Z,SEDENTARY,Fitbit App
2024-07-03T13:55:00Z,SEDENTARY,Fitbit App
2024-07-03T13:57:00Z,SEDENTARY,Fitbit App
2024-07-03T13:58:00Z,SEDENTARY,Fitbit App
2024-07-03T13:59:00Z,SEDENTARY,Fitbit App
2024-07-03T14:08:00Z,SEDENTARY,Fitbit App
2024-07-03T14:09:00Z,SEDENTARY,Fitbit App
2024-07-03T14:10:00Z,SEDENTARY,Fitbit App
2024-07-03T14:21:00Z,LIGHTLY_ACTIVE,Fitbit App
2024-07-03T14:22:00Z,SEDENTARY,Fitbit App
2024-07-03T14:23:00Z,SEDENTARY,Fitbit App
2024-07-03T14:25:00Z,SEDENTARY,Fitbit App
2024-07-03T14:26:00Z,LIGHTLY_ACTIVE,Fitbit App
2024-07-03T14:27:00Z,SEDENTARY,Fitbit App
2024-07-03T14:28:00Z,SEDENTARY,Fitbit App
2024-07-03T14:30:00Z,SEDENTARY,Fitbit App
2024-07-03T14:31:00Z,SEDENTARY,Fitbit App
2024-07-03T14:32:00Z,SEDENTARY,Fitbit App
2024-07-03T14:33:00Z,LIGHTLY_ACTIVE,Fitbit App
2024-07-03T14:34:00Z,LIGHTLY_ACTIVE,Fitbit App
2024-07-03T14:35:00Z,LIGHTLY_ACTIVE,Fitbit App
2024-07-03T14:36:00Z,LIGHTLY_ACTIVE,Fitbit App
2024-07-03T14:37:00Z,LIGHTLY_ACTIVE,Fitbit App
2024-07-03T14:38:00Z,SEDENTARY,Fitbit App
2024-07-03T14:39:00Z,SEDENTARY,Fitbit App
2024-07-03T14:41:00Z,SEDENTARY,Fitbit App
2024-07-03T14:42:00Z,SEDENTARY,Fitbit App
2024-07-03T14:43:00Z,SEDENTARY,Fitbit App
2024-07-03T14:44:00Z,LIGHTLY_ACTIVE,Fitbit App
2024-07-03T14:45:00Z,LIGHTLY_ACTIVE,Fitbit App
2024-07-03T14:46:00Z,LIGHTLY_ACTIVE,Fitbit App
2024-07-03T14:47:00Z,SEDENTARY,Fitbit App
2024-07-03T14:48:00Z,LIGHTLY_ACTIVE,Fitbit App
2024-07-03T14:49:00Z,SEDENTARY,Fitbit App
2024-07-03T14:50:00Z,SEDENTARY,Fitbit App
2024-07-03T14:51:00Z,SEDENTARY,Fitbit App
2024-07-03T14:52:00Z,SEDENTARY,Fitbit App
2024-07-03T14:53:00Z,SEDENTARY,Fitbit App
2024-07-03T14:54:00Z,SEDENTARY,Fitbit App
2024-07-03T14:55:00Z,SEDENTARY,Fitbit App
2024-07-03T14:56:00Z,LIGHTLY_ACTIVE,Fitbit App
2024-07-03T15:07:00Z,LIGHTLY_ACTIVE,Fitbit App
2024-07-03T15:08:00Z,LIGHTLY_ACTIVE,Fitbit App
2024-07-03T15:09:00Z,LIGHTLY_ACTIVE,Fitbit App
2024-07-03T15:10:00Z,MODERATELY_ACTIVE,Fitbit App
2024-07-03T15:11:00Z,LIGHTLY_ACTIVE,Fitbit App
2024-07-03T15:12:00Z,LIGHTLY_ACTIVE,Fitbit App
2024-07-03T15:13:00Z,LIGHTLY_ACTIVE,Fitbit App
2024-07-03T15:14:00Z,SEDENTARY,Fitbit App
2024-07-03T15:15:00Z,SEDENTARY,Fitbit App
2024-07-03T15:17:00Z,SEDENTARY,Fitbit App
2024-07-03T15:18:00Z,SEDENTARY,Fitbit App
2024-07-03T15:19:00Z,SEDENTARY,Fitbit App
2024-07-03T15:20:00Z,SEDENTARY,Fitbit App
2024-07-03T15:21:00Z,SEDENTARY,Fitbit App
2024-07-03T15:22:00Z,SEDENTARY,Fitbit App
2024-07-03T15:23:00Z,MODERATELY_ACTIVE,Fitbit App
2024-07-03T15:24:00Z,SEDENTARY,Fitbit App
2024-07-03T15:25:00Z,SEDENTARY,Fitbit App
2024-07-03T15:26:00Z,LIGHTLY_ACTIVE,Fitbit App
2024-07-03T15:27:00Z,SEDENTARY,Fitbit App
2024-07-03T15:28:00Z,SEDENTARY,Fitbit App
2024-07-03T15:29:00Z,LIGHTLY_ACTIVE,Fitbit App
2024-07-03T15:30:00Z,LIGHTLY_ACTIVE,Fitbit App
2024-07-03T15:31:00Z,LIGHTLY_ACTIVE,Fitbit App
2024-07-03T15:32:00Z,LIGHTLY_ACTIVE,Fitbit App
2024-07-03T15:33:00Z,SEDENTARY,Fitbit App
2024-07-03T15:34:00Z,SEDENTARY,Fitbit App
2024-07-03T15:36:00Z,SEDENTARY,Fitbit App
2024-07-03T15:37:00Z,SEDENTARY,Fitbit App
2024-07-03T15:38:00Z,SEDENTARY,Fitbit App
2024-07-03T15:43:00Z,SEDENTARY,Fitbit App
2024-07-03T15:44:00Z,SEDENTARY,Fitbit App
2024-07-03T15:46:00Z,SEDENTARY,Fitbit App
2024-07-03T15:47:00Z,LIGHTLY_ACTIVE,Fitbit App
2024-07-03T15:48:00Z,LIGHTLY_ACTIVE,Fitbit App
2024-07-03T15:49:00Z,LIGHTLY_ACTIVE,Fitbit App
2024-07-03T15:50:00Z,SEDENTARY,Fitbit App
2024-07-03T16:02:00Z,SEDENTARY,Fitbit App
2024-07-03T16:05:00Z,SEDENTARY,Fitbit App
2024-07-03T16:06:00Z,SEDENTARY,Fitbit App
2024-07-03T16:11:00Z,SEDENTARY,Fitbit App
2024-07-03T16:12:00Z,LIGHTLY_ACTIVE,Fitbit App
2024-07-03T16:13:00Z,LIGHTLY_ACTIVE,Fitbit App
2024-07-03T16:14:00Z,SEDENTARY,Fitbit App
2024-07-03T16:15:00Z,SEDENTARY,Fitbit App
2024-07-03T16:16:00Z,SEDENTARY,Fitbit App
2024-07-03T16:20:00Z,SEDENTARY,Fitbit App
2024-07-03T16:23:00Z,SEDENTARY,Fitbit App
2024-07-03T16:24:00Z,SEDENTARY,Fitbit App
2024-07-03T16:25:00Z,SEDENTARY,Fitbit App
2024-07-03T16:26:00Z,SEDENTARY,Fitbit App
2024-07-03T16:27:00Z,SEDENTARY,Fitbit App
2024-07-03T16:29:00Z,LIGHTLY_ACTIVE,Fitbit App
2024-07-03T16:30:00Z,LIGHTLY_ACTIVE,Fitbit App
2024-07-03T16:31:00Z,SEDENTARY,Fitbit App
2024-07-03T16:32:00Z,SEDENTARY,Fitbit App
2024-07-03T16:33:00Z,SEDENTARY,Fitbit App
2024-07-03T16:34:00Z,LIGHTLY_ACTIVE,Fitbit App
2024-07-03T16:35:00Z,LIGHTLY_ACTIVE,Fitbit App
2024-07-03T16:36:00Z,LIGHTLY_ACTIVE,Fitbit App
2024-07-03T16:37:00Z,LIGHTLY_ACTIVE,Fitbit App
2024-07-03T16:38:00Z,LIGHTLY_ACTIVE,Fitbit App
2024-07-03T16:39:00Z,LIGHTLY_ACTIVE,Fitbit App
2024-07-03T16:40:00Z,LIGHTLY_ACTIVE,Fitbit App
2024-07-03T16:41:00Z,SEDENTARY,Fitbit App
2024-07-03T16:42:00Z,SEDENTARY,Fitbit App
2024-07-03T16:43:00Z,SEDENTARY,Fitbit App
2024-07-03T16:44:00Z,SEDENTARY,Fitbit App
2024-07-03T16:45:00Z,SEDENTARY,Fitbit App
2024-07-03T16:46:00Z,SEDENTARY,Fitbit App
2024-07-03T16:47:00Z,SEDENTARY,Fitbit App
2024-07-03T16:48:00Z,SEDENTARY,Fitbit App
2024-07-03T16:49:00Z,SEDENTARY,Fitbit App
2024-07-03T16:50:00Z,SEDENTARY,Fitbit App
2024-07-03T16:51:00Z,SEDENTARY,Fitbit App
2024-07-03T16:52:00Z,SEDENTARY,Fitbit App
2024-07-03T16:53:00Z,SEDENTARY,Fitbit App
2024-07-03T16:55:00Z,LIGHTLY_ACTIVE,Fitbit App
2024-07-03T16:56:00Z,SEDENTARY,Fitbit App
2024-07-03T16:57:00Z,LIGHTLY_ACTIVE,Fitbit App
2024-07-03T16:58:00Z,LIGHTLY_ACTIVE,Fitbit App
2024-07-03T16:59:00Z,LIGHTLY_ACTIVE,Fitbit App
2024-07-03T17:02:00Z,LIGHTLY_ACTIVE,Fitbit App
2024-07-03T17:03:00Z,LIGHTLY_ACTIVE,Fitbit App
2024-07-03T17:04:00Z,SEDENTARY,Fitbit App
2024-07-03T17:27:00Z,LIGHTLY_ACTIVE,Fitbit App
2024-07-03T17:28:00Z,SEDENTARY,Fitbit App
2024-07-03T17:29:00Z,SEDENTARY,Fitbit App
2024-07-03T17:30:00Z,SEDENTARY,Fitbit App
2024-07-03T17:37:00Z,SEDENTARY,Fitbit App
2024-07-03T17:38:00Z,SEDENTARY,Fitbit App
2024-07-03T17:40:00Z,SEDENTARY,Fitbit App
2024-07-03T17:44:00Z,SEDENTARY,Fitbit App
2024-07-03T17:45:00Z,SEDENTARY,Fitbit App
2024-07-03T17:48:00Z,LIGHTLY_ACTIVE,Fitbit App
2024-07-03T17:49:00Z,LIGHTLY_ACTIVE,Fitbit App
2024-07-03T17:50:00Z,LIGHTLY_ACTIVE,Fitbit App
2024-07-03T17:51:00Z,LIGHTLY_ACTIVE,Fitbit App
2024-07-03T17:52:00Z,SEDENTARY,Fitbit App
2024-07-03T17:54:00Z,LIGHTLY_ACTIVE,Fitbit App
2024-07-03T17:56:00Z,LIGHTLY_ACTIVE,Fitbit App
2024-07-03T17:57:00Z,LIGHTLY_ACTIVE,Fitbit App
2024-07-03T18:18:00Z,SEDENTARY,Fitbit App
2024-07-03T18:19:00Z,SEDENTARY,Fitbit App
2024-07-03T18:26:00Z,SEDENTARY,Fitbit App
2024-07-03T18:27:00Z,LIGHTLY_ACTIVE,Fitbit App
2024-07-03T18:28:00Z,LIGHTLY_ACTIVE,Fitbit App
2024-07-03T18:29:00Z,SEDENTARY,Fitbit App
2024-07-03T18:36:00Z,SEDENTARY,Fitbit App
2024-07-03T18:37:00Z,LIGHTLY_ACTIVE,Fitbit App
2024-07-03T18:38:00Z,LIGHTLY_ACTIVE,Fitbit App
2024-07-03T18:44:00Z,SEDENTARY,Fitbit App
2024-07-03T18:50:00Z,SEDENTARY,Fitbit App
2024-07-03T18:52:00Z,SEDENTARY,Fitbit App
2024-07-03T18:53:00Z,LIGHTLY_ACTIVE,Fitbit App
2024-07-03T18:54:00Z,SEDENTARY,Fitbit App
2024-07-03T18:55:00Z,SEDENTARY,Fitbit App
2024-07-03T18:57:00Z,LIGHTLY_ACTIVE,Fitbit App
2024-07-03T18:58:00Z,SEDENTARY,Fitbit App
2024-07-03T18:59:00Z,LIGHTLY_ACTIVE,Fitbit App
2024-07-03T19:00:00Z,LIGHTLY_ACTIVE,Fitbit App
2024-07-03T19:01:00Z,SEDENTARY,Fitbit App
2024-07-03T19:02:00Z,LIGHTLY_ACTIVE,Fitbit App
2024-07-03T19:03:00Z,LIGHTLY_ACTIVE,Fitbit App
2024-07-03T19:04:00Z,SEDENTARY,Fitbit App
2024-07-03T19:05:00Z,SEDENTARY,Fitbit App
2024-07-03T19:07:00Z,SEDENTARY,Fitbit App
2024-07-03T19:25:00Z,SEDENTARY,Fitbit App
2024-07-03T19:26:00Z,SEDENTARY,Fitbit App
2024-07-03T19:27:00Z,SEDENTARY,Fitbit App
2024-07-03T19:30:00Z,SEDENTARY,Fitbit App
2024-07-03T19:31:00Z,SEDENTARY,Fitbit App
2024-07-03T19:33:00Z,LIGHTLY_ACTIVE,Fitbit App
2024-07-03T19:34:00Z,LIGHTLY_ACTIVE,Fitbit App
2024-07-03T19:35:00Z,SEDENTARY,Fitbit App
2024-07-03T19:36:00Z,SEDENTARY,Fitbit App
2024-07-03T19:37:00Z,SEDENTARY,Fitbit App
2024-07-03T19:38:00Z,SEDENTARY,Fitbit App
2024-07-03T19:39:00Z,SEDENTARY,Fitbit App
2024-07-03T19:40:00Z,SEDENTARY,Fitbit App
2024-07-03T19:41:00Z,SEDENTARY,Fitbit App
2024-07-03T19:43:00Z,LIGHTLY_ACTIVE,Fitbit App
2024-07-03T19:44:00Z,LIGHTLY_ACTIVE,Fitbit App
2024-07-03T19:45:00Z,LIGHTLY_ACTIVE,Fitbit App
2024-07-03T19:46:00Z,LIGHTLY_ACTIVE,Fitbit App
2024-07-03T19:47:00Z,LIGHTLY_ACTIVE,Fitbit App
2024-07-03T19:48:00Z,SEDENTARY,Fitbit App
2024-07-03T19:49:00Z,LIGHTLY_ACTIVE,Fitbit App
2024-07-03T19:50:00Z,SEDENTARY,Fitbit App
2024-07-03T19:51:00Z,SEDENTARY,Fitbit App
2024-07-03T19:52:00Z,LIGHTLY_ACTIVE,Fitbit App
2024-07-03T19:53:00Z,LIGHTLY_ACTIVE,Fitbit App
2024-07-03T19:54:00Z,SEDENTARY,Fitbit App
2024-07-03T19:55:00Z,SEDENTARY,Fitbit App
2024-07-03T19:56:00Z,SEDENTARY,Fitbit App
2024-07-03T19:57:00Z,LIGHTLY_ACTIVE,Fitbit App
2024-07-03T19:58:00Z,SEDENTARY,Fitbit App
2024-07-03T19:59:00Z,SEDENTARY,Fitbit App
2024-07-03T20:00:00Z,LIGHTLY_ACTIVE,Fitbit App
2024-07-03T20:01:00Z,SEDENTARY,Fitbit App
2024-07-03T20:02:00Z,SEDENTARY,Fitbit App
2024-07-03T20:03:00Z,SEDENTARY,Fitbit App
2024-07-03T20:04:00Z,SEDENTARY,Fitbit App
2024-07-03T20:07:00Z,LIGHTLY_ACTIVE,Fitbit App
2024-07-03T20:08:00Z,LIGHTLY_ACTIVE,Fitbit App
2024-07-03T20:09:00Z,SEDENTARY,Fitbit App
2024-07-03T20:40:00Z,SEDENTARY,Fitbit App
2024-07-03T20:41:00Z,SEDENTARY,Fitbit App
2024-07-03T20:42:00Z,SEDENTARY,Fitbit App
2024-07-03T20:50:00Z,SEDENTARY,Fitbit App
2024-07-03T20:51:00Z,SEDENTARY,Fitbit App
2024-07-03T20:54:00Z,SEDENTARY,Fitbit App
2024-07-03T20:55:00Z,SEDENTARY,Fitbit App
2024-07-03T20:56:00Z,SEDENTARY,Fitbit App
2024-07-03T20:57:00Z,SEDENTARY,Fitbit App
2024-07-03T20:58:00Z,SEDENTARY,Fitbit App
2024-07-03T21:00:00Z,SEDENTARY,Fitbit App
2024-07-03T21:02:00Z,LIGHTLY_ACTIVE,Fitbit App
2024-07-03T21:03:00Z,LIGHTLY_ACTIVE,Fitbit App
2024-07-03T21:04:00Z,LIGHTLY_ACTIVE,Fitbit App
2024-07-03T21:05:00Z,LIGHTLY_ACTIVE,Fitbit App
2024-07-03T21:06:00Z,LIGHTLY_ACTIVE,Fitbit App
2024-07-03T22:48:00Z,SEDENTARY,Fitbit App
2024-07-03T23:47:00Z,SEDENTARY,Fitbit App
2024-07-04T00:18:00Z,SEDENTARY,Fitbit App
2024-07-04T00:19:00Z,SEDENTARY,Fitbit App
2024-07-04T00:42:00Z,SEDENTARY,Fitbit App
2024-07-04T00:52:00Z,SEDENTARY,Fitbit App
2024-07-04T00:53:00Z,SEDENTARY,Fitbit App
2024-07-04T01:49:00Z,SEDENTARY,Fitbit App
2024-07-04T02:35:00Z,SEDENTARY,Fitbit App
2024-07-04T03:53:00Z,SEDENTARY,Fitbit App
2024-07-04T04:12:00Z,SEDENTARY,Fitbit App
2024-07-04T04:32:00Z,LIGHTLY_ACTIVE,Fitbit App
2024-07-04T04:43:00Z,SEDENTARY,Fitbit App
2024-07-04T04:52:00Z,SEDENTARY,Fitbit App
2024-07-04T05:21:00Z,SEDENTARY,Fitbit App
2024-07-04T06:00:00Z,SEDENTARY,Fitbit App
2024-07-04T06:01:00Z,SEDENTARY,Fitbit App
2024-07-04T06:02:00Z,LIGHTLY_ACTIVE,Fitbit App
2024-07-04T06:03:00Z,SEDENTARY,Fitbit App
2024-07-04T06:04:00Z,LIGHTLY_ACTIVE,Fitbit App
2024-07-04T06:05:00Z,LIGHTLY_ACTIVE,Fitbit App
2024-07-04T06:06:00Z,SEDENTARY,Fitbit App
2024-07-04T06:07:00Z,LIGHTLY_ACTIVE,Fitbit App
2024-07-04T06:08:00Z,SEDENTARY,Fitbit App
2024-07-04T06:09:00Z,SEDENTARY,Fitbit App
2024-07-04T06:10:00Z,SEDENTARY,Fitbit App
2024-07-04T06:11:00Z,SEDENTARY,Fitbit App
2024-07-04T06:12:00Z,SEDENTARY,Fitbit App
2024-07-04T06:13:00Z,SEDENTARY,Fitbit App
2024-07-04T06:14:00Z,SEDENTARY,Fitbit App
2024-07-04T06:15:00Z,SEDENTARY,Fitbit App
2024-07-04T06:16:00Z,SEDENTARY,Fitbit App
2024-07-04T06:17:00Z,LIGHTLY_ACTIVE,Fitbit App
2024-07-04T06:18:00Z,SEDENTARY,Fitbit App
2024-07-04T06:19:00Z,LIGHTLY_ACTIVE,Fitbit App
2024-07-04T06:20:00Z,LIGHTLY_ACTIVE,Fitbit App
2024-07-04T06:21:00Z,LIGHTLY_ACTIVE,Fitbit App
2024-07-04T06:22:00Z,SEDENTARY,Fitbit App
2024-07-04T06:23:00Z,SEDENTARY,Fitbit App
2024-07-04T06:32:00Z,LIGHTLY_ACTIVE,Fitbit App
2024-07-04T06:34:00Z,SEDENTARY,Fitbit App
2024-07-04T06:36:00Z,SEDENTARY,Fitbit App
2024-07-04T06:37:00Z,SEDENTARY,Fitbit App
2024-07-04T06:38:00Z,SEDENTARY,Fitbit App
2024-07-04T06:40:00Z,SEDENTARY,Fitbit App
2024-07-04T06:41:00Z,SEDENTARY,Fitbit App
2024-07-04T06:43:00Z,SEDENTARY,Fitbit App
2024-07-04T06:45:00Z,SEDENTARY,Fitbit App
2024-07-04T06:46:00Z,LIGHTLY_ACTIVE,Fitbit App
2024-07-04T06:47:00Z,SEDENTARY,Fitbit App
2024-07-04T06:48:00Z,LIGHTLY_ACTIVE,Fitbit App
2024-07-04T06:49:00Z,SEDENTARY,Fitbit App
2024-07-04T06:50:00Z,LIGHTLY_ACTIVE,Fitbit App
2024-07-04T06:51:00Z,SEDENTARY,Fitbit App
2024-07-04T06:52:00Z,LIGHTLY_ACTIVE,Fitbit App
2024-07-04T06:53:00Z,LIGHTLY_ACTIVE,Fitbit App
2024-07-04T06:54:00Z,LIGHTLY_ACTIVE,Fitbit App
2024-07-04T06:55:00Z,SEDENTARY,Fitbit App
2024-07-04T06:56:00Z,SEDENTARY,Fitbit App
2024-07-04T06:57:00Z,LIGHTLY_ACTIVE,Fitbit App
2024-07-04T06:58:00Z,SEDENTARY,Fitbit App
2024-07-04T07:00:00Z,LIGHTLY_ACTIVE,Fitbit App
2024-07-04T07:01:00Z,SEDENTARY,Fitbit App
2024-07-04T07:02:00Z,SEDENTARY,Fitbit App
2024-07-04T07:03:00Z,SEDENTARY,Fitbit App
2024-07-04T07:04:00Z,SEDENTARY,Fitbit App
2024-07-04T07:05:00Z,SEDENTARY,Fitbit App
2024-07-04T07:06:00Z,SEDENTARY,Fitbit App
2024-07-04T07:07:00Z,LIGHTLY_ACTIVE,Fitbit App
2024-07-04T07:08:00Z,SEDENTARY,Fitbit App
2024-07-04T07:09:00Z,LIGHTLY_ACTIVE,Fitbit App
2024-07-04T07:10:00Z,SEDENTARY,Fitbit App
2024-07-04T07:11:00Z,SEDENTARY,Fitbit App
2024-07-04T07:12:00Z,SEDENTARY,Fitbit App
2024-07-04T07:13:00Z,LIGHTLY_ACTIVE,Fitbit App
2024-07-04T07:14:00Z,SEDENTARY,Fitbit App
2024-07-04T07:15:00Z,SEDENTARY,Fitbit App
2024-07-04T07:16:00Z,SEDENTARY,Fitbit App
2024-07-04T07:17:00Z,SEDENTARY,Fitbit App
2024-07-04T07:18:00Z,SEDENTARY,Fitbit App
2024-07-04T07:19:00Z,SEDENTARY,Fitbit App
2024-07-04T07:20:00Z,SEDENTARY,Fitbit App
2024-07-04T07:21:00Z,SEDENTARY,Fitbit App
2024-07-04T07:22:00Z,LIGHTLY_ACTIVE,Fitbit App
2024-07-04T07:23:00Z,SEDENTARY,Fitbit App
2024-07-04T07:24:00Z,SEDENTARY,Fitbit App
2024-07-04T07:26:00Z,SEDENTARY,Fitbit App
2024-07-04T07:27:00Z,SEDENTARY,Fitbit App
2024-07-04T07:28:00Z,SEDENTARY,Fitbit App
2024-07-04T07:29:00Z,SEDENTARY,Fitbit App
2024-07-04T07:30:00Z,SEDENTARY,Fitbit App
2024-07-04T07:31:00Z,LIGHTLY_ACTIVE,Fitbit App
2024-07-04T07:32:00Z,SEDENTARY,Fitbit App
2024-07-04T07:33:00Z,SEDENTARY,Fitbit App
2024-07-04T07:34:00Z,SEDENTARY,Fitbit App
2024-07-04T07:35:00Z,SEDENTARY,Fitbit App
2024-07-04T07:36:00Z,SEDENTARY,Fitbit App
2024-07-04T07:37:00Z,SEDENTARY,Fitbit App
2024-07-04T07:38:00Z,SEDENTARY,Fitbit App
2024-07-04T07:39:00Z,SEDENTARY,Fitbit App
2024-07-04T07:40:00Z,SEDENTARY,Fitbit App
2024-07-04T07:41:00Z,LIGHTLY_ACTIVE,Fitbit App
2024-07-04T07:42:00Z,SEDENTARY,Fitbit App
2024-07-04T07:43:00Z,SEDENTARY,Fitbit App
2024-07-04T07:44:00Z,SEDENTARY,Fitbit App
2024-07-04T07:45:00Z,SEDENTARY,Fitbit App
2024-07-04T07:46:00Z,SEDENTARY,Fitbit App
2024-07-04T07:47:00Z,SEDENTARY,Fitbit App
2024-07-04T07:48:00Z,SEDENTARY,Fitbit App
2024-07-04T07:49:00Z,SEDENTARY,Fitbit App
2024-07-04T07:50:00Z,SEDENTARY,Fitbit App
2024-07-04T07:51:00Z,LIGHTLY_ACTIVE,Fitbit App
2024-07-04T07:52:00Z,LIGHTLY_ACTIVE,Fitbit App
2024-07-04T07:53:00Z,SEDENTARY,Fitbit App
2024-07-04T07:54:00Z,LIGHTLY_ACTIVE,Fitbit App
2024-07-04T07:55:00Z,LIGHTLY_ACTIVE,Fitbit App
2024-07-04T07:56:00Z,SEDENTARY,Fitbit App
2024-07-04T07:58:00Z,SEDENTARY,Fitbit App
2024-07-04T07:59:00Z,SEDENTARY,Fitbit App
2024-07-04T08:00:00Z,SEDENTARY,Fitbit App
2024-07-04T08:02:00Z,SEDENTARY,Fitbit App
2024-07-04T08:05:00Z,SEDENTARY,Fitbit App
2024-07-04T08:07:00Z,SEDENTARY,Fitbit App
2024-07-04T08:12:00Z,LIGHTLY_ACTIVE,Fitbit App
2024-07-04T08:13:00Z,LIGHTLY_ACTIVE,Fitbit App
2024-07-04T08:14:00Z,SEDENTARY,Fitbit App
2024-07-04T08:15:00Z,SEDENTARY,Fitbit App
2024-07-04T08:16:00Z,SEDENTARY,Fitbit App
2024-07-04T08:17:00Z,SEDENTARY,Fitbit App
2024-07-04T08:18:00Z,SEDENTARY,Fitbit App
2024-07-04T08:19:00Z,SEDENTARY,Fitbit App
2024-07-04T08:20:00Z,LIGHTLY_ACTIVE,Fitbit App
2024-07-04T08:21:00Z,MODERATELY_ACTIVE,Fitbit App
2024-07-04T08:22:00Z,LIGHTLY_ACTIVE,Fitbit App
2024-07-04T08:23:00Z,LIGHTLY_ACTIVE,Fitbit App
2024-07-04T08:24:00Z,LIGHTLY_ACTIVE,Fitbit App
2024-07-04T08:25:00Z,LIGHTLY_ACTIVE,Fitbit App
2024-07-04T08:26:00Z,LIGHTLY_ACTIVE,Fitbit App
2024-07-04T08:27:00Z,LIGHTLY_ACTIVE,Fitbit App
2024-07-04T08:28:00Z,LIGHTLY_ACTIVE,Fitbit App
2024-07-04T08:29:00Z,LIGHTLY_ACTIVE,Fitbit App
2024-07-04T08:30:00Z,LIGHTLY_ACTIVE,Fitbit App
2024-07-04T08:31:00Z,LIGHTLY_ACTIVE,Fitbit App
2024-07-04T08:32:00Z,SEDENTARY,Fitbit App
2024-07-04T08:33:00Z,LIGHTLY_ACTIVE,Fitbit App
2024-07-04T08:34:00Z,SEDENTARY,Fitbit App
2024-07-04T08:35:00Z,SEDENTARY,Fitbit App
2024-07-04T08:36:00Z,SEDENTARY,Fitbit App
2024-07-04T08:37:00Z,LIGHTLY_ACTIVE,Fitbit App
2024-07-04T08:38:00Z,SEDENTARY,Fitbit App
2024-07-04T08:39:00Z,LIGHTLY_ACTIVE,Fitbit App
2024-07-04T08:40:00Z,LIGHTLY_ACTIVE,Fitbit App
2024-07-04T08:41:00Z,LIGHTLY_ACTIVE,Fitbit App
2024-07-04T08:42:00Z,SEDENTARY,Fitbit App
2024-07-04T08:43:00Z,SEDENTARY,Fitbit App
2024-07-04T08:44:00Z,LIGHTLY_ACTIVE,Fitbit App
2024-07-04T08:45:00Z,LIGHTLY_ACTIVE,Fitbit App
2024-07-04T08:46:00Z,LIGHTLY_ACTIVE,Fitbit App
2024-07-04T08:47:00Z,LIGHTLY_ACTIVE,Fitbit App
2024-07-04T08:48:00Z,SEDENTARY,Fitbit App
2024-07-04T08:49:00Z,SEDENTARY,Fitbit App
2024-07-04T08:50:00Z,SEDENTARY,Fitbit App
2024-07-04T08:51:00Z,LIGHTLY_ACTIVE,Fitbit App
2024-07-04T08:52:00Z,LIGHTLY_ACTIVE,Fitbit App
2024-07-04T08:53:00Z,LIGHTLY_ACTIVE,Fitbit App
2024-07-04T08:54:00Z,SEDENTARY,Fitbit App
2024-07-04T08:55:00Z,LIGHTLY_ACTIVE,Fitbit App
2024-07-04T08:56:00Z,SEDENTARY,Fitbit App
2024-07-04T09:03:00Z,SEDENTARY,Fitbit App
2024-07-04T09:04:00Z,SEDENTARY,Fitbit App
2024-07-04T09:15:00Z,SEDENTARY,Fitbit App
2024-07-04T09:17:00Z,LIGHTLY_ACTIVE,Fitbit App
2024-07-04T09:18:00Z,LIGHTLY_ACTIVE,Fitbit App
2024-07-04T09:19:00Z,SEDENTARY,Fitbit App
2024-07-04T09:20:00Z,LIGHTLY_ACTIVE,Fitbit App
2024-07-04T09:21:00Z,SEDENTARY,Fitbit App
2024-07-04T09:22:00Z,LIGHTLY_ACTIVE,Fitbit App
2024-07-04T09:23:00Z,LIGHTLY_ACTIVE,Fitbit App
2024-07-04T09:24:00Z,LIGHTLY_ACTIVE,Fitbit App
2024-07-04T09:25:00Z,LIGHTLY_ACTIVE,Fitbit App
2024-07-04T09:26:00Z,LIGHTLY_ACTIVE,Fitbit App
2024-07-04T09:27:00Z,LIGHTLY_ACTIVE,Fitbit App
2024-07-04T09:28:00Z,SEDENTARY,Fitbit App
2024-07-04T09:29:00Z,SEDENTARY,Fitbit App
2024-07-04T09:42:00Z,LIGHTLY_ACTIVE,Fitbit App
2024-07-04T09:43:00Z,LIGHTLY_ACTIVE,Fitbit App
2024-07-04T09:44:00Z,LIGHTLY_ACTIVE,Fitbit App
2024-07-04T09:45:00Z,LIGHTLY_ACTIVE,Fitbit App
2024-07-04T09:46:00Z,LIGHTLY_ACTIVE,Fitbit App
2024-07-04T09:47:00Z,LIGHTLY_ACTIVE,Fitbit App
2024-07-04T09:48:00Z,LIGHTLY_ACTIVE,Fitbit App
2024-07-04T09:49:00Z,SEDENTARY,Fitbit App
2024-07-04T09:50:00Z,SEDENTARY,Fitbit App
2024-07-04T09:51:00Z,SEDENTARY,Fitbit App
2024-07-04T09:52:00Z,SEDENTARY,Fitbit App
2024-07-04T09:53:00Z,SEDENTARY,Fitbit App
2024-07-04T09:54:00Z,SEDENTARY,Fitbit App
2024-07-04T09:55:00Z,SEDENTARY,Fitbit App
2024-07-04T09:56:00Z,LIGHTLY_ACTIVE,Fitbit App
2024-07-04T09:57:00Z,SEDENTARY,Fitbit App
2024-07-04T09:58:00Z,LIGHTLY_ACTIVE,Fitbit App
2024-07-04T09:59:00Z,LIGHTLY_ACTIVE,Fitbit App
2024-07-04T10:00:00Z,LIGHTLY_ACTIVE,Fitbit App
2024-07-04T10:01:00Z,LIGHTLY_ACTIVE,Fitbit App
2024-07-04T10:02:00Z,LIGHTLY_ACTIVE,Fitbit App
2024-07-04T10:03:00Z,SEDENTARY,Fitbit App
2024-07-04T10:04:00Z,SEDENTARY,Fitbit App
2024-07-04T10:05:00Z,LIGHTLY_ACTIVE,Fitbit App
2024-07-04T10:06:00Z,SEDENTARY,Fitbit App
2024-07-04T10:09:00Z,SEDENTARY,Fitbit App
2024-07-04T10:10:00Z,LIGHTLY_ACTIVE,Fitbit App
2024-07-04T10:11:00Z,SEDENTARY,Fitbit App
2024-07-04T10:12:00Z,SEDENTARY,Fitbit App
2024-07-04T10:13:00Z,SEDENTARY,Fitbit App
2024-07-04T10:14:00Z,SEDENTARY,Fitbit App
2024-07-04T10:15:00Z,SEDENTARY,Fitbit App
2024-07-04T10:16:00Z,SEDENTARY,Fitbit App
2024-07-04T10:17:00Z,LIGHTLY_ACTIVE,Fitbit App
2024-07-04T10:18:00Z,SEDENTARY,Fitbit App
2024-07-04T10:19:00Z,SEDENTARY,Fitbit App
2024-07-04T10:20:00Z,LIGHTLY_ACTIVE,Fitbit App
2024-07-04T10:21:00Z,LIGHTLY_ACTIVE,Fitbit App
2024-07-04T10:22:00Z,LIGHTLY_ACTIVE,Fitbit App
2024-07-04T10:23:00Z,LIGHTLY_ACTIVE,Fitbit App
2024-07-04T10:24:00Z,LIGHTLY_ACTIVE,Fitbit App
2024-07-04T10:25:00Z,LIGHTLY_ACTIVE,Fitbit App
2024-07-04T10:26:00Z,LIGHTLY_ACTIVE,Fitbit App
2024-07-04T10:27:00Z,LIGHTLY_ACTIVE,Fitbit App
2024-07-04T10:28:00Z,LIGHTLY_ACTIVE,Fitbit App
2024-07-04T10:29:00Z,LIGHTLY_ACTIVE,Fitbit App
2024-07-04T10:30:00Z,LIGHTLY_ACTIVE,Fitbit App
2024-07-04T10:31:00Z,LIGHTLY_ACTIVE,Fitbit App
2024-07-04T10:32:00Z,LIGHTLY_ACTIVE,Fitbit App
2024-07-04T10:33:00Z,SEDENTARY,Fitbit App
2024-07-04T10:34:00Z,SEDENTARY,Fitbit App
2024-07-04T10:35:00Z,SEDENTARY,Fitbit App
2024-07-04T10:36:00Z,SEDENTARY,Fitbit App
2024-07-04T10:37:00Z,LIGHTLY_ACTIVE,Fitbit App
2024-07-04T10:38:00Z,LIGHTLY_ACTIVE,Fitbit App
2024-07-04T10:39:00Z,LIGHTLY_ACTIVE,Fitbit App
2024-07-04T10:40:00Z,LIGHTLY_ACTIVE,Fitbit App
2024-07-04T10:41:00Z,LIGHTLY_ACTIVE,Fitbit App
2024-07-04T10:42:00Z,LIGHTLY_ACTIVE,Fitbit App
2024-07-04T10:43:00Z,SEDENTARY,Fitbit App
2024-07-04T10:44:00Z,LIGHTLY_ACTIVE,Fitbit App
2024-07-04T10:45:00Z,LIGHTLY_ACTIVE,Fitbit App
2024-07-04T10:46:00Z,LIGHTLY_ACTIVE,Fitbit App
2024-07-04T10:47:00Z,SEDENTARY,Fitbit App
2024-07-04T10:48:00Z,LIGHTLY_ACTIVE,Fitbit App
2024-07-04T10:49:00Z,LIGHTLY_ACTIVE,Fitbit App
2024-07-04T10:50:00Z,LIGHTLY_ACTIVE,Fitbit App
2024-07-04T10:51:00Z,LIGHTLY_ACTIVE,Fitbit App
2024-07-04T10:52:00Z,LIGHTLY_ACTIVE,Fitbit App
2024-07-04T10:53:00Z,LIGHTLY_ACTIVE,Fitbit App
2024-07-04T10:54:00Z,LIGHTLY_ACTIVE,Fitbit App
2024-07-04T10:55:00Z,SEDENTARY,Fitbit App
2024-07-04T10:56:00Z,SEDENTARY,Fitbit App
2024-07-04T10:57:00Z,SEDENTARY,Fitbit App
2024-07-04T10:58:00Z,SEDENTARY,Fitbit App
2024-07-04T11:00:00Z,SEDENTARY,Fitbit App
2024-07-04T11:01:00Z,SEDENTARY,Fitbit App
2024-07-04T11:02:00Z,SEDENTARY,Fitbit App
2024-07-04T11:03:00Z,SEDENTARY,Fitbit App
2024-07-04T11:04:00Z,LIGHTLY_ACTIVE,Fitbit App
2024-07-04T11:05:00Z,SEDENTARY,Fitbit App
2024-07-04T11:06:00Z,SEDENTARY,Fitbit App
2024-07-04T11:07:00Z,SEDENTARY,Fitbit App
2024-07-04T11:08:00Z,SEDENTARY,Fitbit App
2024-07-04T11:09:00Z,SEDENTARY,Fitbit App
2024-07-04T11:10:00Z,LIGHTLY_ACTIVE,Fitbit App
2024-07-04T11:11:00Z,SEDENTARY,Fitbit App
2024-07-04T11:12:00Z,SEDENTARY,Fitbit App
2024-07-04T11:13:00Z,SEDENTARY,Fitbit App
2024-07-04T11:14:00Z,SEDENTARY,Fitbit App
2024-07-04T11:15:00Z,SEDENTARY,Fitbit App
2024-07-04T11:16:00Z,SEDENTARY,Fitbit App
2024-07-04T11:18:00Z,SEDENTARY,Fitbit App
2024-07-04T11:19:00Z,SEDENTARY,Fitbit App
2024-07-04T11:20:00Z,SEDENTARY,Fitbit App
2024-07-04T11:21:00Z,SEDENTARY,Fitbit App
2024-07-04T11:23:00Z,SEDENTARY,Fitbit App
2024-07-04T11:26:00Z,SEDENTARY,Fitbit App
2024-07-04T11:31:00Z,SEDENTARY,Fitbit App
2024-07-04T11:32:00Z,SEDENTARY,Fitbit App
2024-07-04T11:33:00Z,SEDENTARY,Fitbit App
2024-07-04T11:34:00Z,SEDENTARY,Fitbit App
2024-07-04T11:35:00Z,SEDENTARY,Fitbit App
2024-07-04T11:36:00Z,SEDENTARY,Fitbit App
2024-07-04T11:37:00Z,SEDENTARY,Fitbit App
2024-07-04T11:38:00Z,SEDENTARY,Fitbit App
2024-07-04T11:39:00Z,SEDENTARY,Fitbit App
2024-07-04T11:40:00Z,LIGHTLY_ACTIVE,Fitbit App
2024-07-04T11:41:00Z,LIGHTLY_ACTIVE,Fitbit App
2024-07-04T11:42:00Z,SEDENTARY,Fitbit App
2024-07-04T11:43:00Z,SEDENTARY,Fitbit App
2024-07-04T11:44:00Z,SEDENTARY,Fitbit App
2024-07-04T11:45:00Z,SEDENTARY,Fitbit App
2024-07-04T11:46:00Z,SEDENTARY,Fitbit App
2024-07-04T11:47:00Z,SEDENTARY,Fitbit App
2024-07-04T11:48:00Z,SEDENTARY,Fitbit App
2024-07-04T11:49:00Z,SEDENTARY,Fitbit App
2024-07-04T11:54:00Z,SEDENTARY,Fitbit App
2024-07-04T11:55:00Z,SEDENTARY,Fitbit App
2024-07-04T11:56:00Z,SEDENTARY,Fitbit App
2024-07-04T11:57:00Z,SEDENTARY,Fitbit App
2024-07-04T11:58:00Z,LIGHTLY_ACTIVE,Fitbit App
2024-07-04T11:59:00Z,SEDENTARY,Fitbit App
2024-07-04T12:02:00Z,LIGHTLY_ACTIVE,Fitbit App
2024-07-04T12:03:00Z,SEDENTARY,Fitbit App
2024-07-04T12:04:00Z,SEDENTARY,Fitbit App
2024-07-04T12:05:00Z,SEDENTARY,Fitbit App
2024-07-04T12:06:00Z,SEDENTARY,Fitbit App
2024-07-04T12:07:00Z,SEDENTARY,Fitbit App
2024-07-04T12:08:00Z,SEDENTARY,Fitbit App
2024-07-04T12:09:00Z,SEDENTARY,Fitbit App
2024-07-04T12:10:00Z,SEDENTARY,Fitbit App
2024-07-04T12:11:00Z,SEDENTARY,Fitbit App
2024-07-04T12:12:00Z,SEDENTARY,Fitbit App
2024-07-04T12:13:00Z,SEDENTARY,Fitbit App
2024-07-04T12:14:00Z,SEDENTARY,Fitbit App
2024-07-04T12:15:00Z,SEDENTARY,Fitbit App
2024-07-04T12:16:00Z,SEDENTARY,Fitbit App
2024-07-04T12:17:00Z,SEDENTARY,Fitbit App
2024-07-04T12:18:00Z,SEDENTARY,Fitbit App
2024-07-04T12:19:00Z,SEDENTARY,Fitbit App
2024-07-04T12:20:00Z,SEDENTARY,Fitbit App
2024-07-04T12:21:00Z,SEDENTARY,Fitbit App
2024-07-04T12:22:00Z,SEDENTARY,Fitbit App
2024-07-04T12:23:00Z,SEDENTARY,Fitbit App
2024-07-04T12:24:00Z,SEDENTARY,Fitbit App
2024-07-04T12:25:00Z,SEDENTARY,Fitbit App
2024-07-04T12:26:00Z,SEDENTARY,Fitbit App
2024-07-04T12:27:00Z,SEDENTARY,Fitbit App
2024-07-04T12:28:00Z,SEDENTARY,Fitbit App
2024-07-04T12:29:00Z,SEDENTARY,Fitbit App
2024-07-04T12:30:00Z,SEDENTARY,Fitbit App
2024-07-04T12:31:00Z,SEDENTARY,Fitbit App
2024-07-04T12:32:00Z,SEDENTARY,Fitbit App
2024-07-04T12:36:00Z,SEDENTARY,Fitbit App
2024-07-04T12:37:00Z,SEDENTARY,Fitbit App
2024-07-04T12:38:00Z,SEDENTARY,Fitbit App
2024-07-04T12:39:00Z,LIGHTLY_ACTIVE,Fitbit App
2024-07-04T12:40:00Z,LIGHTLY_ACTIVE,Fitbit App
2024-07-04T12:41:00Z,LIGHTLY_ACTIVE,Fitbit App
2024-07-04T12:42:00Z,SEDENTARY,Fitbit App
2024-07-04T12:43:00Z,SEDENTARY,Fitbit App
2024-07-04T12:45:00Z,SEDENTARY,Fitbit App
2024-07-04T12:46:00Z,SEDENTARY,Fitbit App
2024-07-04T12:47:00Z,SEDENTARY,Fitbit App
2024-07-04T12:49:00Z,SEDENTARY,Fitbit App
2024-07-04T12:50:00Z,LIGHTLY_ACTIVE,Fitbit App
2024-07-04T12:51:00Z,LIGHTLY_ACTIVE,Fitbit App
2024-07-04T12:52:00Z,SEDENTARY,Fitbit App
2024-07-04T12:53:00Z,SEDENTARY,Fitbit App
2024-07-04T12:54:00Z,SEDENTARY,Fitbit App
2024-07-04T12:55:00Z,SEDENTARY,Fitbit App
2024-07-04T13:02:00Z,SEDENTARY,Fitbit App
2024-07-04T13:04:00Z,SEDENTARY,Fitbit App
2024-07-04T13:07:00Z,SEDENTARY,Fitbit App
2024-07-04T13:09:00Z,SEDENTARY,Fitbit App
2024-07-04T13:10:00Z,SEDENTARY,Fitbit App
2024-07-04T13:11:00Z,SEDENTARY,Fitbit App
2024-07-04T13:12:00Z,SEDENTARY,Fitbit App
2024-07-04T13:13:00Z,SEDENTARY,Fitbit App
2024-07-04T13:14:00Z,SEDENTARY,Fitbit App
2024-07-04T13:15:00Z,SEDENTARY,Fitbit App
2024-07-04T13:16:00Z,SEDENTARY,Fitbit App
2024-07-04T13:17:00Z,SEDENTARY,Fitbit App
2024-07-04T13:18:00Z,LIGHTLY_ACTIVE,Fitbit App
2024-07-04T13:19:00Z,SEDENTARY,Fitbit App
2024-07-04T13:20:00Z,SEDENTARY,Fitbit App
2024-07-04T13:21:00Z,LIGHTLY_ACTIVE,Fitbit App
2024-07-04T13:22:00Z,LIGHTLY_ACTIVE,Fitbit App
2024-07-04T13:23:00Z,LIGHTLY_ACTIVE,Fitbit App
2024-07-04T13:24:00Z,SEDENTARY,Fitbit App
2024-07-04T13:25:00Z,LIGHTLY_ACTIVE,Fitbit App
2024-07-04T13:26:00Z,SEDENTARY,Fitbit App
2024-07-04T13:27:00Z,LIGHTLY_ACTIVE,Fitbit App
2024-07-04T13:28:00Z,SEDENTARY,Fitbit App
2024-07-04T13:29:00Z,SEDENTARY,Fitbit App
2024-07-04T13:30:00Z,SEDENTARY,Fitbit App
2024-07-04T13:31:00Z,SEDENTARY,Fitbit App
2024-07-04T13:32:00Z,SEDENTARY,Fitbit App
2024-07-04T13:33:00Z,LIGHTLY_ACTIVE,Fitbit App
2024-07-04T13:34:00Z,LIGHTLY_ACTIVE,Fitbit App
2024-07-04T13:35:00Z,SEDENTARY,Fitbit App
2024-07-04T13:36:00Z,SEDENTARY,Fitbit App
2024-07-04T13:37:00Z,LIGHTLY_ACTIVE,Fitbit App
2024-07-04T13:38:00Z,LIGHTLY_ACTIVE,Fitbit App
2024-07-04T13:39:00Z,SEDENTARY,Fitbit App
2024-07-04T13:40:00Z,SEDENTARY,Fitbit App
2024-07-04T13:41:00Z,SEDENTARY,Fitbit App
2024-07-04T13:44:00Z,LIGHTLY_ACTIVE,Fitbit App
2024-07-04T13:45:00Z,SEDENTARY,Fitbit App
2024-07-04T13:46:00Z,LIGHTLY_ACTIVE,Fitbit App
2024-07-04T13:47:00Z,SEDENTARY,Fitbit App
2024-07-04T13:48:00Z,LIGHTLY_ACTIVE,Fitbit App
2024-07-04T13:49:00Z,SEDENTARY,Fitbit App
2024-07-04T13:50:00Z,SEDENTARY,Fitbit App
2024-07-04T13:52:00Z,SEDENTARY,Fitbit App
2024-07-04T13:55:00Z,SEDENTARY,Fitbit App
2024-07-04T13:56:00Z,SEDENTARY,Fitbit App
2024-07-04T13:57:00Z,SEDENTARY,Fitbit App
2024-07-04T14:00:00Z,LIGHTLY_ACTIVE,Fitbit App
2024-07-04T14:01:00Z,LIGHTLY_ACTIVE,Fitbit App
2024-07-04T14:02:00Z,LIGHTLY_ACTIVE,Fitbit App
2024-07-04T14:03:00Z,LIGHTLY_ACTIVE,Fitbit App
2024-07-04T14:04:00Z,SEDENTARY,Fitbit App
2024-07-04T14:05:00Z,LIGHTLY_ACTIVE,Fitbit App
2024-07-04T14:06:00Z,LIGHTLY_ACTIVE,Fitbit App
2024-07-04T14:07:00Z,LIGHTLY_ACTIVE,Fitbit App
2024-07-04T14:08:00Z,LIGHTLY_ACTIVE,Fitbit App
2024-07-04T14:09:00Z,SEDENTARY,Fitbit App
2024-07-04T14:10:00Z,LIGHTLY_ACTIVE,Fitbit App
2024-07-04T14:11:00Z,LIGHTLY_ACTIVE,Fitbit App
2024-07-04T14:12:00Z,SEDENTARY,Fitbit App
2024-07-04T14:13:00Z,LIGHTLY_ACTIVE,Fitbit App
2024-07-04T14:14:00Z,LIGHTLY_ACTIVE,Fitbit App
2024-07-04T14:15:00Z,LIGHTLY_ACTIVE,Fitbit App
2024-07-04T14:16:00Z,LIGHTLY_ACTIVE,Fitbit App
2024-07-04T14:18:00Z,LIGHTLY_ACTIVE,Fitbit App
2024-07-04T14:19:00Z,SEDENTARY,Fitbit App
2024-07-04T14:20:00Z,LIGHTLY_ACTIVE,Fitbit App
2024-07-04T14:21:00Z,LIGHTLY_ACTIVE,Fitbit App
2024-07-04T14:22:00Z,LIGHTLY_ACTIVE,Fitbit App
2024-07-04T14:23:00Z,LIGHTLY_ACTIVE,Fitbit App
2024-07-04T14:24:00Z,LIGHTLY_ACTIVE,Fitbit App
2024-07-04T14:25:00Z,LIGHTLY_ACTIVE,Fitbit App
2024-07-04T14:26:00Z,LIGHTLY_ACTIVE,Fitbit App
2024-07-04T14:27:00Z,LIGHTLY_ACTIVE,Fitbit App
2024-07-04T14:28:00Z,SEDENTARY,Fitbit App
2024-07-04T14:29:00Z,LIGHTLY_ACTIVE,Fitbit App
2024-07-04T14:30:00Z,LIGHTLY_ACTIVE,Fitbit App
2024-07-04T14:31:00Z,LIGHTLY_ACTIVE,Fitbit App
2024-07-04T14:32:00Z,LIGHTLY_ACTIVE,Fitbit App
2024-07-04T14:33:00Z,LIGHTLY_ACTIVE,Fitbit App
2024-07-04T14:34:00Z,SEDENTARY,Fitbit App
2024-07-04T14:35:00Z,SEDENTARY,Fitbit App
2024-07-04T14:36:00Z,SEDENTARY,Fitbit App
2024-07-04T14:39:00Z,SEDENTARY,Fitbit App
2024-07-04T14:40:00Z,LIGHTLY_ACTIVE,Fitbit App
2024-07-04T14:41:00Z,LIGHTLY_ACTIVE,Fitbit App
2024-07-04T14:42:00Z,LIGHTLY_ACTIVE,Fitbit App
2024-07-04T14:43:00Z,LIGHTLY_ACTIVE,Fitbit App
2024-07-04T14:44:00Z,SEDENTARY,Fitbit App
2024-07-04T14:45:00Z,SEDENTARY,Fitbit App
2024-07-04T14:46:00Z,SEDENTARY,Fitbit App
2024-07-04T14:53:00Z,LIGHTLY_ACTIVE,Fitbit App
2024-07-04T14:54:00Z,LIGHTLY_ACTIVE,Fitbit App
2024-07-04T14:55:00Z,SEDENTARY,Fitbit App
2024-07-04T14:56:00Z,SEDENTARY,Fitbit App
2024-07-04T14:57:00Z,LIGHTLY_ACTIVE,Fitbit App
2024-07-04T14:58:00Z,LIGHTLY_ACTIVE,Fitbit App
2024-07-04T14:59:00Z,LIGHTLY_ACTIVE,Fitbit App
2024-07-04T15:00:00Z,SEDENTARY,Fitbit App
2024-07-04T15:01:00Z,SEDENTARY,Fitbit App
2024-07-04T15:03:00Z,SEDENTARY,Fitbit App
2024-07-04T15:04:00Z,SEDENTARY,Fitbit App
2024-07-04T15:05:00Z,SEDENTARY,Fitbit App
2024-07-04T15:06:00Z,LIGHTLY_ACTIVE,Fitbit App
2024-07-04T15:07:00Z,LIGHTLY_ACTIVE,Fitbit App
2024-07-04T15:08:00Z,SEDENTARY,Fitbit App
2024-07-04T15:13:00Z,SEDENTARY,Fitbit App
2024-07-04T15:14:00Z,SEDENTARY,Fitbit App
2024-07-04T15:17:00Z,SEDENTARY,Fitbit App
2024-07-04T15:18:00Z,SEDENTARY,Fitbit App
2024-07-04T15:19:00Z,SEDENTARY,Fitbit App
2024-07-04T15:20:00Z,SEDENTARY,Fitbit App
2024-07-04T15:21:00Z,LIGHTLY_ACTIVE,Fitbit App
2024-07-04T15:22:00Z,SEDENTARY,Fitbit App
2024-07-04T15:26:00Z,SEDENTARY,Fitbit App
2024-07-04T15:29:00Z,SEDENTARY,Fitbit App
2024-07-04T15:48:00Z,SEDENTARY,Fitbit App
2024-07-04T16:14:00Z,LIGHTLY_ACTIVE,Fitbit App
2024-07-04T16:15:00Z,SEDENTARY,Fitbit App
2024-07-04T16:16:00Z,LIGHTLY_ACTIVE,Fitbit App
2024-07-04T16:17:00Z,LIGHTLY_ACTIVE,Fitbit App
2024-07-04T16:18:00Z,SEDENTARY,Fitbit App
2024-07-04T16:22:00Z,LIGHTLY_ACTIVE,Fitbit App
2024-07-04T16:23:00Z,SEDENTARY,Fitbit App
2024-07-04T16:24:00Z,LIGHTLY_ACTIVE,Fitbit App
2024-07-04T16:25:00Z,SEDENTARY,Fitbit App
2024-07-04T16:26:00Z,SEDENTARY,Fitbit App
2024-07-04T16:27:00Z,LIGHTLY_ACTIVE,Fitbit App
2024-07-04T16:28:00Z,SEDENTARY,Fitbit App
2024-07-04T16:29:00Z,SEDENTARY,Fitbit App
2024-07-04T16:30:00Z,SEDENTARY,Fitbit App
2024-07-04T16:33:00Z,SEDENTARY,Fitbit App
2024-07-04T16:34:00Z,SEDENTARY,Fitbit App
2024-07-04T16:35:00Z,SEDENTARY,Fitbit App
2024-07-04T16:36:00Z,LIGHTLY_ACTIVE,Fitbit App
2024-07-04T16:37:00Z,SEDENTARY,Fitbit App
2024-07-04T16:38:00Z,SEDENTARY,Fitbit App
2024-07-04T16:39:00Z,LIGHTLY_ACTIVE,Fitbit App
2024-07-04T16:40:00Z,LIGHTLY_ACTIVE,Fitbit App
2024-07-04T16:41:00Z,LIGHTLY_ACTIVE,Fitbit App
2024-07-04T16:42:00Z,LIGHTLY_ACTIVE,Fitbit App
2024-07-04T16:43:00Z,LIGHTLY_ACTIVE,Fitbit App
2024-07-04T16:44:00Z,SEDENTARY,Fitbit App
2024-07-04T16:45:00Z,SEDENTARY,Fitbit App
2024-07-04T16:46:00Z,LIGHTLY_ACTIVE,Fitbit App
2024-07-04T16:47:00Z,SEDENTARY,Fitbit App
2024-07-04T16:48:00Z,SEDENTARY,Fitbit App
2024-07-04T16:49:00Z,SEDENTARY,Fitbit App
2024-07-04T16:51:00Z,SEDENTARY,Fitbit App
2024-07-04T16:52:00Z,SEDENTARY,Fitbit App
2024-07-04T16:53:00Z,SEDENTARY,Fitbit App
2024-07-04T16:54:00Z,SEDENTARY,Fitbit App
2024-07-04T16:55:00Z,SEDENTARY,Fitbit App
2024-07-04T16:56:00Z,SEDENTARY,Fitbit App
2024-07-04T16:58:00Z,SEDENTARY,Fitbit App
2024-07-04T16:59:00Z,SEDENTARY,Fitbit App
2024-07-04T17:03:00Z,SEDENTARY,Fitbit App
2024-07-04T17:04:00Z,SEDENTARY,Fitbit App
2024-07-04T17:05:00Z,SEDENTARY,Fitbit App
2024-07-04T17:06:00Z,SEDENTARY,Fitbit App
2024-07-04T17:07:00Z,SEDENTARY,Fitbit App
2024-07-04T17:08:00Z,SEDENTARY,Fitbit App
2024-07-04T17:09:00Z,SEDENTARY,Fitbit App
2024-07-04T17:10:00Z,SEDENTARY,Fitbit App
2024-07-04T17:11:00Z,SEDENTARY,Fitbit App
2024-07-04T17:12:00Z,SEDENTARY,Fitbit App
2024-07-04T17:14:00Z,SEDENTARY,Fitbit App
2024-07-04T17:15:00Z,LIGHTLY_ACTIVE,Fitbit App
2024-07-04T17:16:00Z,SEDENTARY,Fitbit App
2024-07-04T17:18:00Z,SEDENTARY,Fitbit App
2024-07-04T17:19:00Z,SEDENTARY,Fitbit App
2024-07-04T17:20:00Z,SEDENTARY,Fitbit App
2024-07-04T17:21:00Z,SEDENTARY,Fitbit App
2024-07-04T17:22:00Z,SEDENTARY,Fitbit App
2024-07-04T17:23:00Z,SEDENTARY,Fitbit App
2024-07-04T17:24:00Z,SEDENTARY,Fitbit App
2024-07-04T17:25:00Z,SEDENTARY,Fitbit App
2024-07-04T17:26:00Z,SEDENTARY,Fitbit App
2024-07-04T17:27:00Z,SEDENTARY,Fitbit App
2024-07-04T17:28:00Z,SEDENTARY,Fitbit App
2024-07-04T17:29:00Z,LIGHTLY_ACTIVE,Fitbit App
2024-07-04T17:30:00Z,LIGHTLY_ACTIVE,Fitbit App
2024-07-04T17:31:00Z,LIGHTLY_ACTIVE,Fitbit App
2024-07-04T17:32:00Z,LIGHTLY_ACTIVE,Fitbit App
2024-07-04T17:33:00Z,LIGHTLY_ACTIVE,Fitbit App
2024-07-04T17:34:00Z,LIGHTLY_ACTIVE,Fitbit App
2024-07-04T17:35:00Z,LIGHTLY_ACTIVE,Fitbit App
2024-07-04T17:36:00Z,LIGHTLY_ACTIVE,Fitbit App
2024-07-04T17:37:00Z,SEDENTARY,Fitbit App
2024-07-04T17:38:00Z,SEDENTARY,Fitbit App
2024-07-04T17:39:00Z,SEDENTARY,Fitbit App
2024-07-04T17:40:00Z,LIGHTLY_ACTIVE,Fitbit App
2024-07-04T17:41:00Z,LIGHTLY_ACTIVE,Fitbit App
2024-07-04T17:42:00Z,LIGHTLY_ACTIVE,Fitbit App
2024-07-04T17:43:00Z,SEDENTARY,Fitbit App
2024-07-04T17:44:00Z,SEDENTARY,Fitbit App
2024-07-04T17:45:00Z,LIGHTLY_ACTIVE,Fitbit App
2024-07-04T17:46:00Z,MODERATELY_ACTIVE,Fitbit App
2024-07-04T17:47:00Z,LIGHTLY_ACTIVE,Fitbit App
2024-07-04T17:48:00Z,LIGHTLY_ACTIVE,Fitbit App
2024-07-04T17:49:00Z,SEDENTARY,Fitbit App
2024-07-04T17:50:00Z,SEDENTARY,Fitbit App
2024-07-04T17:51:00Z,SEDENTARY,Fitbit App
2024-07-04T17:52:00Z,SEDENTARY,Fitbit App
2024-07-04T17:53:00Z,SEDENTARY,Fitbit App
2024-07-04T17:54:00Z,SEDENTARY,Fitbit App
2024-07-04T17:55:00Z,SEDENTARY,Fitbit App
2024-07-04T17:56:00Z,SEDENTARY,Fitbit App
2024-07-04T17:57:00Z,SEDENTARY,Fitbit App
2024-07-04T17:58:00Z,SEDENTARY,Fitbit App
2024-07-04T17:59:00Z,LIGHTLY_ACTIVE,Fitbit App
2024-07-04T18:00:00Z,SEDENTARY,Fitbit App
2024-07-04T18:01:00Z,SEDENTARY,Fitbit App
2024-07-04T18:02:00Z,SEDENTARY,Fitbit App
2024-07-04T18:03:00Z,SEDENTARY,Fitbit App
2024-07-04T18:04:00Z,SEDENTARY,Fitbit App
2024-07-04T18:05:00Z,SEDENTARY,Fitbit App
2024-07-04T18:06:00Z,SEDENTARY,Fitbit App
2024-07-04T18:07:00Z,SEDENTARY,Fitbit App
2024-07-04T18:08:00Z,LIGHTLY_ACTIVE,Fitbit App
2024-07-04T18:09:00Z,SEDENTARY,Fitbit App
2024-07-04T18:10:00Z,SEDENTARY,Fitbit App
2024-07-04T18:11:00Z,SEDENTARY,Fitbit App
2024-07-04T18:12:00Z,SEDENTARY,Fitbit App
2024-07-04T18:13:00Z,SEDENTARY,Fitbit App
2024-07-04T18:14:00Z,SEDENTARY,Fitbit App
2024-07-04T18:15:00Z,SEDENTARY,Fitbit App
2024-07-04T18:16:00Z,SEDENTARY,Fitbit App
2024-07-04T18:17:00Z,SEDENTARY,Fitbit App
2024-07-04T18:18:00Z,SEDENTARY,Fitbit App
2024-07-04T18:19:00Z,SEDENTARY,Fitbit App
2024-07-04T18:20:00Z,SEDENTARY,Fitbit App
2024-07-04T18:21:00Z,SEDENTARY,Fitbit App
2024-07-04T18:22:00Z,SEDENTARY,Fitbit App
2024-07-04T18:23:00Z,SEDENTARY,Fitbit App
2024-07-04T18:24:00Z,SEDENTARY,Fitbit App
2024-07-04T18:25:00Z,SEDENTARY,Fitbit App
2024-07-04T18:26:00Z,SEDENTARY,Fitbit App
2024-07-04T18:28:00Z,SEDENTARY,Fitbit App
2024-07-04T18:29:00Z,SEDENTARY,Fitbit App
2024-07-04T18:30:00Z,SEDENTARY,Fitbit App
2024-07-04T18:31:00Z,SEDENTARY,Fitbit App
2024-07-04T18:32:00Z,SEDENTARY,Fitbit App
2024-07-04T18:33:00Z,SEDENTARY,Fitbit App
2024-07-04T18:34:00Z,SEDENTARY,Fitbit App
2024-07-04T18:35:00Z,SEDENTARY,Fitbit App
2024-07-04T18:36:00Z,SEDENTARY,Fitbit App
2024-07-04T18:37:00Z,SEDENTARY,Fitbit App
2024-07-04T18:38:00Z,SEDENTARY,Fitbit App
2024-07-04T18:39:00Z,SEDENTARY,Fitbit App
2024-07-04T18:40:00Z,SEDENTARY,Fitbit App
2024-07-04T18:41:00Z,SEDENTARY,Fitbit App
2024-07-04T18:42:00Z,SEDENTARY,Fitbit App
2024-07-04T18:43:00Z,SEDENTARY,Fitbit App
2024-07-04T18:44:00Z,LIGHTLY_ACTIVE,Fitbit App
2024-07-04T18:45:00Z,LIGHTLY_ACTIVE,Fitbit App
2024-07-04T18:46:00Z,SEDENTARY,Fitbit App
2024-07-04T18:47:00Z,SEDENTARY,Fitbit App
2024-07-04T18:48:00Z,LIGHTLY_ACTIVE,Fitbit App
2024-07-04T18:49:00Z,MODERATELY_ACTIVE,Fitbit App
2024-07-04T18:50:00Z,MODERATELY_ACTIVE,Fitbit App
2024-07-04T18:51:00Z,MODERATELY_ACTIVE,Fitbit App
2024-07-04T18:52:00Z,MODERATELY_ACTIVE,Fitbit App
2024-07-04T18:53:00Z,VERY_ACTIVE,Fitbit App
2024-07-04T18:54:00Z,VERY_ACTIVE,Fitbit App
2024-07-04T18:55:00Z,VERY_ACTIVE,Fitbit App
2024-07-04T18:56:00Z,VERY_ACTIVE,Fitbit App
2024-07-04T18:57:00Z,MODERATELY_ACTIVE,Fitbit App
2024-07-04T18:58:00Z,LIGHTLY_ACTIVE,Fitbit App
2024-07-04T18:59:00Z,LIGHTLY_ACTIVE,Fitbit App
2024-07-04T19:00:00Z,MODERATELY_ACTIVE,Fitbit App
2024-07-04T19:01:00Z,LIGHTLY_ACTIVE,Fitbit App
2024-07-04T19:02:00Z,LIGHTLY_ACTIVE,Fitbit App
2024-07-04T19:03:00Z,SEDENTARY,Fitbit App
2024-07-04T19:04:00Z,SEDENTARY,Fitbit App
2024-07-04T19:05:00Z,SEDENTARY,Fitbit App
2024-07-04T19:06:00Z,SEDENTARY,Fitbit App
2024-07-04T19:07:00Z,SEDENTARY,Fitbit App
2024-07-04T19:08:00Z,LIGHTLY_ACTIVE,Fitbit App
2024-07-04T19:09:00Z,SEDENTARY,Fitbit App
2024-07-04T19:10:00Z,SEDENTARY,Fitbit App
2024-07-04T19:11:00Z,SEDENTARY,Fitbit App
2024-07-04T19:12:00Z,SEDENTARY,Fitbit App
2024-07-04T19:13:00Z,SEDENTARY,Fitbit App
2024-07-04T19:14:00Z,SEDENTARY,Fitbit App
2024-07-04T19:15:00Z,LIGHTLY_ACTIVE,Fitbit App
2024-07-04T19:16:00Z,SEDENTARY,Fitbit App
2024-07-04T19:17:00Z,SEDENTARY,Fitbit App
2024-07-04T19:18:00Z,SEDENTARY,Fitbit App
2024-07-04T19:19:00Z,SEDENTARY,Fitbit App
2024-07-04T19:20:00Z,SEDENTARY,Fitbit App
2024-07-04T19:21:00Z,SEDENTARY,Fitbit App
2024-07-04T19:22:00Z,SEDENTARY,Fitbit App
2024-07-04T19:23:00Z,SEDENTARY,Fitbit App
2024-07-04T19:24:00Z,LIGHTLY_ACTIVE,Fitbit App
2024-07-04T19:25:00Z,MODERATELY_ACTIVE,Fitbit App
2024-07-04T19:26:00Z,MODERATELY_ACTIVE,Fitbit App
2024-07-04T19:27:00Z,VERY_ACTIVE,Fitbit App
2024-07-04T19:28:00Z,VERY_ACTIVE,Fitbit App
2024-07-04T19:29:00Z,VERY_ACTIVE,Fitbit App
2024-07-04T19:30:00Z,VERY_ACTIVE,Fitbit App
2024-07-04T19:31:00Z,MODERATELY_ACTIVE,Fitbit App
2024-07-04T19:32:00Z,VERY_ACTIVE,Fitbit App
2024-07-04T19:33:00Z,VERY_ACTIVE,Fitbit App
2024-07-04T19:34:00Z,VERY_ACTIVE,Fitbit App
2024-07-04T19:35:00Z,VERY_ACTIVE,Fitbit App
2024-07-04T19:36:00Z,VERY_ACTIVE,Fitbit App
2024-07-04T19:37:00Z,VERY_ACTIVE,Fitbit App
2024-07-04T19:38:00Z,VERY_ACTIVE,Fitbit App
2024-07-04T19:39:00Z,VERY_ACTIVE,Fitbit App
2024-07-04T19:40:00Z,MODERATELY_ACTIVE,Fitbit App
2024-07-04T19:41:00Z,MODERATELY_ACTIVE,Fitbit App
2024-07-04T19:42:00Z,VERY_ACTIVE,Fitbit App
2024-07-04T19:43:00Z,VERY_ACTIVE,Fitbit App
2024-07-04T19:44:00Z,VERY_ACTIVE,Fitbit App
2024-07-04T19:45:00Z,MODERATELY_ACTIVE,Fitbit App
2024-07-04T19:46:00Z,MODERATELY_ACTIVE,Fitbit App
2024-07-04T19:47:00Z,MODERATELY_ACTIVE,Fitbit App
2024-07-04T19:48:00Z,SEDENTARY,Fitbit App
2024-07-04T19:49:00Z,SEDENTARY,Fitbit App
2024-07-04T19:50:00Z,MODERATELY_ACTIVE,Fitbit App
2024-07-04T19:51:00Z,MODERATELY_ACTIVE,Fitbit App
2024-07-04T19:52:00Z,MODERATELY_ACTIVE,Fitbit App
2024-07-04T19:53:00Z,LIGHTLY_ACTIVE,Fitbit App
2024-07-04T19:54:00Z,MODERATELY_ACTIVE,Fitbit App
2024-07-04T19:55:00Z,MODERATELY_ACTIVE,Fitbit App
2024-07-04T19:56:00Z,MODERATELY_ACTIVE,Fitbit App
2024-07-04T19:57:00Z,MODERATELY_ACTIVE,Fitbit App
2024-07-04T19:58:00Z,VERY_ACTIVE,Fitbit App
2024-07-04T19:59:00Z,VERY_ACTIVE,Fitbit App
2024-07-04T20:00:00Z,MODERATELY_ACTIVE,Fitbit App
2024-07-04T20:01:00Z,VERY_ACTIVE,Fitbit App
2024-07-04T20:02:00Z,MODERATELY_ACTIVE,Fitbit App
2024-07-04T20:03:00Z,VERY_ACTIVE,Fitbit App
2024-07-04T20:04:00Z,MODERATELY_ACTIVE,Fitbit App
2024-07-04T20:05:00Z,VERY_ACTIVE,Fitbit App
2024-07-04T20:06:00Z,MODERATELY_ACTIVE,Fitbit App
2024-07-04T20:07:00Z,LIGHTLY_ACTIVE,Fitbit App
2024-07-04T20:08:00Z,LIGHTLY_ACTIVE,Fitbit App
2024-07-04T20:09:00Z,SEDENTARY,Fitbit App
2024-07-04T20:10:00Z,SEDENTARY,Fitbit App
2024-07-04T20:11:00Z,SEDENTARY,Fitbit App
2024-07-04T20:12:00Z,SEDENTARY,Fitbit App
2024-07-04T20:13:00Z,LIGHTLY_ACTIVE,Fitbit App
2024-07-04T20:14:00Z,SEDENTARY,Fitbit App
2024-07-04T20:15:00Z,SEDENTARY,Fitbit App
2024-07-04T20:16:00Z,SEDENTARY,Fitbit App
2024-07-04T20:17:00Z,SEDENTARY,Fitbit App
2024-07-04T20:18:00Z,SEDENTARY,Fitbit App
2024-07-04T20:19:00Z,SEDENTARY,Fitbit App
2024-07-04T20:20:00Z,SEDENTARY,Fitbit App
2024-07-04T20:21:00Z,SEDENTARY,Fitbit App
2024-07-04T20:22:00Z,SEDENTARY,Fitbit App
2024-07-04T20:23:00Z,SEDENTARY,Fitbit App
2024-07-04T20:24:00Z,SEDENTARY,Fitbit App
2024-07-04T20:25:00Z,MODERATELY_ACTIVE,Fitbit App
2024-07-04T20:26:00Z,SEDENTARY,Fitbit App
2024-07-04T20:27:00Z,SEDENTARY,Fitbit App
2024-07-04T20:28:00Z,VERY_ACTIVE,Fitbit App
2024-07-04T20:29:00Z,MODERATELY_ACTIVE,Fitbit App
2024-07-04T20:30:00Z,SEDENTARY,Fitbit App
2024-07-04T20:31:00Z,SEDENTARY,Fitbit App
2024-07-04T20:32:00Z,SEDENTARY,Fitbit App
2024-07-04T20:33:00Z,MODERATELY_ACTIVE,Fitbit App
2024-07-04T20:34:00Z,LIGHTLY_ACTIVE,Fitbit App
2024-07-04T20:35:00Z,MODERATELY_ACTIVE,Fitbit App
2024-07-04T20:36:00Z,LIGHTLY_ACTIVE,Fitbit App
2024-07-04T20:37:00Z,MODERATELY_ACTIVE,Fitbit App
2024-07-04T20:38:00Z,LIGHTLY_ACTIVE,Fitbit App
2024-07-04T20:39:00Z,SEDENTARY,Fitbit App
2024-07-04T20:40:00Z,MODERATELY_ACTIVE,Fitbit App
2024-07-04T20:41:00Z,LIGHTLY_ACTIVE,Fitbit App
2024-07-04T20:42:00Z,LIGHTLY_ACTIVE,Fitbit App
2024-07-04T20:43:00Z,LIGHTLY_ACTIVE,Fitbit App
2024-07-04T20:44:00Z,SEDENTARY,Fitbit App
2024-07-04T20:45:00Z,SEDENTARY,Fitbit App
2024-07-04T20:46:00Z,SEDENTARY,Fitbit App
2024-07-04T20:47:00Z,LIGHTLY_ACTIVE,Fitbit App
2024-07-04T20:48:00Z,SEDENTARY,Fitbit App
2024-07-04T20:49:00Z,SEDENTARY,Fitbit App
2024-07-04T20:50:00Z,LIGHTLY_ACTIVE,Fitbit App
2024-07-04T20:51:00Z,SEDENTARY,Fitbit App
2024-07-04T20:55:00Z,SEDENTARY,Fitbit App
2024-07-04T20:56:00Z,SEDENTARY,Fitbit App
2024-07-04T20:57:00Z,SEDENTARY,Fitbit App
2024-07-04T20:58:00Z,SEDENTARY,Fitbit App
2024-07-04T20:59:00Z,SEDENTARY,Fitbit App
2024-07-04T21:00:00Z,SEDENTARY,Fitbit App
2024-07-04T21:01:00Z,SEDENTARY,Fitbit App
2024-07-04T21:02:00Z,SEDENTARY,Fitbit App
2024-07-04T21:03:00Z,SEDENTARY,Fitbit App
2024-07-04T21:04:00Z,SEDENTARY,Fitbit App
2024-07-04T21:05:00Z,SEDENTARY,Fitbit App
2024-07-04T21:06:00Z,SEDENTARY,Fitbit App
2024-07-04T21:07:00Z,SEDENTARY,Fitbit App
2024-07-04T21:08:00Z,SEDENTARY,Fitbit App
2024-07-04T21:09:00Z,SEDENTARY,Fitbit App
2024-07-04T21:10:00Z,SEDENTARY,Fitbit App
2024-07-04T21:11:00Z,SEDENTARY,Fitbit App
2024-07-04T21:13:00Z,SEDENTARY,Fitbit App
2024-07-04T21:14:00Z,SEDENTARY,Fitbit App
2024-07-04T21:15:00Z,SEDENTARY,Fitbit App
2024-07-04T21:16:00Z,SEDENTARY,Fitbit App
2024-07-04T21:17:00Z,SEDENTARY,Fitbit App
2024-07-04T21:19:00Z,SEDENTARY,Fitbit App
2024-07-04T21:20:00Z,SEDENTARY,Fitbit App
2024-07-04T21:21:00Z,LIGHTLY_ACTIVE,Fitbit App
2024-07-04T21:22:00Z,SEDENTARY,Fitbit App
2024-07-04T21:23:00Z,LIGHTLY_ACTIVE,Fitbit App
2024-07-04T21:24:00Z,SEDENTARY,Fitbit App
2024-07-04T21:25:00Z,SEDENTARY,Fitbit App
2024-07-04T21:26:00Z,SEDENTARY,Fitbit App
2024-07-04T21:30:00Z,SEDENTARY,Fitbit App
2024-07-04T21:34:00Z,SEDENTARY,Fitbit App
2024-07-04T21:35:00Z,SEDENTARY,Fitbit App
2024-07-04T21:37:00Z,SEDENTARY,Fitbit App
2024-07-04T21:38:00Z,SEDENTARY,Fitbit App
2024-07-04T21:46:00Z,SEDENTARY,Fitbit App
2024-07-04T21:51:00Z,SEDENTARY,Fitbit App
2024-07-04T21:56:00Z,SEDENTARY,Fitbit App
2024-07-04T21:58:00Z,SEDENTARY,Fitbit App
2024-07-04T21:59:00Z,SEDENTARY,Fitbit App
2024-07-04T22:03:00Z,SEDENTARY,Fitbit App
2024-07-04T22:07:00Z,SEDENTARY,Fitbit App
2024-07-04T22:08:00Z,LIGHTLY_ACTIVE,Fitbit App
2024-07-04T22:09:00Z,SEDENTARY,Fitbit App
2024-07-04T22:10:00Z,SEDENTARY,Fitbit App
2024-07-04T22:11:00Z,SEDENTARY,Fitbit App
2024-07-04T22:12:00Z,SEDENTARY,Fitbit App
2024-07-04T22:13:00Z,SEDENTARY,Fitbit App
2024-07-04T22:17:00Z,SEDENTARY,Fitbit App
2024-07-04T22:18:00Z,SEDENTARY,Fitbit App
2024-07-04T22:19:00Z,SEDENTARY,Fitbit App
2024-07-04T22:20:00Z,SEDENTARY,Fitbit App
2024-07-04T22:23:00Z,SEDENTARY,Fitbit App
2024-07-04T22:24:00Z,SEDENTARY,Fitbit App
2024-07-04T22:28:00Z,SEDENTARY,Fitbit App
2024-07-04T22:32:00Z,SEDENTARY,Fitbit App
2024-07-04T22:34:00Z,SEDENTARY,Fitbit App
2024-07-04T22:37:00Z,SEDENTARY,Fitbit App
2024-07-04T22:38:00Z,SEDENTARY,Fitbit App
2024-07-04T22:39:00Z,SEDENTARY,Fitbit App
2024-07-04T22:42:00Z,SEDENTARY,Fitbit App
2024-07-04T22:43:00Z,SEDENTARY,Fitbit App
2024-07-04T22:44:00Z,SEDENTARY,Fitbit App
2024-07-04T22:51:00Z,SEDENTARY,Fitbit App
2024-07-04T22:52:00Z,SEDENTARY,Fitbit App
2024-07-04T22:55:00Z,SEDENTARY,Fitbit App
2024-07-04T22:56:00Z,SEDENTARY,Fitbit App
2024-07-04T22:57:00Z,SEDENTARY,Fitbit App
2024-07-04T22:58:00Z,SEDENTARY,Fitbit App
2024-07-04T22:59:00Z,SEDENTARY,Fitbit App
2024-07-04T23:00:00Z,LIGHTLY_ACTIVE,Fitbit App
2024-07-04T23:18:00Z,LIGHTLY_ACTIVE,Fitbit App
2024-07-04T23:19:00Z,SEDENTARY,Fitbit App
2024-07-04T23:20:00Z,SEDENTARY,Fitbit App
2024-07-04T23:21:00Z,LIGHTLY_ACTIVE,Fitbit App
2024-07-04T23:22:00Z,SEDENTARY,Fitbit App
2024-07-04T23:26:00Z,SEDENTARY,Fitbit App
2024-07-05T00:36:00Z,SEDENTARY,Fitbit App
2024-07-05T01:13:00Z,SEDENTARY,Fitbit App
2024-07-05T01:31:00Z,SEDENTARY,Fitbit App
2024-07-05T01:56:00Z,SEDENTARY,Fitbit App
2024-07-05T01:57:00Z,SEDENTARY,Fitbit App
2024-07-05T02:42:00Z,SEDENTARY,Fitbit App
2024-07-05T02:55:00Z,SEDENTARY,Fitbit App
2024-07-05T04:04:00Z,SEDENTARY,Fitbit App
2024-07-05T04:41:00Z,SEDENTARY,Fitbit App
2024-07-05T05:43:00Z,SEDENTARY,Fitbit App
2024-07-05T05:49:00Z,SEDENTARY,Fitbit App
2024-07-05T06:35:00Z,SEDENTARY,Fitbit App
2024-07-05T07:13:00Z,SEDENTARY,Fitbit App
2024-07-05T07:15:00Z,SEDENTARY,Fitbit App
2024-07-05T07:16:00Z,LIGHTLY_ACTIVE,Fitbit App
2024-07-05T07:17:00Z,SEDENTARY,Fitbit App
2024-07-05T07:18:00Z,SEDENTARY,Fitbit App
2024-07-05T07:19:00Z,SEDENTARY,Fitbit App
2024-07-05T07:20:00Z,SEDENTARY,Fitbit App
2024-07-05T07:21:00Z,SEDENTARY,Fitbit App
2024-07-05T07:22:00Z,SEDENTARY,Fitbit App
2024-07-05T07:24:00Z,SEDENTARY,Fitbit App
2024-07-05T07:25:00Z,SEDENTARY,Fitbit App
2024-07-05T07:26:00Z,LIGHTLY_ACTIVE,Fitbit App
2024-07-05T07:27:00Z,LIGHTLY_ACTIVE,Fitbit App
2024-07-05T07:28:00Z,SEDENTARY,Fitbit App
2024-07-05T07:29:00Z,LIGHTLY_ACTIVE,Fitbit App
2024-07-05T07:30:00Z,LIGHTLY_ACTIVE,Fitbit App
2024-07-05T07:31:00Z,LIGHTLY_ACTIVE,Fitbit App
2024-07-05T07:32:00Z,LIGHTLY_ACTIVE,Fitbit App
2024-07-05T07:33:00Z,SEDENTARY,Fitbit App
2024-07-05T07:34:00Z,SEDENTARY,Fitbit App
2024-07-05T07:35:00Z,SEDENTARY,Fitbit App
2024-07-05T07:36:00Z,SEDENTARY,Fitbit App
2024-07-05T07:37:00Z,SEDENTARY,Fitbit App
2024-07-05T07:38:00Z,SEDENTARY,Fitbit App
2024-07-05T07:39:00Z,SEDENTARY,Fitbit App
2024-07-05T07:40:00Z,SEDENTARY,Fitbit App
2024-07-05T07:41:00Z,LIGHTLY_ACTIVE,Fitbit App
2024-07-05T07:42:00Z,LIGHTLY_ACTIVE,Fitbit App
2024-07-05T07:43:00Z,LIGHTLY_ACTIVE,Fitbit App
2024-07-05T07:44:00Z,SEDENTARY,Fitbit App
2024-07-05T07:45:00Z,LIGHTLY_ACTIVE,Fitbit App
2024-07-05T07:46:00Z,LIGHTLY_ACTIVE,Fitbit App
2024-07-05T07:47:00Z,LIGHTLY_ACTIVE,Fitbit App
2024-07-05T07:48:00Z,LIGHTLY_ACTIVE,Fitbit App
2024-07-05T07:49:00Z,LIGHTLY_ACTIVE,Fitbit App
2024-07-05T07:50:00Z,SEDENTARY,Fitbit App
2024-07-05T07:51:00Z,SEDENTARY,Fitbit App
2024-07-05T07:52:00Z,SEDENTARY,Fitbit App
2024-07-05T07:53:00Z,SEDENTARY,Fitbit App
2024-07-05T07:54:00Z,SEDENTARY,Fitbit App
2024-07-05T07:55:00Z,SEDENTARY,Fitbit App
2024-07-05T07:58:00Z,SEDENTARY,Fitbit App
2024-07-05T08:00:00Z,SEDENTARY,Fitbit App
2024-07-05T08:01:00Z,SEDENTARY,Fitbit App
2024-07-05T08:04:00Z,SEDENTARY,Fitbit App
2024-07-05T08:05:00Z,SEDENTARY,Fitbit App
2024-07-05T08:06:00Z,SEDENTARY,Fitbit App
2024-07-05T08:07:00Z,SEDENTARY,Fitbit App
2024-07-05T08:08:00Z,SEDENTARY,Fitbit App
2024-07-05T08:09:00Z,SEDENTARY,Fitbit App
2024-07-05T08:10:00Z,SEDENTARY,Fitbit App
2024-07-05T08:15:00Z,SEDENTARY,Fitbit App
2024-07-05T08:17:00Z,SEDENTARY,Fitbit App
2024-07-05T08:18:00Z,SEDENTARY,Fitbit App
2024-07-05T08:19:00Z,SEDENTARY,Fitbit App
2024-07-05T08:20:00Z,SEDENTARY,Fitbit App
2024-07-05T08:21:00Z,LIGHTLY_ACTIVE,Fitbit App
2024-07-05T08:22:00Z,SEDENTARY,Fitbit App
2024-07-05T08:23:00Z,SEDENTARY,Fitbit App
2024-07-05T08:24:00Z,SEDENTARY,Fitbit App
2024-07-05T08:25:00Z,SEDENTARY,Fitbit App
2024-07-05T08:27:00Z,SEDENTARY,Fitbit App
2024-07-05T08:28:00Z,SEDENTARY,Fitbit App
2024-07-05T08:29:00Z,SEDENTARY,Fitbit App
2024-07-05T08:30:00Z,SEDENTARY,Fitbit App
2024-07-05T08:31:00Z,SEDENTARY,Fitbit App
2024-07-05T08:33:00Z,SEDENTARY,Fitbit App
2024-07-05T08:34:00Z,SEDENTARY,Fitbit App
2024-07-05T08:35:00Z,SEDENTARY,Fitbit App
2024-07-05T08:36:00Z,SEDENTARY,Fitbit App
2024-07-05T08:37:00Z,SEDENTARY,Fitbit App
2024-07-05T08:38:00Z,SEDENTARY,Fitbit App
2024-07-05T08:39:00Z,SEDENTARY,Fitbit App
2024-07-05T08:40:00Z,SEDENTARY,Fitbit App
2024-07-05T08:41:00Z,SEDENTARY,Fitbit App
2024-07-05T08:42:00Z,SEDENTARY,Fitbit App
2024-07-05T08:43:00Z,SEDENTARY,Fitbit App
2024-07-05T08:45:00Z,LIGHTLY_ACTIVE,Fitbit App
2024-07-05T08:46:00Z,SEDENTARY,Fitbit App
2024-07-05T08:47:00Z,SEDENTARY,Fitbit App
2024-07-05T08:48:00Z,LIGHTLY_ACTIVE,Fitbit App
2024-07-05T08:49:00Z,SEDENTARY,Fitbit App
2024-07-05T08:50:00Z,SEDENTARY,Fitbit App
2024-07-05T08:51:00Z,SEDENTARY,Fitbit App
2024-07-05T08:52:00Z,SEDENTARY,Fitbit App
2024-07-05T08:53:00Z,SEDENTARY,Fitbit App
2024-07-05T08:56:00Z,SEDENTARY,Fitbit App
2024-07-05T08:57:00Z,LIGHTLY_ACTIVE,Fitbit App
2024-07-05T08:58:00Z,LIGHTLY_ACTIVE,Fitbit App
2024-07-05T08:59:00Z,LIGHTLY_ACTIVE,Fitbit App
2024-07-05T09:01:00Z,SEDENTARY,Fitbit App
2024-07-05T09:02:00Z,SEDENTARY,Fitbit App
2024-07-05T09:03:00Z,SEDENTARY,Fitbit App
2024-07-05T09:04:00Z,SEDENTARY,Fitbit App
2024-07-05T09:05:00Z,SEDENTARY,Fitbit App
2024-07-05T09:06:00Z,SEDENTARY,Fitbit App
2024-07-05T09:07:00Z,SEDENTARY,Fitbit App
2024-07-05T09:08:00Z,SEDENTARY,Fitbit App
2024-07-05T09:09:00Z,SEDENTARY,Fitbit App
2024-07-05T09:10:00Z,SEDENTARY,Fitbit App
2024-07-05T09:11:00Z,SEDENTARY,Fitbit App
2024-07-05T09:12:00Z,SEDENTARY,Fitbit App
2024-07-05T09:13:00Z,SEDENTARY,Fitbit App
2024-07-05T09:14:00Z,SEDENTARY,Fitbit App
2024-07-05T09:15:00Z,LIGHTLY_ACTIVE,Fitbit App
2024-07-05T09:16:00Z,SEDENTARY,Fitbit App
2024-07-05T09:17:00Z,LIGHTLY_ACTIVE,Fitbit App
2024-07-05T09:18:00Z,SEDENTARY,Fitbit App
2024-07-05T09:19:00Z,SEDENTARY,Fitbit App
2024-07-05T09:20:00Z,SEDENTARY,Fitbit App
2024-07-05T09:21:00Z,SEDENTARY,Fitbit App
2024-07-05T09:24:00Z,SEDENTARY,Fitbit App
2024-07-05T09:25:00Z,SEDENTARY,Fitbit App
2024-07-05T09:26:00Z,SEDENTARY,Fitbit App
2024-07-05T09:30:00Z,SEDENTARY,Fitbit App
2024-07-05T09:31:00Z,SEDENTARY,Fitbit App
2024-07-05T09:32:00Z,SEDENTARY,Fitbit App
2024-07-05T09:33:00Z,SEDENTARY,Fitbit App
2024-07-05T09:34:00Z,SEDENTARY,Fitbit App
2024-07-05T09:35:00Z,SEDENTARY,Fitbit App
2024-07-05T09:36:00Z,SEDENTARY,Fitbit App
2024-07-05T09:37:00Z,SEDENTARY,Fitbit App
2024-07-05T09:38:00Z,SEDENTARY,Fitbit App
2024-07-05T09:39:00Z,SEDENTARY,Fitbit App
2024-07-05T09:41:00Z,SEDENTARY,Fitbit App
2024-07-05T09:43:00Z,SEDENTARY,Fitbit App
2024-07-05T09:47:00Z,SEDENTARY,Fitbit App
2024-07-05T09:48:00Z,SEDENTARY,Fitbit App
2024-07-05T09:51:00Z,SEDENTARY,Fitbit App
2024-07-05T09:52:00Z,SEDENTARY,Fitbit App
2024-07-05T09:53:00Z,SEDENTARY,Fitbit App
2024-07-05T09:54:00Z,SEDENTARY,Fitbit App
2024-07-05T09:55:00Z,SEDENTARY,Fitbit App
2024-07-05T09:56:00Z,SEDENTARY,Fitbit App
2024-07-05T09:58:00Z,LIGHTLY_ACTIVE,Fitbit App
2024-07-05T09:59:00Z,LIGHTLY_ACTIVE,Fitbit App
2024-07-05T10:00:00Z,LIGHTLY_ACTIVE,Fitbit App
2024-07-05T10:01:00Z,LIGHTLY_ACTIVE,Fitbit App
2024-07-05T10:02:00Z,LIGHTLY_ACTIVE,Fitbit App
2024-07-05T10:03:00Z,SEDENTARY,Fitbit App
2024-07-05T10:04:00Z,LIGHTLY_ACTIVE,Fitbit App
2024-07-05T10:05:00Z,LIGHTLY_ACTIVE,Fitbit App
2024-07-05T10:06:00Z,LIGHTLY_ACTIVE,Fitbit App
2024-07-05T10:07:00Z,SEDENTARY,Fitbit App
2024-07-05T10:08:00Z,SEDENTARY,Fitbit App
2024-07-05T10:09:00Z,LIGHTLY_ACTIVE,Fitbit App
2024-07-05T10:10:00Z,LIGHTLY_ACTIVE,Fitbit App
2024-07-05T10:11:00Z,SEDENTARY,Fitbit App
2024-07-05T10:12:00Z,SEDENTARY,Fitbit App
2024-07-05T10:13:00Z,SEDENTARY,Fitbit App
2024-07-05T10:14:00Z,SEDENTARY,Fitbit App
2024-07-05T10:15:00Z,SEDENTARY,Fitbit App
2024-07-05T10:16:00Z,LIGHTLY_ACTIVE,Fitbit App
2024-07-05T10:17:00Z,SEDENTARY,Fitbit App
2024-07-05T10:18:00Z,SEDENTARY,Fitbit App
2024-07-05T10:19:00Z,SEDENTARY,Fitbit App
2024-07-05T10:23:00Z,LIGHTLY_ACTIVE,Fitbit App
2024-07-05T10:24:00Z,LIGHTLY_ACTIVE,Fitbit App
2024-07-05T10:25:00Z,SEDENTARY,Fitbit App
2024-07-05T10:26:00Z,LIGHTLY_ACTIVE,Fitbit App
2024-07-05T10:27:00Z,SEDENTARY,Fitbit App
2024-07-05T10:28:00Z,LIGHTLY_ACTIVE,Fitbit App
2024-07-05T10:29:00Z,LIGHTLY_ACTIVE,Fitbit App
2024-07-05T10:30:00Z,SEDENTARY,Fitbit App
2024-07-05T10:31:00Z,SEDENTARY,Fitbit App
2024-07-05T10:35:00Z,SEDENTARY,Fitbit App
2024-07-05T10:36:00Z,SEDENTARY,Fitbit App
2024-07-05T10:37:00Z,SEDENTARY,Fitbit App
2024-07-05T10:38:00Z,SEDENTARY,Fitbit App
2024-07-05T10:39:00Z,SEDENTARY,Fitbit App
2024-07-05T10:42:00Z,SEDENTARY,Fitbit App
2024-07-05T10:47:00Z,SEDENTARY,Fitbit App
2024-07-05T10:48:00Z,SEDENTARY,Fitbit App
2024-07-05T10:49:00Z,SEDENTARY,Fitbit App
2024-07-05T10:50:00Z,SEDENTARY,Fitbit App
2024-07-05T10:51:00Z,SEDENTARY,Fitbit App
2024-07-05T10:52:00Z,LIGHTLY_ACTIVE,Fitbit App
2024-07-05T10:53:00Z,SEDENTARY,Fitbit App
2024-07-05T10:54:00Z,SEDENTARY,Fitbit App
2024-07-05T10:55:00Z,SEDENTARY,Fitbit App
2024-07-05T10:56:00Z,SEDENTARY,Fitbit App
2024-07-05T10:57:00Z,SEDENTARY,Fitbit App
2024-07-05T10:58:00Z,SEDENTARY,Fitbit App
2024-07-05T10:59:00Z,SEDENTARY,Fitbit App
2024-07-05T11:00:00Z,SEDENTARY,Fitbit App
2024-07-05T11:01:00Z,SEDENTARY,Fitbit App
2024-07-05T11:02:00Z,SEDENTARY,Fitbit App
2024-07-05T11:03:00Z,SEDENTARY,Fitbit App
2024-07-05T11:04:00Z,SEDENTARY,Fitbit App
2024-07-05T11:05:00Z,SEDENTARY,Fitbit App
2024-07-05T11:06:00Z,SEDENTARY,Fitbit App
2024-07-05T11:07:00Z,SEDENTARY,Fitbit App
2024-07-05T11:08:00Z,SEDENTARY,Fitbit App
2024-07-05T11:09:00Z,SEDENTARY,Fitbit App
2024-07-05T11:10:00Z,SEDENTARY,Fitbit App
2024-07-05T11:11:00Z,SEDENTARY,Fitbit App
2024-07-05T11:12:00Z,SEDENTARY,Fitbit App
2024-07-05T11:13:00Z,SEDENTARY,Fitbit App
2024-07-05T11:14:00Z,SEDENTARY,Fitbit App
2024-07-05T11:15:00Z,SEDENTARY,Fitbit App
2024-07-05T11:16:00Z,LIGHTLY_ACTIVE,Fitbit App
2024-07-05T11:17:00Z,SEDENTARY,Fitbit App
2024-07-05T11:18:00Z,SEDENTARY,Fitbit App
2024-07-05T11:19:00Z,SEDENTARY,Fitbit App
2024-07-05T11:20:00Z,SEDENTARY,Fitbit App
2024-07-05T11:21:00Z,SEDENTARY,Fitbit App
2024-07-05T11:22:00Z,SEDENTARY,Fitbit App
2024-07-05T11:23:00Z,SEDENTARY,Fitbit App
2024-07-05T11:24:00Z,SEDENTARY,Fitbit App
2024-07-05T11:25:00Z,SEDENTARY,Fitbit App
2024-07-05T11:26:00Z,SEDENTARY,Fitbit App
2024-07-05T11:27:00Z,SEDENTARY,Fitbit App
2024-07-05T11:28:00Z,SEDENTARY,Fitbit App
2024-07-05T11:29:00Z,SEDENTARY,Fitbit App
2024-07-05T11:30:00Z,LIGHTLY_ACTIVE,Fitbit App
2024-07-05T11:31:00Z,LIGHTLY_ACTIVE,Fitbit App
2024-07-05T11:32:00Z,LIGHTLY_ACTIVE,Fitbit App
2024-07-05T11:33:00Z,LIGHTLY_ACTIVE,Fitbit App
2024-07-05T11:34:00Z,SEDENTARY,Fitbit App
2024-07-05T11:35:00Z,SEDENTARY,Fitbit App
2024-07-05T11:36:00Z,SEDENTARY,Fitbit App
2024-07-05T11:37:00Z,SEDENTARY,Fitbit App
2024-07-05T11:38:00Z,SEDENTARY,Fitbit App
2024-07-05T11:39:00Z,SEDENTARY,Fitbit App
2024-07-05T11:40:00Z,SEDENTARY,Fitbit App
2024-07-05T11:41:00Z,SEDENTARY,Fitbit App
2024-07-05T11:42:00Z,SEDENTARY,Fitbit App
2024-07-05T11:43:00Z,SEDENTARY,Fitbit App
2024-07-05T11:44:00Z,SEDENTARY,Fitbit App
2024-07-05T11:45:00Z,LIGHTLY_ACTIVE,Fitbit App
2024-07-05T11:46:00Z,LIGHTLY_ACTIVE,Fitbit App
2024-07-05T11:47:00Z,LIGHTLY_ACTIVE,Fitbit App
2024-07-05T11:48:00Z,LIGHTLY_ACTIVE,Fitbit App
2024-07-05T11:49:00Z,SEDENTARY,Fitbit App
2024-07-05T11:50:00Z,SEDENTARY,Fitbit App
2024-07-05T11:51:00Z,LIGHTLY_ACTIVE,Fitbit App
2024-07-05T11:52:00Z,SEDENTARY,Fitbit App
2024-07-05T11:53:00Z,SEDENTARY,Fitbit App
2024-07-05T11:54:00Z,SEDENTARY,Fitbit App
2024-07-05T11:55:00Z,SEDENTARY,Fitbit App
2024-07-05T11:56:00Z,SEDENTARY,Fitbit App
2024-07-05T11:57:00Z,SEDENTARY,Fitbit App
2024-07-05T11:58:00Z,SEDENTARY,Fitbit App
2024-07-05T11:59:00Z,SEDENTARY,Fitbit App
2024-07-05T12:00:00Z,LIGHTLY_ACTIVE,Fitbit App
2024-07-05T12:01:00Z,LIGHTLY_ACTIVE,Fitbit App
2024-07-05T12:02:00Z,SEDENTARY,Fitbit App
2024-07-05T12:03:00Z,SEDENTARY,Fitbit App
2024-07-05T12:04:00Z,SEDENTARY,Fitbit App
2024-07-05T12:05:00Z,LIGHTLY_ACTIVE,Fitbit App
2024-07-05T12:06:00Z,SEDENTARY,Fitbit App
2024-07-05T12:07:00Z,LIGHTLY_ACTIVE,Fitbit App
2024-07-05T12:08:00Z,LIGHTLY_ACTIVE,Fitbit App
2024-07-05T12:09:00Z,LIGHTLY_ACTIVE,Fitbit App
2024-07-05T12:10:00Z,SEDENTARY,Fitbit App
2024-07-05T12:11:00Z,SEDENTARY,Fitbit App
2024-07-05T12:12:00Z,SEDENTARY,Fitbit App
2024-07-05T12:18:00Z,LIGHTLY_ACTIVE,Fitbit App
2024-07-05T12:19:00Z,LIGHTLY_ACTIVE,Fitbit App
2024-07-05T12:20:00Z,LIGHTLY_ACTIVE,Fitbit App
2024-07-05T12:21:00Z,SEDENTARY,Fitbit App
2024-07-05T12:22:00Z,SEDENTARY,Fitbit App
2024-07-05T12:23:00Z,LIGHTLY_ACTIVE,Fitbit App
2024-07-05T12:24:00Z,SEDENTARY,Fitbit App
2024-07-05T12:25:00Z,LIGHTLY_ACTIVE,Fitbit App
2024-07-05T12:26:00Z,LIGHTLY_ACTIVE,Fitbit App
2024-07-05T12:27:00Z,SEDENTARY,Fitbit App
2024-07-05T12:28:00Z,SEDENTARY,Fitbit App
2024-07-05T12:29:00Z,LIGHTLY_ACTIVE,Fitbit App
2024-07-05T12:30:00Z,SEDENTARY,Fitbit App
2024-07-05T12:33:00Z,LIGHTLY_ACTIVE,Fitbit App
2024-07-05T12:34:00Z,MODERATELY_ACTIVE,Fitbit App
2024-07-05T12:35:00Z,MODERATELY_ACTIVE,Fitbit App
2024-07-05T12:36:00Z,VERY_ACTIVE,Fitbit App
2024-07-05T12:37:00Z,VERY_ACTIVE,Fitbit App
2024-07-05T12:38:00Z,LIGHTLY_ACTIVE,Fitbit App
2024-07-05T12:39:00Z,MODERATELY_ACTIVE,Fitbit App
2024-07-05T12:40:00Z,SEDENTARY,Fitbit App
2024-07-05T12:41:00Z,MODERATELY_ACTIVE,Fitbit App
2024-07-05T12:42:00Z,LIGHTLY_ACTIVE,Fitbit App
2024-07-05T12:43:00Z,LIGHTLY_ACTIVE,Fitbit App
2024-07-05T12:44:00Z,LIGHTLY_ACTIVE,Fitbit App
2024-07-05T12:45:00Z,SEDENTARY,Fitbit App
2024-07-05T12:46:00Z,SEDENTARY,Fitbit App
2024-07-05T12:47:00Z,SEDENTARY,Fitbit App
2024-07-05T12:48:00Z,SEDENTARY,Fitbit App
2024-07-05T12:49:00Z,SEDENTARY,Fitbit App
2024-07-05T12:50:00Z,SEDENTARY,Fitbit App
2024-07-05T12:51:00Z,SEDENTARY,Fitbit App
2024-07-05T12:52:00Z,LIGHTLY_ACTIVE,Fitbit App
2024-07-05T12:53:00Z,SEDENTARY,Fitbit App
2024-07-05T12:54:00Z,SEDENTARY,Fitbit App
2024-07-05T12:55:00Z,LIGHTLY_ACTIVE,Fitbit App
2024-07-05T12:56:00Z,SEDENTARY,Fitbit App
2024-07-05T12:57:00Z,LIGHTLY_ACTIVE,Fitbit App
2024-07-05T12:58:00Z,SEDENTARY,Fitbit App
2024-07-05T12:59:00Z,SEDENTARY,Fitbit App
2024-07-05T13:00:00Z,SEDENTARY,Fitbit App
2024-07-05T13:01:00Z,SEDENTARY,Fitbit App
2024-07-05T13:02:00Z,SEDENTARY,Fitbit App
2024-07-05T13:03:00Z,SEDENTARY,Fitbit App
2024-07-05T13:04:00Z,SEDENTARY,Fitbit App
2024-07-05T13:05:00Z,SEDENTARY,Fitbit App
2024-07-05T13:06:00Z,SEDENTARY,Fitbit App
2024-07-05T13:07:00Z,SEDENTARY,Fitbit App
2024-07-05T13:08:00Z,SEDENTARY,Fitbit App
2024-07-05T13:09:00Z,SEDENTARY,Fitbit App
2024-07-05T13:12:00Z,SEDENTARY,Fitbit App
2024-07-05T13:13:00Z,SEDENTARY,Fitbit App
2024-07-05T13:14:00Z,LIGHTLY_ACTIVE,Fitbit App
2024-07-05T13:15:00Z,LIGHTLY_ACTIVE,Fitbit App
2024-07-05T13:16:00Z,SEDENTARY,Fitbit App
2024-07-05T13:17:00Z,SEDENTARY,Fitbit App
2024-07-05T13:18:00Z,SEDENTARY,Fitbit App
2024-07-05T13:19:00Z,SEDENTARY,Fitbit App
2024-07-05T13:20:00Z,SEDENTARY,Fitbit App
2024-07-05T13:21:00Z,SEDENTARY,Fitbit App
2024-07-05T13:22:00Z,SEDENTARY,Fitbit App
2024-07-05T13:23:00Z,SEDENTARY,Fitbit App
2024-07-05T13:24:00Z,SEDENTARY,Fitbit App
2024-07-05T13:26:00Z,SEDENTARY,Fitbit App
2024-07-05T13:27:00Z,SEDENTARY,Fitbit App
2024-07-05T13:28:00Z,SEDENTARY,Fitbit App
2024-07-05T13:29:00Z,SEDENTARY,Fitbit App
2024-07-05T13:30:00Z,SEDENTARY,Fitbit App
2024-07-05T13:31:00Z,SEDENTARY,Fitbit App
2024-07-05T13:32:00Z,SEDENTARY,Fitbit App
2024-07-05T13:33:00Z,SEDENTARY,Fitbit App
2024-07-05T13:34:00Z,SEDENTARY,Fitbit App
2024-07-05T13:35:00Z,SEDENTARY,Fitbit App
2024-07-05T13:36:00Z,SEDENTARY,Fitbit App
2024-07-05T13:37:00Z,SEDENTARY,Fitbit App
2024-07-05T13:38:00Z,SEDENTARY,Fitbit App
2024-07-05T13:39:00Z,SEDENTARY,Fitbit App
2024-07-05T13:40:00Z,SEDENTARY,Fitbit App
2024-07-05T13:41:00Z,SEDENTARY,Fitbit App
2024-07-05T13:42:00Z,SEDENTARY,Fitbit App
2024-07-05T13:43:00Z,SEDENTARY,Fitbit App
2024-07-05T13:44:00Z,SEDENTARY,Fitbit App
2024-07-05T13:45:00Z,LIGHTLY_ACTIVE,Fitbit App
2024-07-05T13:46:00Z,SEDENTARY,Fitbit App
2024-07-05T13:53:00Z,SEDENTARY,Fitbit App
2024-07-05T13:58:00Z,SEDENTARY,Fitbit App
2024-07-05T14:01:00Z,SEDENTARY,Fitbit App
2024-07-05T14:02:00Z,SEDENTARY,Fitbit App
2024-07-05T14:03:00Z,SEDENTARY,Fitbit App
2024-07-05T14:05:00Z,SEDENTARY,Fitbit App
2024-07-05T14:06:00Z,LIGHTLY_ACTIVE,Fitbit App
2024-07-05T14:07:00Z,LIGHTLY_ACTIVE,Fitbit App
2024-07-05T14:08:00Z,LIGHTLY_ACTIVE,Fitbit App
2024-07-05T14:09:00Z,SEDENTARY,Fitbit App
2024-07-05T14:10:00Z,SEDENTARY,Fitbit App
2024-07-05T14:27:00Z,SEDENTARY,Fitbit App
2024-07-05T14:28:00Z,SEDENTARY,Fitbit App
2024-07-05T14:34:00Z,LIGHTLY_ACTIVE,Fitbit App
2024-07-05T14:35:00Z,LIGHTLY_ACTIVE,Fitbit App
2024-07-05T14:36:00Z,LIGHTLY_ACTIVE,Fitbit App
2024-07-05T14:37:00Z,LIGHTLY_ACTIVE,Fitbit App
2024-07-05T14:38:00Z,LIGHTLY_ACTIVE,Fitbit App
2024-07-05T14:39:00Z,LIGHTLY_ACTIVE,Fitbit App
2024-07-05T14:40:00Z,LIGHTLY_ACTIVE,Fitbit App
2024-07-05T14:41:00Z,LIGHTLY_ACTIVE,Fitbit App
2024-07-05T14:42:00Z,LIGHTLY_ACTIVE,Fitbit App
2024-07-05T14:43:00Z,LIGHTLY_ACTIVE,Fitbit App
2024-07-05T14:44:00Z,VERY_ACTIVE,Fitbit App
2024-07-05T14:45:00Z,VERY_ACTIVE,Fitbit App
2024-07-05T14:46:00Z,MODERATELY_ACTIVE,Fitbit App
2024-07-05T14:47:00Z,MODERATELY_ACTIVE,Fitbit App
2024-07-05T14:48:00Z,LIGHTLY_ACTIVE,Fitbit App
2024-07-05T14:49:00Z,LIGHTLY_ACTIVE,Fitbit App
2024-07-05T14:50:00Z,SEDENTARY,Fitbit App
2024-07-05T14:51:00Z,LIGHTLY_ACTIVE,Fitbit App
2024-07-05T14:52:00Z,LIGHTLY_ACTIVE,Fitbit App
2024-07-05T14:53:00Z,SEDENTARY,Fitbit App
2024-07-05T14:54:00Z,LIGHTLY_ACTIVE,Fitbit App
2024-07-05T14:55:00Z,VERY_ACTIVE,Fitbit App
2024-07-05T14:56:00Z,VERY_ACTIVE,Fitbit App
2024-07-05T14:57:00Z,VERY_ACTIVE,Fitbit App
2024-07-05T14:58:00Z,LIGHTLY_ACTIVE,Fitbit App
2024-07-05T14:59:00Z,LIGHTLY_ACTIVE,Fitbit App
2024-07-05T15:00:00Z,LIGHTLY_ACTIVE,Fitbit App
2024-07-05T15:01:00Z,SEDENTARY,Fitbit App
2024-07-05T15:02:00Z,LIGHTLY_ACTIVE,Fitbit App
2024-07-05T15:03:00Z,LIGHTLY_ACTIVE,Fitbit App
2024-07-05T15:04:00Z,SEDENTARY,Fitbit App
2024-07-05T15:05:00Z,LIGHTLY_ACTIVE,Fitbit App
2024-07-05T15:06:00Z,LIGHTLY_ACTIVE,Fitbit App
2024-07-05T15:07:00Z,LIGHTLY_ACTIVE,Fitbit App
2024-07-05T15:08:00Z,LIGHTLY_ACTIVE,Fitbit App
2024-07-05T15:09:00Z,LIGHTLY_ACTIVE,Fitbit App
2024-07-05T15:10:00Z,SEDENTARY,Fitbit App
2024-07-05T15:11:00Z,LIGHTLY_ACTIVE,Fitbit App
2024-07-05T15:12:00Z,LIGHTLY_ACTIVE,Fitbit App
2024-07-05T15:13:00Z,SEDENTARY,Fitbit App
2024-07-05T15:14:00Z,LIGHTLY_ACTIVE,Fitbit App
2024-07-05T15:15:00Z,LIGHTLY_ACTIVE,Fitbit App
2024-07-05T15:16:00Z,LIGHTLY_ACTIVE,Fitbit App
2024-07-05T15:17:00Z,LIGHTLY_ACTIVE,Fitbit App
2024-07-05T15:18:00Z,LIGHTLY_ACTIVE,Fitbit App
2024-07-05T15:19:00Z,LIGHTLY_ACTIVE,Fitbit App
2024-07-05T15:20:00Z,SEDENTARY,Fitbit App
2024-07-05T15:21:00Z,LIGHTLY_ACTIVE,Fitbit App
2024-07-05T15:22:00Z,SEDENTARY,Fitbit App
2024-07-05T15:23:00Z,SEDENTARY,Fitbit App
2024-07-05T15:24:00Z,LIGHTLY_ACTIVE,Fitbit App
2024-07-05T15:25:00Z,LIGHTLY_ACTIVE,Fitbit App
2024-07-05T15:26:00Z,MODERATELY_ACTIVE,Fitbit App
2024-07-05T15:27:00Z,LIGHTLY_ACTIVE,Fitbit App
2024-07-05T15:28:00Z,SEDENTARY,Fitbit App
2024-07-05T15:29:00Z,LIGHTLY_ACTIVE,Fitbit App
2024-07-05T15:30:00Z,LIGHTLY_ACTIVE,Fitbit App
2024-07-05T15:31:00Z,MODERATELY_ACTIVE,Fitbit App
2024-07-05T15:32:00Z,LIGHTLY_ACTIVE,Fitbit App
2024-07-05T15:33:00Z,LIGHTLY_ACTIVE,Fitbit App
2024-07-05T15:34:00Z,MODERATELY_ACTIVE,Fitbit App
2024-07-05T15:35:00Z,LIGHTLY_ACTIVE,Fitbit App
2024-07-05T15:36:00Z,MODERATELY_ACTIVE,Fitbit App
2024-07-05T15:37:00Z,MODERATELY_ACTIVE,Fitbit App
2024-07-05T15:38:00Z,SEDENTARY,Fitbit App
2024-07-05T15:39:00Z,SEDENTARY,Fitbit App
2024-07-05T15:40:00Z,LIGHTLY_ACTIVE,Fitbit App
2024-07-05T15:41:00Z,SEDENTARY,Fitbit App
2024-07-05T15:42:00Z,SEDENTARY,Fitbit App
2024-07-05T15:43:00Z,SEDENTARY,Fitbit App
2024-07-05T15:44:00Z,SEDENTARY,Fitbit App
2024-07-05T15:45:00Z,LIGHTLY_ACTIVE,Fitbit App
2024-07-05T15:46:00Z,SEDENTARY,Fitbit App
2024-07-05T15:47:00Z,SEDENTARY,Fitbit App
2024-07-05T15:48:00Z,MODERATELY_ACTIVE,Fitbit App
2024-07-05T15:49:00Z,MODERATELY_ACTIVE,Fitbit App
2024-07-05T15:50:00Z,VERY_ACTIVE,Fitbit App
2024-07-05T15:51:00Z,VERY_ACTIVE,Fitbit App
2024-07-05T15:52:00Z,VERY_ACTIVE,Fitbit App
2024-07-05T15:53:00Z,MODERATELY_ACTIVE,Fitbit App
2024-07-05T15:54:00Z,LIGHTLY_ACTIVE,Fitbit App
2024-07-05T15:55:00Z,SEDENTARY,Fitbit App
2024-07-05T15:56:00Z,SEDENTARY,Fitbit App
2024-07-05T15:57:00Z,SEDENTARY,Fitbit App
2024-07-05T15:58:00Z,SEDENTARY,Fitbit App
2024-07-05T15:59:00Z,SEDENTARY,Fitbit App
2024-07-05T16:00:00Z,LIGHTLY_ACTIVE,Fitbit App
2024-07-05T16:01:00Z,LIGHTLY_ACTIVE,Fitbit App
2024-07-05T16:02:00Z,LIGHTLY_ACTIVE,Fitbit App
2024-07-05T16:03:00Z,LIGHTLY_ACTIVE,Fitbit App
2024-07-05T16:04:00Z,LIGHTLY_ACTIVE,Fitbit App
2024-07-05T16:05:00Z,LIGHTLY_ACTIVE,Fitbit App
2024-07-05T16:06:00Z,LIGHTLY_ACTIVE,Fitbit App
2024-07-05T16:07:00Z,SEDENTARY,Fitbit App
2024-07-05T16:08:00Z,SEDENTARY,Fitbit App
2024-07-05T16:09:00Z,LIGHTLY_ACTIVE,Fitbit App
2024-07-05T16:10:00Z,LIGHTLY_ACTIVE,Fitbit App
2024-07-05T16:11:00Z,LIGHTLY_ACTIVE,Fitbit App
2024-07-05T16:12:00Z,LIGHTLY_ACTIVE,Fitbit App
2024-07-05T16:13:00Z,SEDENTARY,Fitbit App
2024-07-05T16:14:00Z,SEDENTARY,Fitbit App
2024-07-05T16:17:00Z,SEDENTARY,Fitbit App
2024-07-05T16:20:00Z,SEDENTARY,Fitbit App
2024-07-05T16:21:00Z,SEDENTARY,Fitbit App
2024-07-05T16:23:00Z,SEDENTARY,Fitbit App
2024-07-05T16:25:00Z,SEDENTARY,Fitbit App
2024-07-05T16:26:00Z,SEDENTARY,Fitbit App
2024-07-05T16:27:00Z,SEDENTARY,Fitbit App
2024-07-05T16:28:00Z,SEDENTARY,Fitbit App
2024-07-05T16:36:00Z,LIGHTLY_ACTIVE,Fitbit App
2024-07-05T16:37:00Z,SEDENTARY,Fitbit App
2024-07-05T16:38:00Z,SEDENTARY,Fitbit App
2024-07-05T16:39:00Z,SEDENTARY,Fitbit App
2024-07-05T16:40:00Z,SEDENTARY,Fitbit App
2024-07-05T16:41:00Z,SEDENTARY,Fitbit App
2024-07-05T16:42:00Z,SEDENTARY,Fitbit App
2024-07-05T16:43:00Z,SEDENTARY,Fitbit App
2024-07-05T16:44:00Z,SEDENTARY,Fitbit App
2024-07-05T16:45:00Z,SEDENTARY,Fitbit App
2024-07-05T16:46:00Z,SEDENTARY,Fitbit App
2024-07-05T16:47:00Z,SEDENTARY,Fitbit App
2024-07-05T16:48:00Z,SEDENTARY,Fitbit App
2024-07-05T16:49:00Z,SEDENTARY,Fitbit App
2024-07-05T16:50:00Z,SEDENTARY,Fitbit App
2024-07-05T16:51:00Z,SEDENTARY,Fitbit App
2024-07-05T16:52:00Z,SEDENTARY,Fitbit App
2024-07-05T16:53:00Z,SEDENTARY,Fitbit App
2024-07-05T16:54:00Z,SEDENTARY,Fitbit App
2024-07-05T16:55:00Z,SEDENTARY,Fitbit App
2024-07-05T16:56:00Z,SEDENTARY,Fitbit App
2024-07-05T16:57:00Z,SEDENTARY,Fitbit App
2024-07-05T16:58:00Z,SEDENTARY,Fitbit App
2024-07-05T16:59:00Z,SEDENTARY,Fitbit App
2024-07-05T17:00:00Z,SEDENTARY,Fitbit App
2024-07-05T17:01:00Z,SEDENTARY,Fitbit App
2024-07-05T17:02:00Z,SEDENTARY,Fitbit App
2024-07-05T17:03:00Z,SEDENTARY,Fitbit App
2024-07-05T17:04:00Z,SEDENTARY,Fitbit App
2024-07-05T17:05:00Z,SEDENTARY,Fitbit App
2024-07-05T17:06:00Z,SEDENTARY,Fitbit App
2024-07-05T17:07:00Z,SEDENTARY,Fitbit App
2024-07-05T17:08:00Z,SEDENTARY,Fitbit App
2024-07-05T17:09:00Z,SEDENTARY,Fitbit App
2024-07-05T17:10:00Z,SEDENTARY,Fitbit App
2024-07-05T17:11:00Z,SEDENTARY,Fitbit App
2024-07-05T17:12:00Z,LIGHTLY_ACTIVE,Fitbit App
2024-07-05T17:31:00Z,LIGHTLY_ACTIVE,Fitbit App
2024-07-05T17:32:00Z,LIGHTLY_ACTIVE,Fitbit App
2024-07-05T17:33:00Z,SEDENTARY,Fitbit App
2024-07-05T17:34:00Z,SEDENTARY,Fitbit App
2024-07-05T17:35:00Z,SEDENTARY,Fitbit App
2024-07-05T17:36:00Z,SEDENTARY,Fitbit App
2024-07-05T17:37:00Z,SEDENTARY,Fitbit App
2024-07-05T17:39:00Z,SEDENTARY,Fitbit App
2024-07-05T17:40:00Z,SEDENTARY,Fitbit App
2024-07-05T17:41:00Z,SEDENTARY,Fitbit App
2024-07-05T17:42:00Z,SEDENTARY,Fitbit App
2024-07-05T17:43:00Z,SEDENTARY,Fitbit App
2024-07-05T17:46:00Z,SEDENTARY,Fitbit App
2024-07-05T17:48:00Z,SEDENTARY,Fitbit App
2024-07-05T17:49:00Z,SEDENTARY,Fitbit App
2024-07-05T17:50:00Z,SEDENTARY,Fitbit App
2024-07-05T17:51:00Z,SEDENTARY,Fitbit App
2024-07-05T17:52:00Z,SEDENTARY,Fitbit App
2024-07-05T17:53:00Z,SEDENTARY,Fitbit App
2024-07-05T17:54:00Z,SEDENTARY,Fitbit App
2024-07-05T17:55:00Z,SEDENTARY,Fitbit App
2024-07-05T17:59:00Z,SEDENTARY,Fitbit App
2024-07-05T18:00:00Z,SEDENTARY,Fitbit App
2024-07-05T18:01:00Z,LIGHTLY_ACTIVE,Fitbit App
2024-07-05T18:02:00Z,SEDENTARY,Fitbit App
2024-07-05T18:03:00Z,SEDENTARY,Fitbit App
2024-07-05T18:04:00Z,SEDENTARY,Fitbit App
2024-07-05T18:05:00Z,SEDENTARY,Fitbit App
2024-07-05T18:10:00Z,SEDENTARY,Fitbit App
2024-07-05T18:12:00Z,SEDENTARY,Fitbit App
2024-07-05T18:13:00Z,SEDENTARY,Fitbit App
2024-07-05T18:16:00Z,LIGHTLY_ACTIVE,Fitbit App
2024-07-05T18:17:00Z,LIGHTLY_ACTIVE,Fitbit App
2024-07-05T18:18:00Z,SEDENTARY,Fitbit App
2024-07-05T18:19:00Z,SEDENTARY,Fitbit App
2024-07-05T18:20:00Z,SEDENTARY,Fitbit App
2024-07-05T18:21:00Z,SEDENTARY,Fitbit App
2024-07-05T18:22:00Z,SEDENTARY,Fitbit App
2024-07-05T18:23:00Z,SEDENTARY,Fitbit App
2024-07-05T18:24:00Z,SEDENTARY,Fitbit App
2024-07-05T18:25:00Z,SEDENTARY,Fitbit App
2024-07-05T18:26:00Z,SEDENTARY,Fitbit App
2024-07-05T18:27:00Z,SEDENTARY,Fitbit App
2024-07-05T18:34:00Z,SEDENTARY,Fitbit App
2024-07-05T18:36:00Z,SEDENTARY,Fitbit App
2024-07-05T18:39:00Z,SEDENTARY,Fitbit App
2024-07-05T18:45:00Z,SEDENTARY,Fitbit App
2024-07-05T18:51:00Z,SEDENTARY,Fitbit App
2024-07-05T18:53:00Z,LIGHTLY_ACTIVE,Fitbit App
2024-07-05T18:54:00Z,SEDENTARY,Fitbit App
2024-07-05T18:55:00Z,SEDENTARY,Fitbit App
2024-07-05T18:56:00Z,LIGHTLY_ACTIVE,Fitbit App
2024-07-05T18:57:00Z,LIGHTLY_ACTIVE,Fitbit App
2024-07-05T18:58:00Z,MODERATELY_ACTIVE,Fitbit App
2024-07-05T18:59:00Z,LIGHTLY_ACTIVE,Fitbit App
2024-07-05T19:00:00Z,LIGHTLY_ACTIVE,Fitbit App
2024-07-05T19:01:00Z,MODERATELY_ACTIVE,Fitbit App
2024-07-05T19:02:00Z,LIGHTLY_ACTIVE,Fitbit App
2024-07-05T19:03:00Z,LIGHTLY_ACTIVE,Fitbit App
2024-07-05T19:04:00Z,LIGHTLY_ACTIVE,Fitbit App
2024-07-05T19:05:00Z,LIGHTLY_ACTIVE,Fitbit App
2024-07-05T19:06:00Z,LIGHTLY_ACTIVE,Fitbit App
2024-07-05T19:07:00Z,LIGHTLY_ACTIVE,Fitbit App
2024-07-05T19:08:00Z,LIGHTLY_ACTIVE,Fitbit App
2024-07-05T19:09:00Z,LIGHTLY_ACTIVE,Fitbit App
2024-07-05T19:10:00Z,LIGHTLY_ACTIVE,Fitbit App
2024-07-05T19:11:00Z,LIGHTLY_ACTIVE,Fitbit App
2024-07-05T19:12:00Z,LIGHTLY_ACTIVE,Fitbit App
2024-07-05T19:13:00Z,SEDENTARY,Fitbit App
2024-07-05T19:14:00Z,LIGHTLY_ACTIVE,Fitbit App
2024-07-05T19:15:00Z,LIGHTLY_ACTIVE,Fitbit App
2024-07-05T19:16:00Z,LIGHTLY_ACTIVE,Fitbit App
2024-07-05T19:17:00Z,MODERATELY_ACTIVE,Fitbit App
2024-07-05T19:18:00Z,MODERATELY_ACTIVE,Fitbit App
2024-07-05T19:19:00Z,MODERATELY_ACTIVE,Fitbit App
2024-07-05T19:20:00Z,LIGHTLY_ACTIVE,Fitbit App
2024-07-05T19:21:00Z,MODERATELY_ACTIVE,Fitbit App
2024-07-05T19:22:00Z,MODERATELY_ACTIVE,Fitbit App
2024-07-05T19:23:00Z,MODERATELY_ACTIVE,Fitbit App
2024-07-05T19:24:00Z,LIGHTLY_ACTIVE,Fitbit App
2024-07-05T19:25:00Z,LIGHTLY_ACTIVE,Fitbit App
2024-07-05T19:26:00Z,LIGHTLY_ACTIVE,Fitbit App
2024-07-05T19:27:00Z,SEDENTARY,Fitbit App
2024-07-05T19:28:00Z,SEDENTARY,Fitbit App
2024-07-05T19:29:00Z,SEDENTARY,Fitbit App
2024-07-05T19:30:00Z,SEDENTARY,Fitbit App
2024-07-05T19:31:00Z,LIGHTLY_ACTIVE,Fitbit App
2024-07-05T19:32:00Z,LIGHTLY_ACTIVE,Fitbit App
2024-07-05T19:33:00Z,SEDENTARY,Fitbit App
2024-07-05T19:34:00Z,SEDENTARY,Fitbit App
2024-07-05T19:35:00Z,SEDENTARY,Fitbit App
2024-07-05T19:36:00Z,LIGHTLY_ACTIVE,Fitbit App
2024-07-05T19:37:00Z,LIGHTLY_ACTIVE,Fitbit App
2024-07-05T19:38:00Z,LIGHTLY_ACTIVE,Fitbit App
2024-07-05T19:39:00Z,LIGHTLY_ACTIVE,Fitbit App
2024-07-05T19:40:00Z,MODERATELY_ACTIVE,Fitbit App
2024-07-05T19:41:00Z,LIGHTLY_ACTIVE,Fitbit App
2024-07-05T19:42:00Z,SEDENTARY,Fitbit App
2024-07-05T19:43:00Z,SEDENTARY,Fitbit App
2024-07-05T19:44:00Z,SEDENTARY,Fitbit App
2024-07-05T19:45:00Z,LIGHTLY_ACTIVE,Fitbit App
2024-07-05T19:46:00Z,SEDENTARY,Fitbit App
2024-07-05T19:47:00Z,SEDENTARY,Fitbit App
2024-07-05T19:48:00Z,LIGHTLY_ACTIVE,Fitbit App
2024-07-05T19:49:00Z,LIGHTLY_ACTIVE,Fitbit App
2024-07-05T19:50:00Z,SEDENTARY,Fitbit App
2024-07-05T19:51:00Z,LIGHTLY_ACTIVE,Fitbit App
2024-07-05T19:52:00Z,LIGHTLY_ACTIVE,Fitbit App
2024-07-05T19:53:00Z,LIGHTLY_ACTIVE,Fitbit App
2024-07-05T19:54:00Z,MODERATELY_ACTIVE,Fitbit App
2024-07-05T19:55:00Z,MODERATELY_ACTIVE,Fitbit App
2024-07-05T19:56:00Z,VERY_ACTIVE,Fitbit App
2024-07-05T19:57:00Z,MODERATELY_ACTIVE,Fitbit App
2024-07-05T19:58:00Z,MODERATELY_ACTIVE,Fitbit App
2024-07-05T19:59:00Z,MODERATELY_ACTIVE,Fitbit App
2024-07-05T20:00:00Z,LIGHTLY_ACTIVE,Fitbit App
2024-07-05T20:01:00Z,LIGHTLY_ACTIVE,Fitbit App
2024-07-05T20:02:00Z,LIGHTLY_ACTIVE,Fitbit App
2024-07-05T20:03:00Z,LIGHTLY_ACTIVE,Fitbit App
2024-07-05T20:04:00Z,LIGHTLY_ACTIVE,Fitbit App
2024-07-05T20:05:00Z,SEDENTARY,Fitbit App
2024-07-05T20:06:00Z,SEDENTARY,Fitbit App
2024-07-05T20:07:00Z,SEDENTARY,Fitbit App
2024-07-05T20:08:00Z,LIGHTLY_ACTIVE,Fitbit App
2024-07-05T20:09:00Z,LIGHTLY_ACTIVE,Fitbit App
2024-07-05T20:10:00Z,SEDENTARY,Fitbit App
2024-07-05T20:11:00Z,SEDENTARY,Fitbit App
2024-07-05T20:12:00Z,LIGHTLY_ACTIVE,Fitbit App
2024-07-05T20:13:00Z,SEDENTARY,Fitbit App
2024-07-05T20:14:00Z,LIGHTLY_ACTIVE,Fitbit App
2024-07-05T20:15:00Z,LIGHTLY_ACTIVE,Fitbit App
2024-07-05T20:16:00Z,LIGHTLY_ACTIVE,Fitbit App
2024-07-05T20:17:00Z,LIGHTLY_ACTIVE,Fitbit App
2024-07-05T20:18:00Z,SEDENTARY,Fitbit App
2024-07-05T20:19:00Z,LIGHTLY_ACTIVE,Fitbit App
2024-07-05T20:20:00Z,SEDENTARY,Fitbit App
2024-07-05T20:21:00Z,SEDENTARY,Fitbit App
2024-07-05T20:22:00Z,SEDENTARY,Fitbit App
2024-07-05T20:23:00Z,SEDENTARY,Fitbit App
2024-07-05T20:24:00Z,SEDENTARY,Fitbit App
2024-07-05T20:25:00Z,SEDENTARY,Fitbit App
2024-07-05T20:27:00Z,SEDENTARY,Fitbit App
2024-07-05T20:28:00Z,LIGHTLY_ACTIVE,Fitbit App
2024-07-05T20:29:00Z,LIGHTLY_ACTIVE,Fitbit App
2024-07-05T20:30:00Z,LIGHTLY_ACTIVE,Fitbit App
2024-07-05T20:31:00Z,LIGHTLY_ACTIVE,Fitbit App
2024-07-05T20:34:00Z,SEDENTARY,Fitbit App
2024-07-05T20:57:00Z,SEDENTARY,Fitbit App
2024-07-05T20:58:00Z,LIGHTLY_ACTIVE,Fitbit App
2024-07-05T20:59:00Z,LIGHTLY_ACTIVE,Fitbit App
2024-07-05T21:00:00Z,LIGHTLY_ACTIVE,Fitbit App
2024-07-05T21:01:00Z,LIGHTLY_ACTIVE,Fitbit App
2024-07-05T21:02:00Z,LIGHTLY_ACTIVE,Fitbit App
2024-07-05T21:03:00Z,LIGHTLY_ACTIVE,Fitbit App
2024-07-05T21:04:00Z,LIGHTLY_ACTIVE,Fitbit App
2024-07-05T21:05:00Z,LIGHTLY_ACTIVE,Fitbit App
2024-07-05T21:06:00Z,LIGHTLY_ACTIVE,Fitbit App
2024-07-05T21:07:00Z,SEDENTARY,Fitbit App
2024-07-05T21:08:00Z,SEDENTARY,Fitbit App
2024-07-05T21:09:00Z,SEDENTARY,Fitbit App
2024-07-05T21:10:00Z,SEDENTARY,Fitbit App
2024-07-05T21:11:00Z,SEDENTARY,Fitbit App
2024-07-05T21:12:00Z,SEDENTARY,Fitbit App
2024-07-05T21:13:00Z,SEDENTARY,Fitbit App
2024-07-05T21:14:00Z,SEDENTARY,Fitbit App
2024-07-05T21:15:00Z,SEDENTARY,Fitbit App
2024-07-05T21:16:00Z,SEDENTARY,Fitbit App
2024-07-05T21:17:00Z,SEDENTARY,Fitbit App
2024-07-05T21:18:00Z,SEDENTARY,Fitbit App
2024-07-05T21:21:00Z,SEDENTARY,Fitbit App
2024-07-05T21:22:00Z,SEDENTARY,Fitbit App
2024-07-05T21:31:00Z,SEDENTARY,Fitbit App
2024-07-05T22:03:00Z,LIGHTLY_ACTIVE,Fitbit App
2024-07-05T22:04:00Z,SEDENTARY,Fitbit App
2024-07-05T22:05:00Z,LIGHTLY_ACTIVE,Fitbit App
2024-07-05T22:06:00Z,SEDENTARY,Fitbit App
2024-07-05T22:12:00Z,SEDENTARY,Fitbit App
2024-07-05T22:13:00Z,SEDENTARY,Fitbit App
2024-07-05T22:19:00Z,SEDENTARY,Fitbit App
2024-07-05T22:24:00Z,SEDENTARY,Fitbit App
2024-07-05T22:26:00Z,SEDENTARY,Fitbit App
2024-07-05T22:29:00Z,SEDENTARY,Fitbit App
2024-07-05T22:32:00Z,SEDENTARY,Fitbit App
2024-07-05T22:35:00Z,SEDENTARY,Fitbit App
2024-07-05T22:37:00Z,LIGHTLY_ACTIVE,Fitbit App
2024-07-05T22:38:00Z,LIGHTLY_ACTIVE,Fitbit App
2024-07-05T22:39:00Z,LIGHTLY_ACTIVE,Fitbit App
2024-07-05T22:40:00Z,LIGHTLY_ACTIVE,Fitbit App
2024-07-05T22:41:00Z,SEDENTARY,Fitbit App
2024-07-05T22:42:00Z,SEDENTARY,Fitbit App
2024-07-05T22:43:00Z,SEDENTARY,Fitbit App
2024-07-05T22:46:00Z,SEDENTARY,Fitbit App
2024-07-05T23:37:00Z,SEDENTARY,Fitbit App
2024-07-05T23:58:00Z,SEDENTARY,Fitbit App
2024-07-05T23:59:00Z,SEDENTARY,Fitbit App
2024-07-06T00:00:00Z,SEDENTARY,Fitbit App
2024-07-06T02:04:00Z,SEDENTARY,Fitbit App
2024-07-06T02:52:00Z,SEDENTARY,Fitbit App
2024-07-06T03:43:00Z,SEDENTARY,Fitbit App
2024-07-06T04:21:00Z,SEDENTARY,Fitbit App
2024-07-06T04:42:00Z,SEDENTARY,Fitbit App
2024-07-06T05:01:00Z,SEDENTARY,Fitbit App
2024-07-06T05:24:00Z,SEDENTARY,Fitbit App
2024-07-06T05:28:00Z,SEDENTARY,Fitbit App
2024-07-06T05:47:00Z,SEDENTARY,Fitbit App
2024-07-06T06:30:00Z,SEDENTARY,Fitbit App
2024-07-06T06:34:00Z,SEDENTARY,Fitbit App
2024-07-06T06:35:00Z,SEDENTARY,Fitbit App
2024-07-06T06:36:00Z,SEDENTARY,Fitbit App
2024-07-06T06:37:00Z,SEDENTARY,Fitbit App
2024-07-06T06:38:00Z,LIGHTLY_ACTIVE,Fitbit App
2024-07-06T06:39:00Z,SEDENTARY,Fitbit App
2024-07-06T06:40:00Z,SEDENTARY,Fitbit App
2024-07-06T06:41:00Z,LIGHTLY_ACTIVE,Fitbit App
2024-07-06T06:42:00Z,SEDENTARY,Fitbit App
2024-07-06T06:43:00Z,SEDENTARY,Fitbit App
2024-07-06T06:44:00Z,LIGHTLY_ACTIVE,Fitbit App
2024-07-06T06:45:00Z,SEDENTARY,Fitbit App
2024-07-06T06:46:00Z,LIGHTLY_ACTIVE,Fitbit App
2024-07-06T06:47:00Z,SEDENTARY,Fitbit App
2024-07-06T06:48:00Z,LIGHTLY_ACTIVE,Fitbit App
2024-07-06T06:49:00Z,LIGHTLY_ACTIVE,Fitbit App
2024-07-06T06:50:00Z,SEDENTARY,Fitbit App
2024-07-06T06:51:00Z,LIGHTLY_ACTIVE,Fitbit App
2024-07-06T06:52:00Z,LIGHTLY_ACTIVE,Fitbit App
2024-07-06T06:53:00Z,LIGHTLY_ACTIVE,Fitbit App
2024-07-06T06:54:00Z,SEDENTARY,Fitbit App
2024-07-06T06:55:00Z,SEDENTARY,Fitbit App
2024-07-06T06:56:00Z,LIGHTLY_ACTIVE,Fitbit App
2024-07-06T06:57:00Z,LIGHTLY_ACTIVE,Fitbit App
2024-07-06T06:58:00Z,SEDENTARY,Fitbit App
2024-07-06T06:59:00Z,SEDENTARY,Fitbit App
2024-07-06T07:02:00Z,SEDENTARY,Fitbit App
2024-07-06T07:03:00Z,LIGHTLY_ACTIVE,Fitbit App
2024-07-06T07:04:00Z,SEDENTARY,Fitbit App
2024-07-06T07:05:00Z,LIGHTLY_ACTIVE,Fitbit App
2024-07-06T07:06:00Z,SEDENTARY,Fitbit App
2024-07-06T07:07:00Z,SEDENTARY,Fitbit App
2024-07-06T07:08:00Z,LIGHTLY_ACTIVE,Fitbit App
2024-07-06T07:09:00Z,LIGHTLY_ACTIVE,Fitbit App
2024-07-06T07:10:00Z,LIGHTLY_ACTIVE,Fitbit App
2024-07-06T07:11:00Z,SEDENTARY,Fitbit App
2024-07-06T07:12:00Z,SEDENTARY,Fitbit App
2024-07-06T07:13:00Z,SEDENTARY,Fitbit App
2024-07-06T07:14:00Z,LIGHTLY_ACTIVE,Fitbit App
2024-07-06T07:15:00Z,SEDENTARY,Fitbit App
2024-07-06T07:17:00Z,SEDENTARY,Fitbit App
2024-07-06T07:19:00Z,SEDENTARY,Fitbit App
2024-07-06T07:20:00Z,SEDENTARY,Fitbit App
2024-07-06T07:21:00Z,LIGHTLY_ACTIVE,Fitbit App
2024-07-06T07:22:00Z,SEDENTARY,Fitbit App
2024-07-06T07:23:00Z,SEDENTARY,Fitbit App
2024-07-06T07:28:00Z,LIGHTLY_ACTIVE,Fitbit App
2024-07-06T07:29:00Z,LIGHTLY_ACTIVE,Fitbit App
2024-07-06T07:30:00Z,LIGHTLY_ACTIVE,Fitbit App
2024-07-06T07:31:00Z,LIGHTLY_ACTIVE,Fitbit App
2024-07-06T07:32:00Z,SEDENTARY,Fitbit App
2024-07-06T07:36:00Z,SEDENTARY,Fitbit App
2024-07-06T07:37:00Z,SEDENTARY,Fitbit App
2024-07-06T07:38:00Z,LIGHTLY_ACTIVE,Fitbit App
2024-07-06T07:39:00Z,SEDENTARY,Fitbit App
2024-07-06T07:40:00Z,SEDENTARY,Fitbit App
2024-07-06T07:41:00Z,SEDENTARY,Fitbit App
2024-07-06T07:42:00Z,SEDENTARY,Fitbit App
2024-07-06T07:43:00Z,SEDENTARY,Fitbit App
2024-07-06T07:44:00Z,SEDENTARY,Fitbit App
2024-07-06T07:45:00Z,SEDENTARY,Fitbit App
2024-07-06T07:47:00Z,SEDENTARY,Fitbit App
2024-07-06T07:48:00Z,SEDENTARY,Fitbit App
2024-07-06T07:49:00Z,SEDENTARY,Fitbit App
2024-07-06T07:50:00Z,SEDENTARY,Fitbit App
2024-07-06T07:52:00Z,SEDENTARY,Fitbit App
2024-07-06T07:54:00Z,LIGHTLY_ACTIVE,Fitbit App
2024-07-06T07:55:00Z,SEDENTARY,Fitbit App
2024-07-06T07:56:00Z,SEDENTARY,Fitbit App
2024-07-06T07:57:00Z,SEDENTARY,Fitbit App
2024-07-06T07:58:00Z,SEDENTARY,Fitbit App
2024-07-06T07:59:00Z,SEDENTARY,Fitbit App
2024-07-06T08:00:00Z,SEDENTARY,Fitbit App
2024-07-06T08:01:00Z,SEDENTARY,Fitbit App
2024-07-06T08:02:00Z,SEDENTARY,Fitbit App
2024-07-06T08:03:00Z,LIGHTLY_ACTIVE,Fitbit App
2024-07-06T08:04:00Z,LIGHTLY_ACTIVE,Fitbit App
2024-07-06T08:05:00Z,LIGHTLY_ACTIVE,Fitbit App
2024-07-06T08:06:00Z,LIGHTLY_ACTIVE,Fitbit App
2024-07-06T08:07:00Z,SEDENTARY,Fitbit App
2024-07-06T08:08:00Z,SEDENTARY,Fitbit App
2024-07-06T08:09:00Z,SEDENTARY,Fitbit App
2024-07-06T08:10:00Z,LIGHTLY_ACTIVE,Fitbit App
2024-07-06T08:11:00Z,LIGHTLY_ACTIVE,Fitbit App
2024-07-06T08:12:00Z,VERY_ACTIVE,Fitbit App
2024-07-06T08:13:00Z,VERY_ACTIVE,Fitbit App
2024-07-06T08:14:00Z,MODERATELY_ACTIVE,Fitbit App
2024-07-06T08:15:00Z,VERY_ACTIVE,Fitbit App
2024-07-06T08:16:00Z,VERY_ACTIVE,Fitbit App
2024-07-06T08:17:00Z,VERY_ACTIVE,Fitbit App
2024-07-06T08:18:00Z,MODERATELY_ACTIVE,Fitbit App
2024-07-06T08:19:00Z,SEDENTARY,Fitbit App
2024-07-06T08:20:00Z,SEDENTARY,Fitbit App
2024-07-06T08:22:00Z,LIGHTLY_ACTIVE,Fitbit App
2024-07-06T08:23:00Z,LIGHTLY_ACTIVE,Fitbit App
2024-07-06T08:24:00Z,SEDENTARY,Fitbit App
2024-07-06T08:25:00Z,SEDENTARY,Fitbit App
2024-07-06T08:26:00Z,LIGHTLY_ACTIVE,Fitbit App
2024-07-06T08:27:00Z,SEDENTARY,Fitbit App
2024-07-06T08:28:00Z,LIGHTLY_ACTIVE,Fitbit App
2024-07-06T08:29:00Z,SEDENTARY,Fitbit App
2024-07-06T08:30:00Z,SEDENTARY,Fitbit App
2024-07-06T08:31:00Z,SEDENTARY,Fitbit App
2024-07-06T08:32:00Z,SEDENTARY,Fitbit App
2024-07-06T08:33:00Z,SEDENTARY,Fitbit App
2024-07-06T08:34:00Z,SEDENTARY,Fitbit App
2024-07-06T08:35:00Z,LIGHTLY_ACTIVE,Fitbit App
2024-07-06T08:36:00Z,LIGHTLY_ACTIVE,Fitbit App
2024-07-06T08:37:00Z,SEDENTARY,Fitbit App
2024-07-06T08:48:00Z,SEDENTARY,Fitbit App
2024-07-06T08:53:00Z,LIGHTLY_ACTIVE,Fitbit App
2024-07-06T08:54:00Z,LIGHTLY_ACTIVE,Fitbit App
2024-07-06T08:55:00Z,SEDENTARY,Fitbit App
2024-07-06T08:56:00Z,SEDENTARY,Fitbit App
2024-07-06T08:57:00Z,SEDENTARY,Fitbit App
2024-07-06T08:58:00Z,LIGHTLY_ACTIVE,Fitbit App
2024-07-06T08:59:00Z,LIGHTLY_ACTIVE,Fitbit App
2024-07-06T09:00:00Z,LIGHTLY_ACTIVE,Fitbit App
2024-07-06T09:01:00Z,SEDENTARY,Fitbit App
2024-07-06T09:02:00Z,LIGHTLY_ACTIVE,Fitbit App
2024-07-06T09:03:00Z,LIGHTLY_ACTIVE,Fitbit App
2024-07-06T09:04:00Z,LIGHTLY_ACTIVE,Fitbit App
2024-07-06T09:05:00Z,SEDENTARY,Fitbit App
2024-07-06T09:10:00Z,SEDENTARY,Fitbit App
2024-07-06T09:11:00Z,SEDENTARY,Fitbit App
2024-07-06T09:13:00Z,SEDENTARY,Fitbit App
2024-07-06T09:16:00Z,SEDENTARY,Fitbit App
2024-07-06T09:17:00Z,SEDENTARY,Fitbit App
2024-07-06T09:18:00Z,LIGHTLY_ACTIVE,Fitbit App
2024-07-06T09:19:00Z,LIGHTLY_ACTIVE,Fitbit App
2024-07-06T09:20:00Z,LIGHTLY_ACTIVE,Fitbit App
2024-07-06T09:21:00Z,SEDENTARY,Fitbit App
2024-07-06T09:22:00Z,SEDENTARY,Fitbit App
2024-07-06T09:23:00Z,SEDENTARY,Fitbit App
2024-07-06T09:24:00Z,SEDENTARY,Fitbit App
2024-07-06T09:25:00Z,SEDENTARY,Fitbit App
2024-07-06T09:27:00Z,LIGHTLY_ACTIVE,Fitbit App
2024-07-06T09:28:00Z,LIGHTLY_ACTIVE,Fitbit App
2024-07-06T09:29:00Z,LIGHTLY_ACTIVE,Fitbit App
2024-07-06T09:30:00Z,SEDENTARY,Fitbit App
2024-07-06T09:31:00Z,LIGHTLY_ACTIVE,Fitbit App
2024-07-06T09:32:00Z,SEDENTARY,Fitbit App
2024-07-06T09:33:00Z,SEDENTARY,Fitbit App
2024-07-06T09:34:00Z,SEDENTARY,Fitbit App
2024-07-06T09:35:00Z,LIGHTLY_ACTIVE,Fitbit App
2024-07-06T09:45:00Z,SEDENTARY,Fitbit App
2024-07-06T09:46:00Z,SEDENTARY,Fitbit App
2024-07-06T09:47:00Z,SEDENTARY,Fitbit App
2024-07-06T09:48:00Z,SEDENTARY,Fitbit App
2024-07-06T09:49:00Z,SEDENTARY,Fitbit App
2024-07-06T09:50:00Z,SEDENTARY,Fitbit App
2024-07-06T09:51:00Z,LIGHTLY_ACTIVE,Fitbit App
2024-07-06T09:52:00Z,SEDENTARY,Fitbit App
2024-07-06T09:53:00Z,SEDENTARY,Fitbit App
2024-07-06T09:54:00Z,SEDENTARY,Fitbit App
2024-07-06T09:55:00Z,SEDENTARY,Fitbit App
2024-07-06T09:56:00Z,SEDENTARY,Fitbit App
2024-07-06T09:58:00Z,LIGHTLY_ACTIVE,Fitbit App
2024-07-06T09:59:00Z,SEDENTARY,Fitbit App
2024-07-06T10:00:00Z,LIGHTLY_ACTIVE,Fitbit App
2024-07-06T10:01:00Z,SEDENTARY,Fitbit App
2024-07-06T10:09:00Z,SEDENTARY,Fitbit App
2024-07-06T10:10:00Z,SEDENTARY,Fitbit App
2024-07-06T10:11:00Z,SEDENTARY,Fitbit App
2024-07-06T10:22:00Z,LIGHTLY_ACTIVE,Fitbit App
2024-07-06T10:23:00Z,SEDENTARY,Fitbit App
2024-07-06T10:24:00Z,SEDENTARY,Fitbit App
2024-07-06T10:26:00Z,LIGHTLY_ACTIVE,Fitbit App
2024-07-06T10:27:00Z,SEDENTARY,Fitbit App
2024-07-06T10:28:00Z,SEDENTARY,Fitbit App
2024-07-06T10:29:00Z,SEDENTARY,Fitbit App
2024-07-06T10:30:00Z,SEDENTARY,Fitbit App
2024-07-06T10:31:00Z,SEDENTARY,Fitbit App
2024-07-06T10:32:00Z,SEDENTARY,Fitbit App
2024-07-06T10:33:00Z,LIGHTLY_ACTIVE,Fitbit App
2024-07-06T10:34:00Z,LIGHTLY_ACTIVE,Fitbit App
2024-07-06T10:35:00Z,SEDENTARY,Fitbit App
2024-07-06T10:36:00Z,SEDENTARY,Fitbit App
2024-07-06T10:37:00Z,SEDENTARY,Fitbit App
2024-07-06T10:41:00Z,LIGHTLY_ACTIVE,Fitbit App
2024-07-06T10:42:00Z,LIGHTLY_ACTIVE,Fitbit App
2024-07-06T11:01:00Z,LIGHTLY_ACTIVE,Fitbit App
2024-07-06T11:06:00Z,SEDENTARY,Fitbit App
2024-07-06T11:07:00Z,SEDENTARY,Fitbit App
2024-07-06T11:09:00Z,SEDENTARY,Fitbit App
2024-07-06T11:11:00Z,SEDENTARY,Fitbit App
2024-07-06T11:14:00Z,SEDENTARY,Fitbit App
2024-07-06T11:15:00Z,LIGHTLY_ACTIVE,Fitbit App
2024-07-06T11:16:00Z,LIGHTLY_ACTIVE,Fitbit App
2024-07-06T11:17:00Z,LIGHTLY_ACTIVE,Fitbit App
2024-07-06T11:18:00Z,LIGHTLY_ACTIVE,Fitbit App
2024-07-06T11:19:00Z,LIGHTLY_ACTIVE,Fitbit App
2024-07-06T11:20:00Z,LIGHTLY_ACTIVE,Fitbit App
2024-07-06T11:21:00Z,LIGHTLY_ACTIVE,Fitbit App
2024-07-06T11:22:00Z,SEDENTARY,Fitbit App
2024-07-06T11:23:00Z,LIGHTLY_ACTIVE,Fitbit App
2024-07-06T11:24:00Z,LIGHTLY_ACTIVE,Fitbit App
2024-07-06T11:25:00Z,SEDENTARY,Fitbit App
2024-07-06T11:26:00Z,LIGHTLY_ACTIVE,Fitbit App
2024-07-06T11:27:00Z,MODERATELY_ACTIVE,Fitbit App
2024-07-06T11:28:00Z,VERY_ACTIVE,Fitbit App
2024-07-06T11:29:00Z,LIGHTLY_ACTIVE,Fitbit App
2024-07-06T11:30:00Z,LIGHTLY_ACTIVE,Fitbit App
2024-07-06T11:31:00Z,SEDENTARY,Fitbit App
2024-07-06T11:32:00Z,SEDENTARY,Fitbit App
2024-07-06T11:33:00Z,SEDENTARY,Fitbit App
2024-07-06T11:34:00Z,SEDENTARY,Fitbit App
2024-07-06T11:35:00Z,LIGHTLY_ACTIVE,Fitbit App
2024-07-06T11:36:00Z,SEDENTARY,Fitbit App
2024-07-06T11:37:00Z,SEDENTARY,Fitbit App
2024-07-06T11:38:00Z,SEDENTARY,Fitbit App
2024-07-06T11:39:00Z,SEDENTARY,Fitbit App
2024-07-06T11:40:00Z,SEDENTARY,Fitbit App
2024-07-06T11:41:00Z,SEDENTARY,Fitbit App
2024-07-06T11:42:00Z,SEDENTARY,Fitbit App
2024-07-06T11:43:00Z,SEDENTARY,Fitbit App
2024-07-06T11:44:00Z,SEDENTARY,Fitbit App
2024-07-06T11:45:00Z,LIGHTLY_ACTIVE,Fitbit App
2024-07-06T11:46:00Z,LIGHTLY_ACTIVE,Fitbit App
2024-07-06T11:47:00Z,SEDENTARY,Fitbit App
2024-07-06T12:30:00Z,SEDENTARY,Fitbit App
2024-07-06T12:31:00Z,SEDENTARY,Fitbit App
2024-07-06T12:34:00Z,SEDENTARY,Fitbit App
2024-07-06T12:35:00Z,SEDENTARY,Fitbit App
2024-07-06T12:45:00Z,SEDENTARY,Fitbit App
2024-07-06T12:46:00Z,SEDENTARY,Fitbit App
2024-07-06T12:47:00Z,SEDENTARY,Fitbit App
2024-07-06T12:48:00Z,LIGHTLY_ACTIVE,Fitbit App
2024-07-06T12:49:00Z,LIGHTLY_ACTIVE,Fitbit App
2024-07-06T12:50:00Z,LIGHTLY_ACTIVE,Fitbit App
2024-07-06T12:51:00Z,SEDENTARY,Fitbit App
2024-07-06T12:52:00Z,SEDENTARY,Fitbit App
2024-07-06T12:53:00Z,SEDENTARY,Fitbit App
2024-07-06T12:54:00Z,SEDENTARY,Fitbit App
2024-07-06T12:55:00Z,SEDENTARY,Fitbit App
2024-07-06T12:57:00Z,LIGHTLY_ACTIVE,Fitbit App
2024-07-06T13:00:00Z,SEDENTARY,Fitbit App
2024-07-06T13:03:00Z,SEDENTARY,Fitbit App
2024-07-06T13:05:00Z,SEDENTARY,Fitbit App
2024-07-06T13:06:00Z,SEDENTARY,Fitbit App
2024-07-06T13:07:00Z,SEDENTARY,Fitbit App
2024-07-06T13:08:00Z,SEDENTARY,Fitbit App
2024-07-06T13:11:00Z,SEDENTARY,Fitbit App
2024-07-06T13:12:00Z,SEDENTARY,Fitbit App
2024-07-06T13:13:00Z,SEDENTARY,Fitbit App
2024-07-06T13:14:00Z,SEDENTARY,Fitbit App
2024-07-06T13:17:00Z,SEDENTARY,Fitbit App
2024-07-06T13:19:00Z,SEDENTARY,Fitbit App
2024-07-06T13:20:00Z,SEDENTARY,Fitbit App
2024-07-06T13:21:00Z,SEDENTARY,Fitbit App
2024-07-06T13:22:00Z,SEDENTARY,Fitbit App
2024-07-06T13:23:00Z,SEDENTARY,Fitbit App
2024-07-06T13:25:00Z,SEDENTARY,Fitbit App
2024-07-06T13:26:00Z,SEDENTARY,Fitbit App
2024-07-06T13:28:00Z,SEDENTARY,Fitbit App
2024-07-06T13:29:00Z,SEDENTARY,Fitbit App
2024-07-06T13:30:00Z,SEDENTARY,Fitbit App
2024-07-06T13:31:00Z,SEDENTARY,Fitbit App
2024-07-06T13:32:00Z,SEDENTARY,Fitbit App
2024-07-06T13:33:00Z,SEDENTARY,Fitbit App
2024-07-06T13:34:00Z,SEDENTARY,Fitbit App
2024-07-06T13:35:00Z,SEDENTARY,Fitbit App
2024-07-06T13:36:00Z,SEDENTARY,Fitbit App
2024-07-06T13:38:00Z,SEDENTARY,Fitbit App
2024-07-06T13:39:00Z,SEDENTARY,Fitbit App
2024-07-06T13:40:00Z,SEDENTARY,Fitbit App
2024-07-06T13:41:00Z,SEDENTARY,Fitbit App
2024-07-06T13:42:00Z,SEDENTARY,Fitbit App
2024-07-06T13:43:00Z,SEDENTARY,Fitbit App
2024-07-06T13:44:00Z,SEDENTARY,Fitbit App
2024-07-06T13:45:00Z,SEDENTARY,Fitbit App
2024-07-06T13:46:00Z,SEDENTARY,Fitbit App
2024-07-06T13:47:00Z,SEDENTARY,Fitbit App
2024-07-06T13:48:00Z,SEDENTARY,Fitbit App
2024-07-06T13:49:00Z,SEDENTARY,Fitbit App
2024-07-06T13:50:00Z,SEDENTARY,Fitbit App
2024-07-06T13:51:00Z,SEDENTARY,Fitbit App
2024-07-06T13:52:00Z,SEDENTARY,Fitbit App
2024-07-06T13:53:00Z,SEDENTARY,Fitbit App
2024-07-06T13:54:00Z,SEDENTARY,Fitbit App
2024-07-06T13:55:00Z,SEDENTARY,Fitbit App
2024-07-06T13:56:00Z,SEDENTARY,Fitbit App
2024-07-06T13:57:00Z,SEDENTARY,Fitbit App
2024-07-06T13:58:00Z,SEDENTARY,Fitbit App
2024-07-06T13:59:00Z,SEDENTARY,Fitbit App
2024-07-06T14:00:00Z,SEDENTARY,Fitbit App
2024-07-06T14:01:00Z,LIGHTLY_ACTIVE,Fitbit App
2024-07-06T14:02:00Z,SEDENTARY,Fitbit App
2024-07-06T14:03:00Z,SEDENTARY,Fitbit App
2024-07-06T14:04:00Z,SEDENTARY,Fitbit App
2024-07-06T14:05:00Z,SEDENTARY,Fitbit App
2024-07-06T14:06:00Z,SEDENTARY,Fitbit App
2024-07-06T14:07:00Z,SEDENTARY,Fitbit App
2024-07-06T14:08:00Z,SEDENTARY,Fitbit App
2024-07-06T14:09:00Z,SEDENTARY,Fitbit App
2024-07-06T14:10:00Z,SEDENTARY,Fitbit App
2024-07-06T14:11:00Z,SEDENTARY,Fitbit App
2024-07-06T14:12:00Z,SEDENTARY,Fitbit App
2024-07-06T14:13:00Z,SEDENTARY,Fitbit App
2024-07-06T14:14:00Z,LIGHTLY_ACTIVE,Fitbit App
2024-07-06T14:15:00Z,LIGHTLY_ACTIVE,Fitbit App
2024-07-06T14:16:00Z,SEDENTARY,Fitbit App
2024-07-06T14:17:00Z,SEDENTARY,Fitbit App
2024-07-06T14:18:00Z,SEDENTARY,Fitbit App
2024-07-06T14:19:00Z,SEDENTARY,Fitbit App
2024-07-06T14:20:00Z,SEDENTARY,Fitbit App
2024-07-06T14:21:00Z,SEDENTARY,Fitbit App
2024-07-06T14:22:00Z,SEDENTARY,Fitbit App
2024-07-06T14:23:00Z,SEDENTARY,Fitbit App
2024-07-06T14:24:00Z,SEDENTARY,Fitbit App
2024-07-06T14:25:00Z,SEDENTARY,Fitbit App
2024-07-06T14:26:00Z,SEDENTARY,Fitbit App
2024-07-06T14:27:00Z,SEDENTARY,Fitbit App
2024-07-06T14:28:00Z,SEDENTARY,Fitbit App
2024-07-06T14:29:00Z,SEDENTARY,Fitbit App
2024-07-06T14:30:00Z,SEDENTARY,Fitbit App
2024-07-06T14:31:00Z,SEDENTARY,Fitbit App
2024-07-06T14:32:00Z,SEDENTARY,Fitbit App
2024-07-06T14:33:00Z,SEDENTARY,Fitbit App
2024-07-06T14:34:00Z,SEDENTARY,Fitbit App
2024-07-06T14:35:00Z,SEDENTARY,Fitbit App
2024-07-06T14:36:00Z,SEDENTARY,Fitbit App
2024-07-06T14:37:00Z,SEDENTARY,Fitbit App
2024-07-06T14:38:00Z,SEDENTARY,Fitbit App
2024-07-06T14:39:00Z,SEDENTARY,Fitbit App
2024-07-06T14:40:00Z,SEDENTARY,Fitbit App
2024-07-06T14:41:00Z,SEDENTARY,Fitbit App
2024-07-06T14:42:00Z,SEDENTARY,Fitbit App
2024-07-06T14:43:00Z,SEDENTARY,Fitbit App
2024-07-06T14:44:00Z,SEDENTARY,Fitbit App
2024-07-06T14:45:00Z,SEDENTARY,Fitbit App
2024-07-06T14:46:00Z,SEDENTARY,Fitbit App
2024-07-06T14:47:00Z,SEDENTARY,Fitbit App
2024-07-06T14:48:00Z,SEDENTARY,Fitbit App
2024-07-06T14:49:00Z,SEDENTARY,Fitbit App
2024-07-06T14:50:00Z,SEDENTARY,Fitbit App
2024-07-06T14:51:00Z,SEDENTARY,Fitbit App
2024-07-06T14:52:00Z,SEDENTARY,Fitbit App
2024-07-06T14:53:00Z,SEDENTARY,Fitbit App
2024-07-06T14:54:00Z,SEDENTARY,Fitbit App
2024-07-06T14:55:00Z,SEDENTARY,Fitbit App
2024-07-06T14:56:00Z,SEDENTARY,Fitbit App
2024-07-06T14:57:00Z,SEDENTARY,Fitbit App
2024-07-06T14:58:00Z,SEDENTARY,Fitbit App
2024-07-06T14:59:00Z,SEDENTARY,Fitbit App
2024-07-06T15:00:00Z,SEDENTARY,Fitbit App
2024-07-06T15:01:00Z,SEDENTARY,Fitbit App
2024-07-06T15:02:00Z,SEDENTARY,Fitbit App
2024-07-06T15:03:00Z,LIGHTLY_ACTIVE,Fitbit App
2024-07-06T15:04:00Z,LIGHTLY_ACTIVE,Fitbit App
2024-07-06T15:05:00Z,SEDENTARY,Fitbit App
2024-07-06T15:06:00Z,SEDENTARY,Fitbit App
2024-07-06T15:07:00Z,SEDENTARY,Fitbit App
2024-07-06T15:08:00Z,LIGHTLY_ACTIVE,Fitbit App
2024-07-06T15:09:00Z,LIGHTLY_ACTIVE,Fitbit App
2024-07-06T15:10:00Z,LIGHTLY_ACTIVE,Fitbit App
2024-07-06T15:11:00Z,SEDENTARY,Fitbit App
2024-07-06T15:12:00Z,SEDENTARY,Fitbit App
2024-07-06T15:13:00Z,SEDENTARY,Fitbit App
2024-07-06T15:14:00Z,LIGHTLY_ACTIVE,Fitbit App
2024-07-06T15:15:00Z,SEDENTARY,Fitbit App
2024-07-06T15:16:00Z,SEDENTARY,Fitbit App
2024-07-06T15:17:00Z,SEDENTARY,Fitbit App
2024-07-06T15:18:00Z,SEDENTARY,Fitbit App
2024-07-06T15:19:00Z,SEDENTARY,Fitbit App
2024-07-06T15:20:00Z,SEDENTARY,Fitbit App
2024-07-06T15:21:00Z,SEDENTARY,Fitbit App
2024-07-06T15:22:00Z,SEDENTARY,Fitbit App
2024-07-06T15:23:00Z,SEDENTARY,Fitbit App
2024-07-06T15:24:00Z,SEDENTARY,Fitbit App
2024-07-06T15:25:00Z,SEDENTARY,Fitbit App
2024-07-06T15:26:00Z,SEDENTARY,Fitbit App
2024-07-06T15:27:00Z,SEDENTARY,Fitbit App
2024-07-06T15:28:00Z,SEDENTARY,Fitbit App
2024-07-06T15:29:00Z,SEDENTARY,Fitbit App
2024-07-06T15:30:00Z,SEDENTARY,Fitbit App
2024-07-06T15:31:00Z,SEDENTARY,Fitbit App
2024-07-06T15:33:00Z,LIGHTLY_ACTIVE,Fitbit App
2024-07-06T15:34:00Z,SEDENTARY,Fitbit App
2024-07-06T15:35:00Z,SEDENTARY,Fitbit App
2024-07-06T15:36:00Z,SEDENTARY,Fitbit App
2024-07-06T15:37:00Z,SEDENTARY,Fitbit App
2024-07-06T15:38:00Z,SEDENTARY,Fitbit App
2024-07-06T15:39:00Z,SEDENTARY,Fitbit App
2024-07-06T15:40:00Z,SEDENTARY,Fitbit App
2024-07-06T15:41:00Z,SEDENTARY,Fitbit App
2024-07-06T15:42:00Z,SEDENTARY,Fitbit App
2024-07-06T15:43:00Z,LIGHTLY_ACTIVE,Fitbit App
2024-07-06T15:44:00Z,SEDENTARY,Fitbit App
2024-07-06T15:45:00Z,LIGHTLY_ACTIVE,Fitbit App
2024-07-06T15:46:00Z,LIGHTLY_ACTIVE,Fitbit App
2024-07-06T15:47:00Z,LIGHTLY_ACTIVE,Fitbit App
2024-07-06T15:48:00Z,LIGHTLY_ACTIVE,Fitbit App
2024-07-06T15:49:00Z,LIGHTLY_ACTIVE,Fitbit App
2024-07-06T15:50:00Z,LIGHTLY_ACTIVE,Fitbit App
2024-07-06T15:51:00Z,LIGHTLY_ACTIVE,Fitbit App
2024-07-06T15:52:00Z,SEDENTARY,Fitbit App
2024-07-06T15:53:00Z,SEDENTARY,Fitbit App
2024-07-06T15:54:00Z,SEDENTARY,Fitbit App
2024-07-06T15:55:00Z,SEDENTARY,Fitbit App
2024-07-06T15:56:00Z,SEDENTARY,Fitbit App
2024-07-06T15:57:00Z,SEDENTARY,Fitbit App
2024-07-06T15:58:00Z,LIGHTLY_ACTIVE,Fitbit App
2024-07-06T15:59:00Z,LIGHTLY_ACTIVE,Fitbit App
2024-07-06T16:00:00Z,LIGHTLY_ACTIVE,Fitbit App
2024-07-06T16:01:00Z,SEDENTARY,Fitbit App
2024-07-06T16:02:00Z,LIGHTLY_ACTIVE,Fitbit App
2024-07-06T16:03:00Z,LIGHTLY_ACTIVE,Fitbit App
2024-07-06T16:04:00Z,SEDENTARY,Fitbit App
2024-07-06T16:05:00Z,SEDENTARY,Fitbit App
2024-07-06T16:06:00Z,SEDENTARY,Fitbit App
2024-07-06T16:07:00Z,SEDENTARY,Fitbit App
2024-07-06T16:08:00Z,SEDENTARY,Fitbit App
2024-07-06T16:09:00Z,SEDENTARY,Fitbit App
2024-07-06T16:10:00Z,SEDENTARY,Fitbit App
2024-07-06T16:11:00Z,SEDENTARY,Fitbit App
2024-07-06T16:12:00Z,SEDENTARY,Fitbit App
2024-07-06T16:13:00Z,SEDENTARY,Fitbit App
2024-07-06T16:14:00Z,SEDENTARY,Fitbit App
2024-07-06T16:15:00Z,SEDENTARY,Fitbit App
2024-07-06T16:16:00Z,SEDENTARY,Fitbit App
2024-07-06T16:17:00Z,SEDENTARY,Fitbit App
2024-07-06T16:18:00Z,SEDENTARY,Fitbit App
2024-07-06T16:19:00Z,SEDENTARY,Fitbit App
2024-07-06T16:20:00Z,SEDENTARY,Fitbit App
2024-07-06T16:21:00Z,SEDENTARY,Fitbit App
2024-07-06T16:22:00Z,SEDENTARY,Fitbit App
2024-07-06T16:23:00Z,SEDENTARY,Fitbit App
2024-07-06T16:24:00Z,SEDENTARY,Fitbit App
2024-07-06T16:25:00Z,SEDENTARY,Fitbit App
2024-07-06T16:26:00Z,SEDENTARY,Fitbit App
2024-07-06T16:27:00Z,SEDENTARY,Fitbit App
2024-07-06T16:28:00Z,LIGHTLY_ACTIVE,Fitbit App
2024-07-06T16:29:00Z,LIGHTLY_ACTIVE,Fitbit App
2024-07-06T16:30:00Z,SEDENTARY,Fitbit App
2024-07-06T16:31:00Z,LIGHTLY_ACTIVE,Fitbit App
2024-07-06T16:32:00Z,MODERATELY_ACTIVE,Fitbit App
2024-07-06T16:33:00Z,LIGHTLY_ACTIVE,Fitbit App
2024-07-06T16:34:00Z,LIGHTLY_ACTIVE,Fitbit App
2024-07-06T16:35:00Z,LIGHTLY_ACTIVE,Fitbit App
2024-07-06T16:36:00Z,LIGHTLY_ACTIVE,Fitbit App
2024-07-06T16:37:00Z,LIGHTLY_ACTIVE,Fitbit App
2024-07-06T16:38:00Z,SEDENTARY,Fitbit App
2024-07-06T16:39:00Z,SEDENTARY,Fitbit App
2024-07-06T16:40:00Z,SEDENTARY,Fitbit App
2024-07-06T16:43:00Z,LIGHTLY_ACTIVE,Fitbit App
2024-07-06T16:44:00Z,LIGHTLY_ACTIVE,Fitbit App
2024-07-06T16:45:00Z,SEDENTARY,Fitbit App
2024-07-06T16:46:00Z,LIGHTLY_ACTIVE,Fitbit App
2024-07-06T16:47:00Z,LIGHTLY_ACTIVE,Fitbit App
2024-07-06T16:48:00Z,SEDENTARY,Fitbit App
2024-07-06T16:49:00Z,SEDENTARY,Fitbit App
2024-07-06T16:50:00Z,SEDENTARY,Fitbit App
2024-07-06T16:51:00Z,SEDENTARY,Fitbit App
2024-07-06T17:00:00Z,LIGHTLY_ACTIVE,Fitbit App
2024-07-06T17:01:00Z,LIGHTLY_ACTIVE,Fitbit App
2024-07-06T17:02:00Z,SEDENTARY,Fitbit App
2024-07-06T17:03:00Z,SEDENTARY,Fitbit App
2024-07-06T17:04:00Z,LIGHTLY_ACTIVE,Fitbit App
2024-07-06T17:05:00Z,SEDENTARY,Fitbit App
2024-07-06T17:06:00Z,SEDENTARY,Fitbit App
2024-07-06T17:07:00Z,MODERATELY_ACTIVE,Fitbit App
2024-07-06T17:08:00Z,MODERATELY_ACTIVE,Fitbit App
2024-07-06T17:09:00Z,LIGHTLY_ACTIVE,Fitbit App
2024-07-06T17:10:00Z,SEDENTARY,Fitbit App
2024-07-06T17:11:00Z,SEDENTARY,Fitbit App
2024-07-06T17:12:00Z,SEDENTARY,Fitbit App
2024-07-06T17:13:00Z,SEDENTARY,Fitbit App
2024-07-06T17:14:00Z,SEDENTARY,Fitbit App
2024-07-06T17:15:00Z,LIGHTLY_ACTIVE,Fitbit App
2024-07-06T17:16:00Z,SEDENTARY,Fitbit App
2024-07-06T17:17:00Z,LIGHTLY_ACTIVE,Fitbit App
2024-07-06T17:18:00Z,LIGHTLY_ACTIVE,Fitbit App
2024-07-06T17:19:00Z,LIGHTLY_ACTIVE,Fitbit App
2024-07-06T17:20:00Z,SEDENTARY,Fitbit App
2024-07-06T17:21:00Z,SEDENTARY,Fitbit App
2024-07-06T17:22:00Z,LIGHTLY_ACTIVE,Fitbit App
2024-07-06T17:24:00Z,SEDENTARY,Fitbit App
2024-07-06T17:26:00Z,SEDENTARY,Fitbit App
2024-07-06T17:27:00Z,SEDENTARY,Fitbit App
2024-07-06T17:28:00Z,LIGHTLY_ACTIVE,Fitbit App
2024-07-06T17:29:00Z,LIGHTLY_ACTIVE,Fitbit App
2024-07-06T17:30:00Z,SEDENTARY,Fitbit App
2024-07-06T17:31:00Z,SEDENTARY,Fitbit App
2024-07-06T17:32:00Z,SEDENTARY,Fitbit App
2024-07-06T17:33:00Z,LIGHTLY_ACTIVE,Fitbit App
2024-07-06T17:34:00Z,SEDENTARY,Fitbit App
2024-07-06T17:35:00Z,SEDENTARY,Fitbit App
2024-07-06T17:39:00Z,SEDENTARY,Fitbit App
2024-07-06T17:40:00Z,SEDENTARY,Fitbit App
2024-07-06T17:42:00Z,SEDENTARY,Fitbit App
2024-07-06T17:43:00Z,SEDENTARY,Fitbit App
2024-07-06T17:44:00Z,SEDENTARY,Fitbit App
2024-07-06T17:47:00Z,SEDENTARY,Fitbit App
2024-07-06T17:51:00Z,LIGHTLY_ACTIVE,Fitbit App
2024-07-06T17:52:00Z,LIGHTLY_ACTIVE,Fitbit App
2024-07-06T17:53:00Z,SEDENTARY,Fitbit App
2024-07-06T17:54:00Z,SEDENTARY,Fitbit App
2024-07-06T17:55:00Z,SEDENTARY,Fitbit App
2024-07-06T17:56:00Z,LIGHTLY_ACTIVE,Fitbit App
2024-07-06T17:57:00Z,SEDENTARY,Fitbit App
2024-07-06T17:58:00Z,LIGHTLY_ACTIVE,Fitbit App
2024-07-06T17:59:00Z,SEDENTARY,Fitbit App
2024-07-06T18:00:00Z,SEDENTARY,Fitbit App
2024-07-06T18:01:00Z,SEDENTARY,Fitbit App
2024-07-06T18:02:00Z,LIGHTLY_ACTIVE,Fitbit App
2024-07-06T18:03:00Z,LIGHTLY_ACTIVE,Fitbit App
2024-07-06T18:04:00Z,SEDENTARY,Fitbit App
2024-07-06T18:05:00Z,SEDENTARY,Fitbit App
2024-07-06T18:06:00Z,SEDENTARY,Fitbit App
2024-07-06T18:07:00Z,SEDENTARY,Fitbit App
2024-07-06T18:08:00Z,SEDENTARY,Fitbit App
2024-07-06T18:09:00Z,SEDENTARY,Fitbit App
2024-07-06T18:10:00Z,SEDENTARY,Fitbit App
2024-07-06T18:11:00Z,SEDENTARY,Fitbit App
2024-07-06T18:12:00Z,SEDENTARY,Fitbit App
2024-07-06T18:14:00Z,SEDENTARY,Fitbit App
2024-07-06T18:16:00Z,SEDENTARY,Fitbit App
2024-07-06T18:20:00Z,SEDENTARY,Fitbit App
2024-07-06T18:23:00Z,SEDENTARY,Fitbit App
2024-07-06T18:29:00Z,LIGHTLY_ACTIVE,Fitbit App
2024-07-06T18:30:00Z,SEDENTARY,Fitbit App
2024-07-06T18:31:00Z,SEDENTARY,Fitbit App
2024-07-06T18:32:00Z,SEDENTARY,Fitbit App
2024-07-06T18:33:00Z,SEDENTARY,Fitbit App
2024-07-06T18:34:00Z,SEDENTARY,Fitbit App
2024-07-06T18:35:00Z,SEDENTARY,Fitbit App
2024-07-06T18:36:00Z,SEDENTARY,Fitbit App
2024-07-06T18:37:00Z,SEDENTARY,Fitbit App
2024-07-06T18:38:00Z,LIGHTLY_ACTIVE,Fitbit App
2024-07-06T18:39:00Z,SEDENTARY,Fitbit App
2024-07-06T18:40:00Z,SEDENTARY,Fitbit App
2024-07-06T18:41:00Z,SEDENTARY,Fitbit App
2024-07-06T18:42:00Z,SEDENTARY,Fitbit App
2024-07-06T18:43:00Z,SEDENTARY,Fitbit App
2024-07-06T18:44:00Z,SEDENTARY,Fitbit App
2024-07-06T18:48:00Z,SEDENTARY,Fitbit App
2024-07-06T18:49:00Z,SEDENTARY,Fitbit App
2024-07-06T18:50:00Z,SEDENTARY,Fitbit App
2024-07-06T18:51:00Z,SEDENTARY,Fitbit App
2024-07-06T18:52:00Z,SEDENTARY,Fitbit App
2024-07-06T18:53:00Z,SEDENTARY,Fitbit App
2024-07-06T18:54:00Z,SEDENTARY,Fitbit App
2024-07-06T18:55:00Z,SEDENTARY,Fitbit App
2024-07-06T18:56:00Z,SEDENTARY,Fitbit App
2024-07-06T18:57:00Z,LIGHTLY_ACTIVE,Fitbit App
2024-07-06T18:58:00Z,SEDENTARY,Fitbit App
2024-07-06T18:59:00Z,LIGHTLY_ACTIVE,Fitbit App
2024-07-06T19:00:00Z,SEDENTARY,Fitbit App
2024-07-06T19:01:00Z,SEDENTARY,Fitbit App
2024-07-06T19:02:00Z,SEDENTARY,Fitbit App
2024-07-06T19:03:00Z,SEDENTARY,Fitbit App
2024-07-06T19:08:00Z,SEDENTARY,Fitbit App
2024-07-06T19:09:00Z,SEDENTARY,Fitbit App
2024-07-06T19:10:00Z,SEDENTARY,Fitbit App
2024-07-06T19:11:00Z,SEDENTARY,Fitbit App
2024-07-06T19:13:00Z,SEDENTARY,Fitbit App
2024-07-06T19:14:00Z,SEDENTARY,Fitbit App
2024-07-06T19:15:00Z,SEDENTARY,Fitbit App
2024-07-06T19:17:00Z,SEDENTARY,Fitbit App
2024-07-06T19:18:00Z,SEDENTARY,Fitbit App
2024-07-06T19:19:00Z,SEDENTARY,Fitbit App
2024-07-06T19:22:00Z,SEDENTARY,Fitbit App
2024-07-06T19:26:00Z,SEDENTARY,Fitbit App
2024-07-06T19:28:00Z,LIGHTLY_ACTIVE,Fitbit App
2024-07-06T19:29:00Z,LIGHTLY_ACTIVE,Fitbit App
2024-07-06T19:30:00Z,LIGHTLY_ACTIVE,Fitbit App
2024-07-06T19:31:00Z,LIGHTLY_ACTIVE,Fitbit App
2024-07-06T19:32:00Z,SEDENTARY,Fitbit App
2024-07-06T19:33:00Z,SEDENTARY,Fitbit App
2024-07-06T19:34:00Z,SEDENTARY,Fitbit App
2024-07-06T19:35:00Z,SEDENTARY,Fitbit App
2024-07-06T19:36:00Z,SEDENTARY,Fitbit App
2024-07-06T19:37:00Z,LIGHTLY_ACTIVE,Fitbit App
2024-07-06T19:38:00Z,LIGHTLY_ACTIVE,Fitbit App
2024-07-06T19:39:00Z,LIGHTLY_ACTIVE,Fitbit App
2024-07-06T19:40:00Z,LIGHTLY_ACTIVE,Fitbit App
2024-07-06T19:41:00Z,SEDENTARY,Fitbit App
2024-07-06T19:43:00Z,SEDENTARY,Fitbit App
2024-07-06T19:44:00Z,SEDENTARY,Fitbit App
2024-07-06T19:45:00Z,SEDENTARY,Fitbit App
2024-07-06T19:46:00Z,SEDENTARY,Fitbit App
2024-07-06T19:48:00Z,LIGHTLY_ACTIVE,Fitbit App
2024-07-06T19:49:00Z,SEDENTARY,Fitbit App
2024-07-06T19:50:00Z,SEDENTARY,Fitbit App
2024-07-06T19:51:00Z,LIGHTLY_ACTIVE,Fitbit App
2024-07-06T19:52:00Z,LIGHTLY_ACTIVE,Fitbit App
2024-07-06T19:53:00Z,LIGHTLY_ACTIVE,Fitbit App
2024-07-06T19:54:00Z,LIGHTLY_ACTIVE,Fitbit App
2024-07-06T19:55:00Z,SEDENTARY,Fitbit App
2024-07-06T19:56:00Z,LIGHTLY_ACTIVE,Fitbit App
2024-07-06T19:57:00Z,SEDENTARY,Fitbit App
2024-07-06T19:58:00Z,SEDENTARY,Fitbit App
2024-07-06T19:59:00Z,SEDENTARY,Fitbit App
2024-07-06T20:00:00Z,SEDENTARY,Fitbit App
2024-07-06T20:01:00Z,LIGHTLY_ACTIVE,Fitbit App
2024-07-06T20:02:00Z,SEDENTARY,Fitbit App
2024-07-06T20:03:00Z,LIGHTLY_ACTIVE,Fitbit App
2024-07-06T20:04:00Z,LIGHTLY_ACTIVE,Fitbit App
2024-07-06T20:05:00Z,SEDENTARY,Fitbit App
2024-07-06T20:06:00Z,SEDENTARY,Fitbit App
2024-07-06T20:07:00Z,SEDENTARY,Fitbit App
2024-07-06T20:08:00Z,SEDENTARY,Fitbit App
2024-07-06T20:09:00Z,SEDENTARY,Fitbit App
2024-07-06T20:10:00Z,SEDENTARY,Fitbit App
2024-07-06T20:11:00Z,SEDENTARY,Fitbit App
2024-07-06T20:12:00Z,SEDENTARY,Fitbit App
2024-07-06T20:13:00Z,LIGHTLY_ACTIVE,Fitbit App
2024-07-06T20:14:00Z,SEDENTARY,Fitbit App
2024-07-06T20:15:00Z,SEDENTARY,Fitbit App
2024-07-06T20:16:00Z,SEDENTARY,Fitbit App
2024-07-06T20:17:00Z,SEDENTARY,Fitbit App
2024-07-06T20:18:00Z,SEDENTARY,Fitbit App
2024-07-06T20:19:00Z,SEDENTARY,Fitbit App
2024-07-06T20:20:00Z,SEDENTARY,Fitbit App
2024-07-06T20:21:00Z,SEDENTARY,Fitbit App
2024-07-06T20:22:00Z,LIGHTLY_ACTIVE,Fitbit App
2024-07-06T20:23:00Z,SEDENTARY,Fitbit App
2024-07-06T20:24:00Z,LIGHTLY_ACTIVE,Fitbit App
2024-07-06T20:25:00Z,SEDENTARY,Fitbit App
2024-07-06T20:26:00Z,SEDENTARY,Fitbit App
2024-07-06T20:27:00Z,SEDENTARY,Fitbit App
2024-07-06T20:28:00Z,SEDENTARY,Fitbit App
2024-07-06T20:29:00Z,SEDENTARY,Fitbit App
2024-07-06T20:30:00Z,SEDENTARY,Fitbit App
2024-07-06T20:31:00Z,SEDENTARY,Fitbit App
2024-07-06T20:32:00Z,SEDENTARY,Fitbit App
2024-07-06T20:33:00Z,SEDENTARY,Fitbit App
2024-07-06T20:34:00Z,SEDENTARY,Fitbit App
2024-07-06T20:35:00Z,SEDENTARY,Fitbit App
2024-07-06T20:36:00Z,SEDENTARY,Fitbit App
2024-07-06T20:37:00Z,LIGHTLY_ACTIVE,Fitbit App
2024-07-06T20:38:00Z,LIGHTLY_ACTIVE,Fitbit App
2024-07-06T20:39:00Z,LIGHTLY_ACTIVE,Fitbit App
2024-07-06T20:40:00Z,LIGHTLY_ACTIVE,Fitbit App
2024-07-06T20:41:00Z,SEDENTARY,Fitbit App
2024-07-06T20:42:00Z,LIGHTLY_ACTIVE,Fitbit App
2024-07-06T20:43:00Z,SEDENTARY,Fitbit App
2024-07-06T20:44:00Z,SEDENTARY,Fitbit App
2024-07-06T20:45:00Z,SEDENTARY,Fitbit App
2024-07-06T20:46:00Z,LIGHTLY_ACTIVE,Fitbit App
2024-07-06T20:47:00Z,LIGHTLY_ACTIVE,Fitbit App
2024-07-06T20:48:00Z,LIGHTLY_ACTIVE,Fitbit App
2024-07-06T20:49:00Z,SEDENTARY,Fitbit App
2024-07-06T20:50:00Z,SEDENTARY,Fitbit App
2024-07-06T20:51:00Z,LIGHTLY_ACTIVE,Fitbit App
2024-07-06T20:52:00Z,LIGHTLY_ACTIVE,Fitbit App
2024-07-06T20:53:00Z,SEDENTARY,Fitbit App
2024-07-06T20:54:00Z,SEDENTARY,Fitbit App
2024-07-06T20:59:00Z,SEDENTARY,Fitbit App
2024-07-06T21:00:00Z,SEDENTARY,Fitbit App
2024-07-06T21:01:00Z,SEDENTARY,Fitbit App
2024-07-06T21:03:00Z,SEDENTARY,Fitbit App
2024-07-06T21:04:00Z,SEDENTARY,Fitbit App
2024-07-06T21:05:00Z,SEDENTARY,Fitbit App
2024-07-06T21:06:00Z,SEDENTARY,Fitbit App
2024-07-06T21:09:00Z,SEDENTARY,Fitbit App
2024-07-06T21:11:00Z,SEDENTARY,Fitbit App
2024-07-06T21:12:00Z,SEDENTARY,Fitbit App
2024-07-06T21:13:00Z,LIGHTLY_ACTIVE,Fitbit App
2024-07-06T21:14:00Z,SEDENTARY,Fitbit App
2024-07-06T21:17:00Z,SEDENTARY,Fitbit App
2024-07-06T21:18:00Z,SEDENTARY,Fitbit App
2024-07-06T21:21:00Z,SEDENTARY,Fitbit App
2024-07-06T21:22:00Z,LIGHTLY_ACTIVE,Fitbit App
2024-07-06T21:23:00Z,SEDENTARY,Fitbit App
2024-07-06T21:24:00Z,SEDENTARY,Fitbit App
2024-07-06T21:25:00Z,SEDENTARY,Fitbit App
2024-07-06T21:28:00Z,SEDENTARY,Fitbit App
2024-07-06T21:29:00Z,SEDENTARY,Fitbit App
2024-07-06T21:31:00Z,SEDENTARY,Fitbit App
2024-07-06T21:33:00Z,SEDENTARY,Fitbit App
2024-07-06T21:36:00Z,SEDENTARY,Fitbit App
2024-07-06T21:45:00Z,SEDENTARY,Fitbit App
2024-07-06T21:46:00Z,LIGHTLY_ACTIVE,Fitbit App
2024-07-06T21:47:00Z,LIGHTLY_ACTIVE,Fitbit App
2024-07-06T21:48:00Z,LIGHTLY_ACTIVE,Fitbit App
2024-07-06T21:49:00Z,LIGHTLY_ACTIVE,Fitbit App
2024-07-06T21:50:00Z,LIGHTLY_ACTIVE,Fitbit App
2024-07-06T21:51:00Z,SEDENTARY,Fitbit App
2024-07-06T21:52:00Z,SEDENTARY,Fitbit App
2024-07-06T21:53:00Z,SEDENTARY,Fitbit App
2024-07-06T21:56:00Z,SEDENTARY,Fitbit App
2024-07-06T22:19:00Z,SEDENTARY,Fitbit App
2024-07-06T22:20:00Z,SEDENTARY,Fitbit App
2024-07-06T22:32:00Z,SEDENTARY,Fitbit App
2024-07-06T22:33:00Z,LIGHTLY_ACTIVE,Fitbit App
2024-07-06T22:34:00Z,LIGHTLY_ACTIVE,Fitbit App
2024-07-06T22:35:00Z,LIGHTLY_ACTIVE,Fitbit App
2024-07-06T22:36:00Z,SEDENTARY,Fitbit App
2024-07-06T22:37:00Z,SEDENTARY,Fitbit App
2024-07-06T22:38:00Z,SEDENTARY,Fitbit App
2024-07-06T23:12:00Z,SEDENTARY,Fitbit App
2024-07-06T23:43:00Z,SEDENTARY,Fitbit App
2024-07-06T23:58:00Z,SEDENTARY,Fitbit App
2024-07-07T00:09:00Z,SEDENTARY,Fitbit App
2024-07-07T00:26:00Z,SEDENTARY,Fitbit App
2024-07-07T01:03:00Z,SEDENTARY,Fitbit App
2024-07-07T01:12:00Z,SEDENTARY,Fitbit App
2024-07-07T01:20:00Z,SEDENTARY,Fitbit App
2024-07-07T01:21:00Z,LIGHTLY_ACTIVE,Fitbit App
2024-07-07T01:22:00Z,SEDENTARY,Fitbit App
2024-07-07T01:23:00Z,SEDENTARY,Fitbit App
2024-07-07T01:25:00Z,LIGHTLY_ACTIVE,Fitbit App
2024-07-07T01:26:00Z,LIGHTLY_ACTIVE,Fitbit App
2024-07-07T01:32:00Z,SEDENTARY,Fitbit App
2024-07-07T01:44:00Z,SEDENTARY,Fitbit App
2024-07-07T01:45:00Z,SEDENTARY,Fitbit App
2024-07-07T01:49:00Z,SEDENTARY,Fitbit App
2024-07-07T01:50:00Z,SEDENTARY,Fitbit App
2024-07-07T01:51:00Z,SEDENTARY,Fitbit App
2024-07-07T01:53:00Z,SEDENTARY,Fitbit App
2024-07-07T01:54:00Z,SEDENTARY,Fitbit App
2024-07-07T01:57:00Z,SEDENTARY,Fitbit App
2024-07-07T02:00:00Z,SEDENTARY,Fitbit App
2024-07-07T02:05:00Z,SEDENTARY,Fitbit App
2024-07-07T02:10:00Z,SEDENTARY,Fitbit App
2024-07-07T02:11:00Z,SEDENTARY,Fitbit App
2024-07-07T02:14:00Z,LIGHTLY_ACTIVE,Fitbit App
2024-07-07T02:22:00Z,SEDENTARY,Fitbit App
2024-07-07T02:25:00Z,LIGHTLY_ACTIVE,Fitbit App
2024-07-07T02:26:00Z,LIGHTLY_ACTIVE,Fitbit App
2024-07-07T02:27:00Z,LIGHTLY_ACTIVE,Fitbit App
2024-07-07T02:28:00Z,LIGHTLY_ACTIVE,Fitbit App
2024-07-07T02:29:00Z,SEDENTARY,Fitbit App
2024-07-07T02:30:00Z,LIGHTLY_ACTIVE,Fitbit App
2024-07-07T02:31:00Z,LIGHTLY_ACTIVE,Fitbit App
2024-07-07T02:32:00Z,LIGHTLY_ACTIVE,Fitbit App
2024-07-07T02:33:00Z,LIGHTLY_ACTIVE,Fitbit App
2024-07-07T02:34:00Z,LIGHTLY_ACTIVE,Fitbit App
2024-07-07T02:35:00Z,LIGHTLY_ACTIVE,Fitbit App
2024-07-07T02:36:00Z,LIGHTLY_ACTIVE,Fitbit App
2024-07-07T02:37:00Z,LIGHTLY_ACTIVE,Fitbit App
2024-07-07T02:38:00Z,MODERATELY_ACTIVE,Fitbit App
2024-07-07T02:39:00Z,SEDENTARY,Fitbit App
2024-07-07T02:40:00Z,SEDENTARY,Fitbit App
2024-07-07T02:41:00Z,LIGHTLY_ACTIVE,Fitbit App
2024-07-07T02:42:00Z,SEDENTARY,Fitbit App
2024-07-07T02:50:00Z,SEDENTARY,Fitbit App
2024-07-07T02:51:00Z,LIGHTLY_ACTIVE,Fitbit App
2024-07-07T02:52:00Z,LIGHTLY_ACTIVE,Fitbit App
2024-07-07T02:53:00Z,SEDENTARY,Fitbit App
2024-07-07T02:54:00Z,LIGHTLY_ACTIVE,Fitbit App
2024-07-07T03:06:00Z,SEDENTARY,Fitbit App
2024-07-07T03:07:00Z,LIGHTLY_ACTIVE,Fitbit App
2024-07-07T03:08:00Z,LIGHTLY_ACTIVE,Fitbit App
2024-07-07T03:37:00Z,LIGHTLY_ACTIVE,Fitbit App
2024-07-07T04:05:00Z,SEDENTARY,Fitbit App
2024-07-07T05:07:00Z,SEDENTARY,Fitbit App
2024-07-07T05:49:00Z,LIGHTLY_ACTIVE,Fitbit App
2024-07-07T06:11:00Z,SEDENTARY,Fitbit App
2024-07-07T06:22:00Z,SEDENTARY,Fitbit App
2024-07-07T06:45:00Z,SEDENTARY,Fitbit App
2024-07-07T06:48:00Z,SEDENTARY,Fitbit App
2024-07-07T06:50:00Z,SEDENTARY,Fitbit App
2024-07-07T06:51:00Z,SEDENTARY,Fitbit App
2024-07-07T06:54:00Z,SEDENTARY,Fitbit App
2024-07-07T07:02:00Z,SEDENTARY,Fitbit App
2024-07-07T07:03:00Z,SEDENTARY,Fitbit App
2024-07-07T07:08:00Z,SEDENTARY,Fitbit App
2024-07-07T07:10:00Z,LIGHTLY_ACTIVE,Fitbit App
2024-07-07T07:11:00Z,SEDENTARY,Fitbit App
2024-07-07T07:12:00Z,LIGHTLY_ACTIVE,Fitbit App
2024-07-07T07:13:00Z,SEDENTARY,Fitbit App
2024-07-07T07:14:00Z,SEDENTARY,Fitbit App
2024-07-07T07:15:00Z,SEDENTARY,Fitbit App
2024-07-07T07:16:00Z,SEDENTARY,Fitbit App
2024-07-07T07:17:00Z,LIGHTLY_ACTIVE,Fitbit App
2024-07-07T07:18:00Z,LIGHTLY_ACTIVE,Fitbit App
2024-07-07T07:19:00Z,LIGHTLY_ACTIVE,Fitbit App
2024-07-07T07:20:00Z,SEDENTARY,Fitbit App
2024-07-07T07:21:00Z,SEDENTARY,Fitbit App
2024-07-07T07:22:00Z,LIGHTLY_ACTIVE,Fitbit App
2024-07-07T07:23:00Z,SEDENTARY,Fitbit App
2024-07-07T07:24:00Z,SEDENTARY,Fitbit App
2024-07-07T07:25:00Z,SEDENTARY,Fitbit App
2024-07-07T07:26:00Z,SEDENTARY,Fitbit App
2024-07-07T07:27:00Z,SEDENTARY,Fitbit App
2024-07-07T07:28:00Z,LIGHTLY_ACTIVE,Fitbit App
2024-07-07T07:29:00Z,SEDENTARY,Fitbit App
2024-07-07T07:30:00Z,SEDENTARY,Fitbit App
2024-07-07T07:31:00Z,SEDENTARY,Fitbit App
2024-07-07T07:32:00Z,SEDENTARY,Fitbit App
2024-07-07T07:33:00Z,SEDENTARY,Fitbit App
2024-07-07T07:34:00Z,SEDENTARY,Fitbit App
2024-07-07T07:35:00Z,SEDENTARY,Fitbit App
2024-07-07T07:36:00Z,SEDENTARY,Fitbit App
2024-07-07T07:37:00Z,LIGHTLY_ACTIVE,Fitbit App
2024-07-07T07:38:00Z,SEDENTARY,Fitbit App
2024-07-07T07:39:00Z,SEDENTARY,Fitbit App
2024-07-07T07:40:00Z,LIGHTLY_ACTIVE,Fitbit App
2024-07-07T07:41:00Z,LIGHTLY_ACTIVE,Fitbit App
2024-07-07T07:42:00Z,SEDENTARY,Fitbit App
2024-07-07T07:43:00Z,SEDENTARY,Fitbit App
2024-07-07T07:44:00Z,SEDENTARY,Fitbit App
2024-07-07T07:45:00Z,SEDENTARY,Fitbit App
2024-07-07T07:46:00Z,SEDENTARY,Fitbit App
2024-07-07T07:47:00Z,LIGHTLY_ACTIVE,Fitbit App
2024-07-07T07:48:00Z,SEDENTARY,Fitbit App
2024-07-07T07:49:00Z,SEDENTARY,Fitbit App
2024-07-07T07:50:00Z,SEDENTARY,Fitbit App
2024-07-07T07:51:00Z,SEDENTARY,Fitbit App
2024-07-07T07:52:00Z,SEDENTARY,Fitbit App
2024-07-07T07:53:00Z,SEDENTARY,Fitbit App
2024-07-07T07:54:00Z,SEDENTARY,Fitbit App
2024-07-07T07:56:00Z,SEDENTARY,Fitbit App
2024-07-07T07:57:00Z,SEDENTARY,Fitbit App
2024-07-07T07:58:00Z,SEDENTARY,Fitbit App
2024-07-07T07:59:00Z,SEDENTARY,Fitbit App
2024-07-07T08:00:00Z,SEDENTARY,Fitbit App
2024-07-07T08:01:00Z,LIGHTLY_ACTIVE,Fitbit App
2024-07-07T08:02:00Z,SEDENTARY,Fitbit App
2024-07-07T08:03:00Z,LIGHTLY_ACTIVE,Fitbit App
2024-07-07T08:04:00Z,SEDENTARY,Fitbit App
2024-07-07T08:05:00Z,SEDENTARY,Fitbit App
2024-07-07T08:06:00Z,SEDENTARY,Fitbit App
2024-07-07T08:07:00Z,SEDENTARY,Fitbit App
2024-07-07T08:08:00Z,LIGHTLY_ACTIVE,Fitbit App
2024-07-07T08:09:00Z,LIGHTLY_ACTIVE,Fitbit App
2024-07-07T08:10:00Z,LIGHTLY_ACTIVE,Fitbit App
2024-07-07T08:11:00Z,SEDENTARY,Fitbit App
2024-07-07T08:14:00Z,SEDENTARY,Fitbit App
2024-07-07T08:17:00Z,SEDENTARY,Fitbit App
2024-07-07T08:23:00Z,SEDENTARY,Fitbit App
2024-07-07T08:24:00Z,LIGHTLY_ACTIVE,Fitbit App
2024-07-07T08:25:00Z,LIGHTLY_ACTIVE,Fitbit App
2024-07-07T08:26:00Z,LIGHTLY_ACTIVE,Fitbit App
2024-07-07T08:27:00Z,LIGHTLY_ACTIVE,Fitbit App
2024-07-07T08:28:00Z,LIGHTLY_ACTIVE,Fitbit App
2024-07-07T08:29:00Z,LIGHTLY_ACTIVE,Fitbit App
2024-07-07T08:30:00Z,LIGHTLY_ACTIVE,Fitbit App
2024-07-07T08:31:00Z,LIGHTLY_ACTIVE,Fitbit App
2024-07-07T08:32:00Z,LIGHTLY_ACTIVE,Fitbit App
2024-07-07T08:33:00Z,LIGHTLY_ACTIVE,Fitbit App
2024-07-07T08:34:00Z,LIGHTLY_ACTIVE,Fitbit App
2024-07-07T08:35:00Z,LIGHTLY_ACTIVE,Fitbit App
2024-07-07T08:36:00Z,SEDENTARY,Fitbit App
2024-07-07T08:37:00Z,LIGHTLY_ACTIVE,Fitbit App
2024-07-07T08:38:00Z,LIGHTLY_ACTIVE,Fitbit App
2024-07-07T08:39:00Z,LIGHTLY_ACTIVE,Fitbit App
2024-07-07T08:40:00Z,LIGHTLY_ACTIVE,Fitbit App
2024-07-07T08:41:00Z,VERY_ACTIVE,Fitbit App
2024-07-07T08:42:00Z,VERY_ACTIVE,Fitbit App
2024-07-07T08:43:00Z,VERY_ACTIVE,Fitbit App
2024-07-07T08:44:00Z,MODERATELY_ACTIVE,Fitbit App
2024-07-07T08:45:00Z,MODERATELY_ACTIVE,Fitbit App
2024-07-07T08:46:00Z,VERY_ACTIVE,Fitbit App
2024-07-07T08:47:00Z,VERY_ACTIVE,Fitbit App
2024-07-07T08:48:00Z,MODERATELY_ACTIVE,Fitbit App
2024-07-07T08:49:00Z,VERY_ACTIVE,Fitbit App
2024-07-07T08:50:00Z,VERY_ACTIVE,Fitbit App
2024-07-07T08:51:00Z,MODERATELY_ACTIVE,Fitbit App
2024-07-07T08:52:00Z,MODERATELY_ACTIVE,Fitbit App
2024-07-07T08:53:00Z,VERY_ACTIVE,Fitbit App
2024-07-07T08:54:00Z,MODERATELY_ACTIVE,Fitbit App
2024-07-07T08:55:00Z,MODERATELY_ACTIVE,Fitbit App
2024-07-07T08:56:00Z,VERY_ACTIVE,Fitbit App
2024-07-07T08:57:00Z,VERY_ACTIVE,Fitbit App
2024-07-07T08:58:00Z,VERY_ACTIVE,Fitbit App
2024-07-07T08:59:00Z,MODERATELY_ACTIVE,Fitbit App
2024-07-07T09:00:00Z,SEDENTARY,Fitbit App
2024-07-07T09:01:00Z,SEDENTARY,Fitbit App
2024-07-07T09:02:00Z,SEDENTARY,Fitbit App
2024-07-07T09:03:00Z,SEDENTARY,Fitbit App
2024-07-07T09:04:00Z,SEDENTARY,Fitbit App
2024-07-07T09:05:00Z,SEDENTARY,Fitbit App
2024-07-07T09:06:00Z,SEDENTARY,Fitbit App
2024-07-07T09:07:00Z,SEDENTARY,Fitbit App
2024-07-07T09:08:00Z,VERY_ACTIVE,Fitbit App
2024-07-07T09:09:00Z,MODERATELY_ACTIVE,Fitbit App
2024-07-07T09:10:00Z,LIGHTLY_ACTIVE,Fitbit App
2024-07-07T09:11:00Z,LIGHTLY_ACTIVE,Fitbit App
2024-07-07T09:12:00Z,LIGHTLY_ACTIVE,Fitbit App
2024-07-07T09:13:00Z,SEDENTARY,Fitbit App
2024-07-07T09:14:00Z,LIGHTLY_ACTIVE,Fitbit App
2024-07-07T09:15:00Z,LIGHTLY_ACTIVE,Fitbit App
2024-07-07T09:16:00Z,LIGHTLY_ACTIVE,Fitbit App
2024-07-07T09:17:00Z,MODERATELY_ACTIVE,Fitbit App
2024-07-07T09:18:00Z,MODERATELY_ACTIVE,Fitbit App
2024-07-07T09:19:00Z,MODERATELY_ACTIVE,Fitbit App
2024-07-07T09:20:00Z,LIGHTLY_ACTIVE,Fitbit App
2024-07-07T09:21:00Z,LIGHTLY_ACTIVE,Fitbit App
2024-07-07T09:22:00Z,LIGHTLY_ACTIVE,Fitbit App
2024-07-07T09:23:00Z,LIGHTLY_ACTIVE,Fitbit App
2024-07-07T09:24:00Z,MODERATELY_ACTIVE,Fitbit App
2024-07-07T09:25:00Z,LIGHTLY_ACTIVE,Fitbit App
2024-07-07T09:26:00Z,LIGHTLY_ACTIVE,Fitbit App
2024-07-07T09:27:00Z,LIGHTLY_ACTIVE,Fitbit App
2024-07-07T09:28:00Z,LIGHTLY_ACTIVE,Fitbit App
2024-07-07T09:29:00Z,SEDENTARY,Fitbit App
2024-07-07T09:30:00Z,SEDENTARY,Fitbit App
2024-07-07T09:31:00Z,LIGHTLY_ACTIVE,Fitbit App
2024-07-07T09:32:00Z,LIGHTLY_ACTIVE,Fitbit App
2024-07-07T09:33:00Z,LIGHTLY_ACTIVE,Fitbit App
2024-07-07T09:34:00Z,SEDENTARY,Fitbit App
2024-07-07T09:35:00Z,MODERATELY_ACTIVE,Fitbit App
2024-07-07T09:36:00Z,LIGHTLY_ACTIVE,Fitbit App
2024-07-07T09:37:00Z,MODERATELY_ACTIVE,Fitbit App
2024-07-07T09:38:00Z,MODERATELY_ACTIVE,Fitbit App
2024-07-07T09:39:00Z,LIGHTLY_ACTIVE,Fitbit App
2024-07-07T09:40:00Z,LIGHTLY_ACTIVE,Fitbit App
2024-07-07T09:41:00Z,MODERATELY_ACTIVE,Fitbit App
2024-07-07T09:42:00Z,MODERATELY_ACTIVE,Fitbit App
2024-07-07T09:43:00Z,SEDENTARY,Fitbit App
2024-07-07T09:44:00Z,LIGHTLY_ACTIVE,Fitbit App
2024-07-07T09:45:00Z,SEDENTARY,Fitbit App
2024-07-07T09:46:00Z,MODERATELY_ACTIVE,Fitbit App
2024-07-07T09:47:00Z,SEDENTARY,Fitbit App
2024-07-07T09:48:00Z,SEDENTARY,Fitbit App
2024-07-07T09:49:00Z,SEDENTARY,Fitbit App
2024-07-07T09:50:00Z,LIGHTLY_ACTIVE,Fitbit App
2024-07-07T09:51:00Z,LIGHTLY_ACTIVE,Fitbit App
2024-07-07T09:52:00Z,LIGHTLY_ACTIVE,Fitbit App
2024-07-07T09:53:00Z,LIGHTLY_ACTIVE,Fitbit App
2024-07-07T09:54:00Z,MODERATELY_ACTIVE,Fitbit App
2024-07-07T09:55:00Z,MODERATELY_ACTIVE,Fitbit App
2024-07-07T09:56:00Z,SEDENTARY,Fitbit App
2024-07-07T09:57:00Z,VERY_ACTIVE,Fitbit App
2024-07-07T09:58:00Z,VERY_ACTIVE,Fitbit App
2024-07-07T09:59:00Z,MODERATELY_ACTIVE,Fitbit App
2024-07-07T10:00:00Z,SEDENTARY,Fitbit App
2024-07-07T10:01:00Z,LIGHTLY_ACTIVE,Fitbit App
2024-07-07T10:02:00Z,LIGHTLY_ACTIVE,Fitbit App
2024-07-07T10:03:00Z,SEDENTARY,Fitbit App
2024-07-07T10:04:00Z,SEDENTARY,Fitbit App
2024-07-07T10:05:00Z,LIGHTLY_ACTIVE,Fitbit App
2024-07-07T10:06:00Z,LIGHTLY_ACTIVE,Fitbit App
2024-07-07T10:07:00Z,MODERATELY_ACTIVE,Fitbit App
2024-07-07T10:08:00Z,MODERATELY_ACTIVE,Fitbit App
2024-07-07T10:09:00Z,MODERATELY_ACTIVE,Fitbit App
2024-07-07T10:10:00Z,MODERATELY_ACTIVE,Fitbit App
2024-07-07T10:11:00Z,LIGHTLY_ACTIVE,Fitbit App
2024-07-07T10:12:00Z,MODERATELY_ACTIVE,Fitbit App
2024-07-07T10:13:00Z,MODERATELY_ACTIVE,Fitbit App
2024-07-07T10:14:00Z,MODERATELY_ACTIVE,Fitbit App
2024-07-07T10:15:00Z,VERY_ACTIVE,Fitbit App
2024-07-07T10:16:00Z,MODERATELY_ACTIVE,Fitbit App
2024-07-07T10:17:00Z,LIGHTLY_ACTIVE,Fitbit App
2024-07-07T10:18:00Z,LIGHTLY_ACTIVE,Fitbit App
2024-07-07T10:19:00Z,LIGHTLY_ACTIVE,Fitbit App
2024-07-07T10:20:00Z,LIGHTLY_ACTIVE,Fitbit App
2024-07-07T10:21:00Z,SEDENTARY,Fitbit App
2024-07-07T10:22:00Z,SEDENTARY,Fitbit App
2024-07-07T10:23:00Z,SEDENTARY,Fitbit App
2024-07-07T10:27:00Z,SEDENTARY,Fitbit App
2024-07-07T10:30:00Z,SEDENTARY,Fitbit App
2024-07-07T10:32:00Z,LIGHTLY_ACTIVE,Fitbit App
2024-07-07T10:33:00Z,SEDENTARY,Fitbit App
2024-07-07T10:34:00Z,SEDENTARY,Fitbit App
2024-07-07T10:35:00Z,SEDENTARY,Fitbit App
2024-07-07T10:36:00Z,SEDENTARY,Fitbit App
2024-07-07T10:37:00Z,SEDENTARY,Fitbit App
2024-07-07T10:41:00Z,SEDENTARY,Fitbit App
2024-07-07T10:47:00Z,SEDENTARY,Fitbit App
2024-07-07T10:48:00Z,LIGHTLY_ACTIVE,Fitbit App
2024-07-07T10:49:00Z,LIGHTLY_ACTIVE,Fitbit App
2024-07-07T10:50:00Z,SEDENTARY,Fitbit App
2024-07-07T10:51:00Z,SEDENTARY,Fitbit App
2024-07-07T10:52:00Z,SEDENTARY,Fitbit App
2024-07-07T10:53:00Z,LIGHTLY_ACTIVE,Fitbit App
2024-07-07T10:54:00Z,SEDENTARY,Fitbit App
2024-07-07T10:55:00Z,SEDENTARY,Fitbit App
2024-07-07T10:56:00Z,LIGHTLY_ACTIVE,Fitbit App
2024-07-07T10:57:00Z,LIGHTLY_ACTIVE,Fitbit App
2024-07-07T10:58:00Z,LIGHTLY_ACTIVE,Fitbit App
2024-07-07T10:59:00Z,LIGHTLY_ACTIVE,Fitbit App
2024-07-07T11:00:00Z,SEDENTARY,Fitbit App
2024-07-07T11:03:00Z,SEDENTARY,Fitbit App
2024-07-07T11:04:00Z,SEDENTARY,Fitbit App
2024-07-07T11:09:00Z,SEDENTARY,Fitbit App
2024-07-07T11:10:00Z,LIGHTLY_ACTIVE,Fitbit App
2024-07-07T11:11:00Z,LIGHTLY_ACTIVE,Fitbit App
2024-07-07T11:12:00Z,SEDENTARY,Fitbit App
2024-07-07T11:13:00Z,LIGHTLY_ACTIVE,Fitbit App
2024-07-07T11:14:00Z,SEDENTARY,Fitbit App
2024-07-07T11:17:00Z,LIGHTLY_ACTIVE,Fitbit App
2024-07-07T11:18:00Z,LIGHTLY_ACTIVE,Fitbit App
2024-07-07T11:19:00Z,SEDENTARY,Fitbit App
2024-07-07T11:20:00Z,SEDENTARY,Fitbit App
2024-07-07T11:21:00Z,SEDENTARY,Fitbit App
2024-07-07T11:22:00Z,LIGHTLY_ACTIVE,Fitbit App
2024-07-07T11:23:00Z,LIGHTLY_ACTIVE,Fitbit App
2024-07-07T11:24:00Z,SEDENTARY,Fitbit App
2024-07-07T11:25:00Z,SEDENTARY,Fitbit App
2024-07-07T11:27:00Z,SEDENTARY,Fitbit App
2024-07-07T11:28:00Z,LIGHTLY_ACTIVE,Fitbit App
2024-07-07T11:29:00Z,SEDENTARY,Fitbit App
2024-07-07T11:30:00Z,SEDENTARY,Fitbit App
2024-07-07T11:31:00Z,SEDENTARY,Fitbit App
2024-07-07T11:32:00Z,SEDENTARY,Fitbit App
2024-07-07T11:33:00Z,SEDENTARY,Fitbit App
2024-07-07T11:44:00Z,SEDENTARY,Fitbit App
2024-07-07T11:45:00Z,SEDENTARY,Fitbit App
2024-07-07T11:46:00Z,SEDENTARY,Fitbit App
2024-07-07T11:47:00Z,SEDENTARY,Fitbit App
2024-07-07T11:48:00Z,SEDENTARY,Fitbit App
2024-07-07T11:49:00Z,SEDENTARY,Fitbit App
2024-07-07T11:50:00Z,SEDENTARY,Fitbit App
2024-07-07T11:51:00Z,SEDENTARY,Fitbit App
2024-07-07T11:52:00Z,SEDENTARY,Fitbit App
2024-07-07T11:53:00Z,SEDENTARY,Fitbit App
2024-07-07T11:54:00Z,SEDENTARY,Fitbit App
2024-07-07T11:55:00Z,SEDENTARY,Fitbit App
2024-07-07T11:56:00Z,SEDENTARY,Fitbit App
2024-07-07T12:00:00Z,SEDENTARY,Fitbit App
2024-07-07T12:01:00Z,SEDENTARY,Fitbit App
2024-07-07T12:02:00Z,LIGHTLY_ACTIVE,Fitbit App
2024-07-07T12:03:00Z,SEDENTARY,Fitbit App
2024-07-07T12:04:00Z,SEDENTARY,Fitbit App
2024-07-07T12:05:00Z,LIGHTLY_ACTIVE,Fitbit App
2024-07-07T12:06:00Z,SEDENTARY,Fitbit App
2024-07-07T12:07:00Z,LIGHTLY_ACTIVE,Fitbit App
2024-07-07T12:08:00Z,SEDENTARY,Fitbit App
2024-07-07T12:09:00Z,SEDENTARY,Fitbit App
2024-07-07T12:10:00Z,SEDENTARY,Fitbit App
2024-07-07T12:11:00Z,SEDENTARY,Fitbit App
2024-07-07T12:12:00Z,SEDENTARY,Fitbit App
2024-07-07T12:13:00Z,SEDENTARY,Fitbit App
2024-07-07T12:14:00Z,SEDENTARY,Fitbit App
2024-07-07T12:15:00Z,SEDENTARY,Fitbit App
2024-07-07T12:16:00Z,SEDENTARY,Fitbit App
2024-07-07T12:17:00Z,SEDENTARY,Fitbit App
2024-07-07T12:18:00Z,SEDENTARY,Fitbit App
2024-07-07T12:19:00Z,SEDENTARY,Fitbit App
2024-07-07T12:22:00Z,SEDENTARY,Fitbit App
2024-07-07T12:23:00Z,SEDENTARY,Fitbit App
2024-07-07T12:26:00Z,SEDENTARY,Fitbit App
2024-07-07T12:28:00Z,SEDENTARY,Fitbit App
2024-07-07T12:29:00Z,SEDENTARY,Fitbit App
2024-07-07T12:30:00Z,SEDENTARY,Fitbit App
2024-07-07T12:31:00Z,SEDENTARY,Fitbit App
2024-07-07T12:32:00Z,SEDENTARY,Fitbit App
2024-07-07T12:33:00Z,SEDENTARY,Fitbit App
2024-07-07T12:35:00Z,SEDENTARY,Fitbit App
2024-07-07T12:36:00Z,SEDENTARY,Fitbit App
2024-07-07T12:37:00Z,SEDENTARY,Fitbit App
2024-07-07T12:38:00Z,SEDENTARY,Fitbit App
2024-07-07T12:39:00Z,SEDENTARY,Fitbit App
2024-07-07T12:40:00Z,SEDENTARY,Fitbit App
2024-07-07T12:41:00Z,SEDENTARY,Fitbit App
2024-07-07T12:42:00Z,SEDENTARY,Fitbit App
2024-07-07T12:43:00Z,SEDENTARY,Fitbit App
2024-07-07T12:44:00Z,SEDENTARY,Fitbit App
2024-07-07T12:45:00Z,SEDENTARY,Fitbit App
2024-07-07T12:46:00Z,SEDENTARY,Fitbit App
2024-07-07T12:47:00Z,SEDENTARY,Fitbit App
2024-07-07T12:48:00Z,SEDENTARY,Fitbit App
2024-07-07T12:49:00Z,SEDENTARY,Fitbit App
2024-07-07T12:50:00Z,SEDENTARY,Fitbit App
2024-07-07T12:51:00Z,SEDENTARY,Fitbit App
2024-07-07T12:52:00Z,SEDENTARY,Fitbit App
2024-07-07T12:53:00Z,SEDENTARY,Fitbit App
2024-07-07T12:54:00Z,SEDENTARY,Fitbit App
2024-07-07T12:55:00Z,SEDENTARY,Fitbit App
2024-07-07T12:56:00Z,SEDENTARY,Fitbit App
2024-07-07T12:57:00Z,SEDENTARY,Fitbit App
2024-07-07T12:58:00Z,SEDENTARY,Fitbit App
2024-07-07T12:59:00Z,SEDENTARY,Fitbit App
2024-07-07T13:00:00Z,SEDENTARY,Fitbit App
2024-07-07T13:01:00Z,SEDENTARY,Fitbit App
2024-07-07T13:02:00Z,SEDENTARY,Fitbit App
2024-07-07T13:03:00Z,SEDENTARY,Fitbit App
2024-07-07T13:06:00Z,SEDENTARY,Fitbit App
2024-07-07T13:07:00Z,SEDENTARY,Fitbit App
2024-07-07T13:08:00Z,SEDENTARY,Fitbit App
2024-07-07T13:09:00Z,SEDENTARY,Fitbit App
2024-07-07T13:10:00Z,SEDENTARY,Fitbit App
2024-07-07T13:11:00Z,SEDENTARY,Fitbit App
2024-07-07T13:12:00Z,SEDENTARY,Fitbit App
2024-07-07T13:14:00Z,SEDENTARY,Fitbit App
2024-07-07T13:16:00Z,SEDENTARY,Fitbit App
2024-07-07T13:17:00Z,SEDENTARY,Fitbit App
2024-07-07T13:18:00Z,SEDENTARY,Fitbit App
2024-07-07T13:19:00Z,SEDENTARY,Fitbit App
2024-07-07T13:20:00Z,SEDENTARY,Fitbit App
2024-07-07T13:21:00Z,SEDENTARY,Fitbit App
2024-07-07T13:22:00Z,SEDENTARY,Fitbit App
2024-07-07T13:23:00Z,SEDENTARY,Fitbit App
2024-07-07T13:24:00Z,LIGHTLY_ACTIVE,Fitbit App
2024-07-07T13:25:00Z,LIGHTLY_ACTIVE,Fitbit App
2024-07-07T13:26:00Z,LIGHTLY_ACTIVE,Fitbit App
2024-07-07T13:27:00Z,LIGHTLY_ACTIVE,Fitbit App
2024-07-07T13:28:00Z,SEDENTARY,Fitbit App
2024-07-07T13:29:00Z,LIGHTLY_ACTIVE,Fitbit App
2024-07-07T13:30:00Z,LIGHTLY_ACTIVE,Fitbit App
2024-07-07T13:31:00Z,SEDENTARY,Fitbit App
2024-07-07T13:32:00Z,SEDENTARY,Fitbit App
2024-07-07T13:33:00Z,SEDENTARY,Fitbit App
2024-07-07T13:34:00Z,LIGHTLY_ACTIVE,Fitbit App
2024-07-07T13:35:00Z,VERY_ACTIVE,Fitbit App
2024-07-07T13:36:00Z,MODERATELY_ACTIVE,Fitbit App
2024-07-07T13:37:00Z,MODERATELY_ACTIVE,Fitbit App
2024-07-07T13:38:00Z,LIGHTLY_ACTIVE,Fitbit App
2024-07-07T13:39:00Z,SEDENTARY,Fitbit App
2024-07-07T13:40:00Z,SEDENTARY,Fitbit App
2024-07-07T13:41:00Z,SEDENTARY,Fitbit App
2024-07-07T13:42:00Z,SEDENTARY,Fitbit App
2024-07-07T13:43:00Z,SEDENTARY,Fitbit App
2024-07-07T13:44:00Z,LIGHTLY_ACTIVE,Fitbit App
2024-07-07T13:45:00Z,SEDENTARY,Fitbit App
2024-07-07T13:46:00Z,SEDENTARY,Fitbit App
2024-07-07T13:47:00Z,LIGHTLY_ACTIVE,Fitbit App
2024-07-07T13:48:00Z,SEDENTARY,Fitbit App
2024-07-07T13:49:00Z,SEDENTARY,Fitbit App
2024-07-07T13:50:00Z,SEDENTARY,Fitbit App
2024-07-07T13:51:00Z,SEDENTARY,Fitbit App
2024-07-07T13:52:00Z,SEDENTARY,Fitbit App
2024-07-07T13:53:00Z,LIGHTLY_ACTIVE,Fitbit App
2024-07-07T13:54:00Z,SEDENTARY,Fitbit App
2024-07-07T13:55:00Z,SEDENTARY,Fitbit App
2024-07-07T13:56:00Z,SEDENTARY,Fitbit App
2024-07-07T13:57:00Z,SEDENTARY,Fitbit App
2024-07-07T13:59:00Z,SEDENTARY,Fitbit App
2024-07-07T14:00:00Z,SEDENTARY,Fitbit App
2024-07-07T14:01:00Z,SEDENTARY,Fitbit App
2024-07-07T14:02:00Z,SEDENTARY,Fitbit App
2024-07-07T14:03:00Z,LIGHTLY_ACTIVE,Fitbit App
2024-07-07T14:04:00Z,LIGHTLY_ACTIVE,Fitbit App
2024-07-07T14:05:00Z,SEDENTARY,Fitbit App
2024-07-07T14:06:00Z,LIGHTLY_ACTIVE,Fitbit App
2024-07-07T14:07:00Z,SEDENTARY,Fitbit App
2024-07-07T14:08:00Z,LIGHTLY_ACTIVE,Fitbit App
2024-07-07T14:09:00Z,LIGHTLY_ACTIVE,Fitbit App
2024-07-07T14:10:00Z,LIGHTLY_ACTIVE,Fitbit App
2024-07-07T14:11:00Z,LIGHTLY_ACTIVE,Fitbit App
2024-07-07T14:12:00Z,SEDENTARY,Fitbit App
2024-07-07T14:27:00Z,SEDENTARY,Fitbit App
2024-07-07T14:37:00Z,SEDENTARY,Fitbit App
2024-07-07T14:38:00Z,SEDENTARY,Fitbit App
2024-07-07T14:39:00Z,SEDENTARY,Fitbit App
2024-07-07T14:42:00Z,SEDENTARY,Fitbit App
2024-07-07T14:43:00Z,SEDENTARY,Fitbit App
2024-07-07T14:46:00Z,SEDENTARY,Fitbit App
2024-07-07T15:25:00Z,SEDENTARY,Fitbit App
2024-07-07T15:26:00Z,LIGHTLY_ACTIVE,Fitbit App
2024-07-07T15:27:00Z,SEDENTARY,Fitbit App
2024-07-07T15:50:00Z,SEDENTARY,Fitbit App
2024-07-07T16:19:00Z,SEDENTARY,Fitbit App
2024-07-07T16:48:00Z,SEDENTARY,Fitbit App
2024-07-07T16:49:00Z,LIGHTLY_ACTIVE,Fitbit App
2024-07-07T17:09:00Z,SEDENTARY,Fitbit App
2024-07-07T17:10:00Z,SEDENTARY,Fitbit App
2024-07-07T17:48:00Z,SEDENTARY,Fitbit App
2024-07-07T17:49:00Z,SEDENTARY,Fitbit App
2024-07-07T17:52:00Z,SEDENTARY,Fitbit App
2024-07-07T17:55:00Z,SEDENTARY,Fitbit App
2024-07-07T17:56:00Z,SEDENTARY,Fitbit App
2024-07-07T17:57:00Z,LIGHTLY_ACTIVE,Fitbit App
2024-07-07T17:58:00Z,LIGHTLY_ACTIVE,Fitbit App
2024-07-07T17:59:00Z,LIGHTLY_ACTIVE,Fitbit App
2024-07-07T18:00:00Z,SEDENTARY,Fitbit App
2024-07-07T18:01:00Z,SEDENTARY,Fitbit App
2024-07-07T18:02:00Z,SEDENTARY,Fitbit App
2024-07-07T18:03:00Z,SEDENTARY,Fitbit App
2024-07-07T18:04:00Z,SEDENTARY,Fitbit App
2024-07-07T18:05:00Z,LIGHTLY_ACTIVE,Fitbit App
2024-07-07T18:06:00Z,LIGHTLY_ACTIVE,Fitbit App
2024-07-07T18:07:00Z,MODERATELY_ACTIVE,Fitbit App
2024-07-07T18:08:00Z,LIGHTLY_ACTIVE,Fitbit App
2024-07-07T18:09:00Z,LIGHTLY_ACTIVE,Fitbit App
2024-07-07T18:10:00Z,SEDENTARY,Fitbit App
2024-07-07T18:11:00Z,SEDENTARY,Fitbit App
2024-07-07T18:12:00Z,SEDENTARY,Fitbit App
2024-07-07T18:13:00Z,SEDENTARY,Fitbit App
2024-07-07T18:14:00Z,SEDENTARY,Fitbit App
2024-07-07T18:15:00Z,SEDENTARY,Fitbit App
2024-07-07T18:16:00Z,SEDENTARY,Fitbit App
2024-07-07T18:17:00Z,LIGHTLY_ACTIVE,Fitbit App
2024-07-07T18:18:00Z,LIGHTLY_ACTIVE,Fitbit App
2024-07-07T18:19:00Z,LIGHTLY_ACTIVE,Fitbit App
2024-07-07T18:20:00Z,LIGHTLY_ACTIVE,Fitbit App
2024-07-07T18:21:00Z,LIGHTLY_ACTIVE,Fitbit App
2024-07-07T18:22:00Z,SEDENTARY,Fitbit App
2024-07-07T18:23:00Z,LIGHTLY_ACTIVE,Fitbit App
2024-07-07T18:24:00Z,LIGHTLY_ACTIVE,Fitbit App
2024-07-07T18:25:00Z,LIGHTLY_ACTIVE,Fitbit App
2024-07-07T18:26:00Z,SEDENTARY,Fitbit App
2024-07-07T18:27:00Z,LIGHTLY_ACTIVE,Fitbit App
2024-07-07T18:28:00Z,LIGHTLY_ACTIVE,Fitbit App
2024-07-07T18:29:00Z,LIGHTLY_ACTIVE,Fitbit App
2024-07-07T18:30:00Z,LIGHTLY_ACTIVE,Fitbit App
2024-07-07T18:31:00Z,SEDENTARY,Fitbit App
2024-07-07T18:32:00Z,SEDENTARY,Fitbit App
2024-07-07T18:33:00Z,SEDENTARY,Fitbit App
2024-07-07T18:34:00Z,SEDENTARY,Fitbit App
2024-07-07T18:35:00Z,SEDENTARY,Fitbit App
2024-07-07T18:36:00Z,SEDENTARY,Fitbit App
2024-07-07T18:37:00Z,SEDENTARY,Fitbit App
2024-07-07T18:38:00Z,LIGHTLY_ACTIVE,Fitbit App
2024-07-07T18:39:00Z,LIGHTLY_ACTIVE,Fitbit App
2024-07-07T18:40:00Z,LIGHTLY_ACTIVE,Fitbit App
2024-07-07T18:41:00Z,LIGHTLY_ACTIVE,Fitbit App
2024-07-07T18:42:00Z,LIGHTLY_ACTIVE,Fitbit App
2024-07-07T18:43:00Z,LIGHTLY_ACTIVE,Fitbit App
2024-07-07T18:44:00Z,LIGHTLY_ACTIVE,Fitbit App
2024-07-07T18:45:00Z,LIGHTLY_ACTIVE,Fitbit App
2024-07-07T18:46:00Z,SEDENTARY,Fitbit App
2024-07-07T18:47:00Z,SEDENTARY,Fitbit App
2024-07-07T18:48:00Z,SEDENTARY,Fitbit App
2024-07-07T18:49:00Z,SEDENTARY,Fitbit App
2024-07-07T18:50:00Z,LIGHTLY_ACTIVE,Fitbit App
2024-07-07T18:51:00Z,LIGHTLY_ACTIVE,Fitbit App
2024-07-07T18:52:00Z,LIGHTLY_ACTIVE,Fitbit App
2024-07-07T18:53:00Z,LIGHTLY_ACTIVE,Fitbit App
2024-07-07T18:54:00Z,LIGHTLY_ACTIVE,Fitbit App
2024-07-07T18:55:00Z,SEDENTARY,Fitbit App
2024-07-07T18:56:00Z,SEDENTARY,Fitbit App
2024-07-07T18:57:00Z,SEDENTARY,Fitbit App
2024-07-07T18:58:00Z,SEDENTARY,Fitbit App
2024-07-07T18:59:00Z,SEDENTARY,Fitbit App
2024-07-07T19:00:00Z,SEDENTARY,Fitbit App
2024-07-07T19:01:00Z,SEDENTARY,Fitbit App
2024-07-07T19:02:00Z,SEDENTARY,Fitbit App
2024-07-07T19:03:00Z,SEDENTARY,Fitbit App
2024-07-07T19:04:00Z,SEDENTARY,Fitbit App
2024-07-07T19:05:00Z,SEDENTARY,Fitbit App
2024-07-07T19:06:00Z,SEDENTARY,Fitbit App
2024-07-07T19:07:00Z,SEDENTARY,Fitbit App
2024-07-07T19:08:00Z,SEDENTARY,Fitbit App
2024-07-07T19:09:00Z,LIGHTLY_ACTIVE,Fitbit App
2024-07-07T19:10:00Z,SEDENTARY,Fitbit App
2024-07-07T19:11:00Z,LIGHTLY_ACTIVE,Fitbit App
2024-07-07T19:12:00Z,SEDENTARY,Fitbit App
2024-07-07T19:13:00Z,SEDENTARY,Fitbit App
2024-07-07T19:14:00Z,LIGHTLY_ACTIVE,Fitbit App
2024-07-07T19:15:00Z,SEDENTARY,Fitbit App
2024-07-07T19:16:00Z,SEDENTARY,Fitbit App
2024-07-07T19:17:00Z,SEDENTARY,Fitbit App
2024-07-07T19:18:00Z,SEDENTARY,Fitbit App
2024-07-07T19:19:00Z,SEDENTARY,Fitbit App
2024-07-07T19:20:00Z,SEDENTARY,Fitbit App
2024-07-07T19:21:00Z,SEDENTARY,Fitbit App
2024-07-07T19:22:00Z,SEDENTARY,Fitbit App
2024-07-07T19:23:00Z,MODERATELY_ACTIVE,Fitbit App
2024-07-07T19:24:00Z,LIGHTLY_ACTIVE,Fitbit App
2024-07-07T19:25:00Z,LIGHTLY_ACTIVE,Fitbit App
2024-07-07T19:26:00Z,LIGHTLY_ACTIVE,Fitbit App
2024-07-07T19:27:00Z,LIGHTLY_ACTIVE,Fitbit App
2024-07-07T19:28:00Z,SEDENTARY,Fitbit App
2024-07-07T19:29:00Z,SEDENTARY,Fitbit App
2024-07-07T19:30:00Z,LIGHTLY_ACTIVE,Fitbit App
2024-07-07T19:31:00Z,LIGHTLY_ACTIVE,Fitbit App
2024-07-07T19:32:00Z,SEDENTARY,Fitbit App
2024-07-07T19:33:00Z,SEDENTARY,Fitbit App
2024-07-07T19:34:00Z,LIGHTLY_ACTIVE,Fitbit App
2024-07-07T19:35:00Z,SEDENTARY,Fitbit App
2024-07-07T19:36:00Z,LIGHTLY_ACTIVE,Fitbit App
2024-07-07T19:37:00Z,SEDENTARY,Fitbit App
2024-07-07T19:38:00Z,SEDENTARY,Fitbit App
2024-07-07T19:39:00Z,SEDENTARY,Fitbit App
2024-07-07T19:40:00Z,SEDENTARY,Fitbit App
2024-07-07T19:41:00Z,SEDENTARY,Fitbit App
2024-07-07T19:42:00Z,SEDENTARY,Fitbit App
2024-07-07T19:43:00Z,SEDENTARY,Fitbit App
2024-07-07T19:44:00Z,SEDENTARY,Fitbit App
2024-07-07T19:45:00Z,SEDENTARY,Fitbit App
2024-07-07T19:46:00Z,SEDENTARY,Fitbit App
2024-07-07T19:47:00Z,SEDENTARY,Fitbit App
2024-07-07T19:48:00Z,LIGHTLY_ACTIVE,Fitbit App
2024-07-07T19:49:00Z,LIGHTLY_ACTIVE,Fitbit App
2024-07-07T19:50:00Z,SEDENTARY,Fitbit App
2024-07-07T19:51:00Z,LIGHTLY_ACTIVE,Fitbit App
2024-07-07T19:52:00Z,SEDENTARY,Fitbit App
2024-07-07T20:11:00Z,LIGHTLY_ACTIVE,Fitbit App
2024-07-07T20:12:00Z,LIGHTLY_ACTIVE,Fitbit App
2024-07-07T20:13:00Z,LIGHTLY_ACTIVE,Fitbit App
2024-07-07T20:14:00Z,LIGHTLY_ACTIVE,Fitbit App
2024-07-07T20:15:00Z,LIGHTLY_ACTIVE,Fitbit App
2024-07-07T20:16:00Z,LIGHTLY_ACTIVE,Fitbit App
2024-07-07T20:17:00Z,SEDENTARY,Fitbit App
2024-07-07T20:18:00Z,LIGHTLY_ACTIVE,Fitbit App
2024-07-07T20:19:00Z,SEDENTARY,Fitbit App
2024-07-07T20:20:00Z,SEDENTARY,Fitbit App
2024-07-07T20:21:00Z,SEDENTARY,Fitbit App
2024-07-07T20:23:00Z,SEDENTARY,Fitbit App
2024-07-07T20:24:00Z,SEDENTARY,Fitbit App
2024-07-07T20:25:00Z,SEDENTARY,Fitbit App
2024-07-07T20:26:00Z,SEDENTARY,Fitbit App
2024-07-07T20:27:00Z,SEDENTARY,Fitbit App
2024-07-07T20:28:00Z,SEDENTARY,Fitbit App
2024-07-07T20:29:00Z,SEDENTARY,Fitbit App
2024-07-07T20:30:00Z,SEDENTARY,Fitbit App
2024-07-07T20:31:00Z,SEDENTARY,Fitbit App
2024-07-07T20:32:00Z,LIGHTLY_ACTIVE,Fitbit App
2024-07-07T20:33:00Z,SEDENTARY,Fitbit App
2024-07-07T20:34:00Z,LIGHTLY_ACTIVE,Fitbit App
2024-07-07T20:35:00Z,LIGHTLY_ACTIVE,Fitbit App
2024-07-07T20:36:00Z,SEDENTARY,Fitbit App
2024-07-07T20:37:00Z,SEDENTARY,Fitbit App
2024-07-07T20:38:00Z,SEDENTARY,Fitbit App
2024-07-07T20:39:00Z,SEDENTARY,Fitbit App
2024-07-07T20:40:00Z,SEDENTARY,Fitbit App
2024-07-07T20:41:00Z,SEDENTARY,Fitbit App
2024-07-07T20:42:00Z,SEDENTARY,Fitbit App
2024-07-07T20:43:00Z,LIGHTLY_ACTIVE,Fitbit App
2024-07-07T20:44:00Z,SEDENTARY,Fitbit App
2024-07-07T20:45:00Z,SEDENTARY,Fitbit App
2024-07-07T20:46:00Z,SEDENTARY,Fitbit App
2024-07-07T20:47:00Z,SEDENTARY,Fitbit App
2024-07-07T20:48:00Z,SEDENTARY,Fitbit App
2024-07-07T20:49:00Z,SEDENTARY,Fitbit App
2024-07-07T20:50:00Z,SEDENTARY,Fitbit App
2024-07-07T20:51:00Z,SEDENTARY,Fitbit App
2024-07-07T20:52:00Z,SEDENTARY,Fitbit App
2024-07-07T20:53:00Z,SEDENTARY,Fitbit App
2024-07-07T20:54:00Z,SEDENTARY,Fitbit App
2024-07-07T20:55:00Z,SEDENTARY,Fitbit App
2024-07-07T20:56:00Z,SEDENTARY,Fitbit App
2024-07-07T20:57:00Z,SEDENTARY,Fitbit App
2024-07-07T20:58:00Z,SEDENTARY,Fitbit App
2024-07-07T20:59:00Z,SEDENTARY,Fitbit App
2024-07-07T21:00:00Z,SEDENTARY,Fitbit App
2024-07-07T21:01:00Z,SEDENTARY,Fitbit App
2024-07-07T21:02:00Z,SEDENTARY,Fitbit App
2024-07-07T21:03:00Z,SEDENTARY,Fitbit App
2024-07-07T21:04:00Z,SEDENTARY,Fitbit App
2024-07-07T21:05:00Z,SEDENTARY,Fitbit App
2024-07-07T21:06:00Z,LIGHTLY_ACTIVE,Fitbit App
2024-07-07T21:07:00Z,LIGHTLY_ACTIVE,Fitbit App
2024-07-07T21:08:00Z,SEDENTARY,Fitbit App
2024-07-07T21:09:00Z,LIGHTLY_ACTIVE,Fitbit App
2024-07-07T21:10:00Z,LIGHTLY_ACTIVE,Fitbit App
2024-07-07T21:12:00Z,SEDENTARY,Fitbit App
2024-07-07T21:15:00Z,SEDENTARY,Fitbit App
2024-07-07T21:16:00Z,SEDENTARY,Fitbit App
2024-07-07T21:17:00Z,SEDENTARY,Fitbit App
2024-07-07T21:19:00Z,SEDENTARY,Fitbit App
2024-07-07T21:20:00Z,LIGHTLY_ACTIVE,Fitbit App
2024-07-07T21:21:00Z,LIGHTLY_ACTIVE,Fitbit App
2024-07-07T21:22:00Z,SEDENTARY,Fitbit App
2024-07-07T21:23:00Z,SEDENTARY,Fitbit App
2024-07-07T21:30:00Z,SEDENTARY,Fitbit App
2024-07-07T21:32:00Z,SEDENTARY,Fitbit App
2024-07-07T21:33:00Z,LIGHTLY_ACTIVE,Fitbit App
2024-07-07T21:34:00Z,SEDENTARY,Fitbit App
2024-07-07T21:35:00Z,SEDENTARY,Fitbit App
2024-07-07T21:36:00Z,SEDENTARY,Fitbit App
2024-07-07T21:37:00Z,SEDENTARY,Fitbit App
2024-07-07T21:38:00Z,SEDENTARY,Fitbit App
2024-07-07T21:40:00Z,SEDENTARY,Fitbit App
2024-07-07T21:42:00Z,SEDENTARY,Fitbit App
2024-07-07T21:45:00Z,SEDENTARY,Fitbit App
2024-07-07T21:46:00Z,SEDENTARY,Fitbit App
2024-07-07T21:47:00Z,SEDENTARY,Fitbit App
2024-07-07T21:48:00Z,SEDENTARY,Fitbit App
2024-07-07T21:54:00Z,SEDENTARY,Fitbit App
2024-07-07T21:55:00Z,SEDENTARY,Fitbit App
2024-07-07T21:57:00Z,LIGHTLY_ACTIVE,Fitbit App
2024-07-07T21:58:00Z,SEDENTARY,Fitbit App
2024-07-07T21:59:00Z,SEDENTARY,Fitbit App
2024-07-07T22:00:00Z,SEDENTARY,Fitbit App
2024-07-07T22:01:00Z,SEDENTARY,Fitbit App
2024-07-07T22:03:00Z,LIGHTLY_ACTIVE,Fitbit App
2024-07-07T22:11:00Z,LIGHTLY_ACTIVE,Fitbit App
2024-07-07T22:12:00Z,SEDENTARY,Fitbit App
2024-07-07T22:13:00Z,SEDENTARY,Fitbit App
2024-07-07T22:17:00Z,SEDENTARY,Fitbit App
2024-07-07T22:20:00Z,SEDENTARY,Fitbit App
2024-07-07T22:23:00Z,SEDENTARY,Fitbit App
2024-07-07T22:28:00Z,SEDENTARY,Fitbit App
2024-07-07T22:29:00Z,SEDENTARY,Fitbit App
2024-07-07T22:35:00Z,LIGHTLY_ACTIVE,Fitbit App
2024-07-07T22:37:00Z,LIGHTLY_ACTIVE,Fitbit App
2024-07-07T22:38:00Z,LIGHTLY_ACTIVE,Fitbit App
2024-07-07T22:40:00Z,LIGHTLY_ACTIVE,Fitbit App
2024-07-07T22:42:00Z,SEDENTARY,Fitbit App
2024-07-07T22:43:00Z,SEDENTARY,Fitbit App
2024-07-07T22:44:00Z,SEDENTARY,Fitbit App
2024-07-07T22:45:00Z,SEDENTARY,Fitbit App
2024-07-07T22:46:00Z,SEDENTARY,Fitbit App
2024-07-07T22:47:00Z,SEDENTARY,Fitbit App
2024-07-07T22:48:00Z,SEDENTARY,Fitbit App
2024-07-07T22:49:00Z,LIGHTLY_ACTIVE,Fitbit App
2024-07-07T22:50:00Z,SEDENTARY,Fitbit App
2024-07-07T22:51:00Z,SEDENTARY,Fitbit App
2024-07-07T22:52:00Z,SEDENTARY,Fitbit App
2024-07-07T22:53:00Z,LIGHTLY_ACTIVE,Fitbit App
2024-07-07T22:54:00Z,SEDENTARY,Fitbit App
2024-07-07T22:55:00Z,LIGHTLY_ACTIVE,Fitbit App
2024-07-07T22:56:00Z,LIGHTLY_ACTIVE,Fitbit App
2024-07-07T22:57:00Z,SEDENTARY,Fitbit App
2024-07-07T22:58:00Z,SEDENTARY,Fitbit App
2024-07-08T00:04:00Z,SEDENTARY,Fitbit App
2024-07-08T00:11:00Z,SEDENTARY,Fitbit App
2024-07-08T00:25:00Z,SEDENTARY,Fitbit App
2024-07-08T02:05:00Z,SEDENTARY,Fitbit App
2024-07-08T03:02:00Z,SEDENTARY,Fitbit App
2024-07-08T03:39:00Z,SEDENTARY,Fitbit App
2024-07-08T03:53:00Z,SEDENTARY,Fitbit App
2024-07-08T04:03:00Z,SEDENTARY,Fitbit App
2024-07-08T04:08:00Z,SEDENTARY,Fitbit App
2024-07-08T04:09:00Z,SEDENTARY,Fitbit App
2024-07-08T04:12:00Z,SEDENTARY,Fitbit App
2024-07-08T04:13:00Z,LIGHTLY_ACTIVE,Fitbit App
2024-07-08T04:14:00Z,SEDENTARY,Fitbit App
2024-07-08T04:15:00Z,SEDENTARY,Fitbit App
2024-07-08T04:16:00Z,VERY_ACTIVE,Fitbit App
2024-07-08T04:17:00Z,VERY_ACTIVE,Fitbit App
2024-07-08T04:18:00Z,LIGHTLY_ACTIVE,Fitbit App
2024-07-08T04:19:00Z,SEDENTARY,Fitbit App
2024-07-08T04:20:00Z,SEDENTARY,Fitbit App
2024-07-08T04:21:00Z,SEDENTARY,Fitbit App
2024-07-08T04:22:00Z,LIGHTLY_ACTIVE,Fitbit App
2024-07-08T04:23:00Z,SEDENTARY,Fitbit App
2024-07-08T04:24:00Z,SEDENTARY,Fitbit App
2024-07-08T04:27:00Z,SEDENTARY,Fitbit App
2024-07-08T04:28:00Z,SEDENTARY,Fitbit App
2024-07-08T04:29:00Z,SEDENTARY,Fitbit App
2024-07-08T04:30:00Z,SEDENTARY,Fitbit App
2024-07-08T04:31:00Z,SEDENTARY,Fitbit App
2024-07-08T04:32:00Z,SEDENTARY,Fitbit App
2024-07-08T04:33:00Z,LIGHTLY_ACTIVE,Fitbit App
2024-07-08T04:34:00Z,SEDENTARY,Fitbit App
2024-07-08T04:35:00Z,SEDENTARY,Fitbit App
2024-07-08T04:49:00Z,SEDENTARY,Fitbit App
2024-07-08T05:25:00Z,SEDENTARY,Fitbit App
2024-07-08T05:51:00Z,SEDENTARY,Fitbit App
2024-07-08T06:05:00Z,SEDENTARY,Fitbit App
2024-07-08T06:06:00Z,SEDENTARY,Fitbit App
2024-07-08T06:07:00Z,SEDENTARY,Fitbit App
2024-07-08T06:08:00Z,SEDENTARY,Fitbit App
2024-07-08T06:09:00Z,SEDENTARY,Fitbit App
2024-07-08T06:10:00Z,LIGHTLY_ACTIVE,Fitbit App
2024-07-08T06:11:00Z,SEDENTARY,Fitbit App
2024-07-08T06:12:00Z,SEDENTARY,Fitbit App
2024-07-08T06:13:00Z,SEDENTARY,Fitbit App
2024-07-08T06:14:00Z,SEDENTARY,Fitbit App
2024-07-08T06:15:00Z,LIGHTLY_ACTIVE,Fitbit App
2024-07-08T06:16:00Z,LIGHTLY_ACTIVE,Fitbit App
2024-07-08T06:22:00Z,SEDENTARY,Fitbit App
2024-07-08T06:23:00Z,SEDENTARY,Fitbit App
2024-07-08T06:29:00Z,LIGHTLY_ACTIVE,Fitbit App
2024-07-08T06:53:00Z,LIGHTLY_ACTIVE,Fitbit App
2024-07-08T06:54:00Z,LIGHTLY_ACTIVE,Fitbit App
2024-07-08T06:56:00Z,SEDENTARY,Fitbit App
2024-07-08T06:57:00Z,LIGHTLY_ACTIVE,Fitbit App
2024-07-08T06:58:00Z,LIGHTLY_ACTIVE,Fitbit App
2024-07-08T06:59:00Z,VERY_ACTIVE,Fitbit App
2024-07-08T07:00:00Z,VERY_ACTIVE,Fitbit App
2024-07-08T07:01:00Z,VERY_ACTIVE,Fitbit App
2024-07-08T07:02:00Z,VERY_ACTIVE,Fitbit App
2024-07-08T07:03:00Z,VERY_ACTIVE,Fitbit App
2024-07-08T07:04:00Z,VERY_ACTIVE,Fitbit App
2024-07-08T07:05:00Z,VERY_ACTIVE,Fitbit App
2024-07-08T07:06:00Z,VERY_ACTIVE,Fitbit App
2024-07-08T07:07:00Z,VERY_ACTIVE,Fitbit App
2024-07-08T07:08:00Z,MODERATELY_ACTIVE,Fitbit App
2024-07-08T07:09:00Z,VERY_ACTIVE,Fitbit App
2024-07-08T07:10:00Z,SEDENTARY,Fitbit App
2024-07-08T07:11:00Z,SEDENTARY,Fitbit App
2024-07-08T07:12:00Z,LIGHTLY_ACTIVE,Fitbit App
2024-07-08T07:13:00Z,SEDENTARY,Fitbit App
2024-07-08T07:14:00Z,SEDENTARY,Fitbit App
2024-07-08T07:15:00Z,SEDENTARY,Fitbit App
2024-07-08T07:16:00Z,SEDENTARY,Fitbit App
2024-07-08T07:17:00Z,SEDENTARY,Fitbit App
2024-07-08T07:18:00Z,SEDENTARY,Fitbit App
2024-07-08T07:19:00Z,SEDENTARY,Fitbit App
2024-07-08T07:20:00Z,SEDENTARY,Fitbit App
2024-07-08T07:21:00Z,SEDENTARY,Fitbit App
2024-07-08T07:22:00Z,SEDENTARY,Fitbit App
2024-07-08T07:23:00Z,SEDENTARY,Fitbit App
2024-07-08T07:24:00Z,SEDENTARY,Fitbit App
2024-07-08T07:25:00Z,SEDENTARY,Fitbit App
2024-07-08T07:26:00Z,SEDENTARY,Fitbit App
2024-07-08T07:27:00Z,LIGHTLY_ACTIVE,Fitbit App
2024-07-08T07:28:00Z,MODERATELY_ACTIVE,Fitbit App
2024-07-08T07:29:00Z,MODERATELY_ACTIVE,Fitbit App
2024-07-08T07:30:00Z,LIGHTLY_ACTIVE,Fitbit App
2024-07-08T07:31:00Z,VERY_ACTIVE,Fitbit App
2024-07-08T07:32:00Z,VERY_ACTIVE,Fitbit App
2024-07-08T07:33:00Z,VERY_ACTIVE,Fitbit App
2024-07-08T07:34:00Z,VERY_ACTIVE,Fitbit App
2024-07-08T07:35:00Z,MODERATELY_ACTIVE,Fitbit App
2024-07-08T07:36:00Z,MODERATELY_ACTIVE,Fitbit App
2024-07-08T07:37:00Z,VERY_ACTIVE,Fitbit App
2024-07-08T07:38:00Z,VERY_ACTIVE,Fitbit App
2024-07-08T07:39:00Z,VERY_ACTIVE,Fitbit App
2024-07-08T07:40:00Z,VERY_ACTIVE,Fitbit App
2024-07-08T07:41:00Z,VERY_ACTIVE,Fitbit App
2024-07-08T07:42:00Z,VERY_ACTIVE,Fitbit App
2024-07-08T07:43:00Z,LIGHTLY_ACTIVE,Fitbit App
2024-07-08T07:44:00Z,LIGHTLY_ACTIVE,Fitbit App
2024-07-08T07:45:00Z,VERY_ACTIVE,Fitbit App
2024-07-08T07:46:00Z,LIGHTLY_ACTIVE,Fitbit App
2024-07-08T07:47:00Z,LIGHTLY_ACTIVE,Fitbit App
2024-07-08T07:48:00Z,SEDENTARY,Fitbit App
2024-07-08T07:49:00Z,SEDENTARY,Fitbit App
2024-07-08T07:50:00Z,SEDENTARY,Fitbit App
2024-07-08T07:51:00Z,SEDENTARY,Fitbit App
2024-07-08T07:52:00Z,SEDENTARY,Fitbit App
2024-07-08T07:53:00Z,SEDENTARY,Fitbit App
2024-07-08T07:54:00Z,SEDENTARY,Fitbit App
2024-07-08T07:55:00Z,SEDENTARY,Fitbit App
2024-07-08T07:56:00Z,SEDENTARY,Fitbit App
2024-07-08T07:57:00Z,SEDENTARY,Fitbit App
2024-07-08T07:58:00Z,SEDENTARY,Fitbit App
2024-07-08T07:59:00Z,SEDENTARY,Fitbit App
2024-07-08T08:00:00Z,LIGHTLY_ACTIVE,Fitbit App
2024-07-08T08:01:00Z,SEDENTARY,Fitbit App
2024-07-08T08:02:00Z,SEDENTARY,Fitbit App
2024-07-08T08:03:00Z,SEDENTARY,Fitbit App
2024-07-08T08:04:00Z,SEDENTARY,Fitbit App
2024-07-08T08:05:00Z,SEDENTARY,Fitbit App
2024-07-08T08:06:00Z,SEDENTARY,Fitbit App
2024-07-08T08:07:00Z,SEDENTARY,Fitbit App
2024-07-08T08:08:00Z,SEDENTARY,Fitbit App
2024-07-08T08:09:00Z,SEDENTARY,Fitbit App
2024-07-08T08:10:00Z,SEDENTARY,Fitbit App
2024-07-08T08:11:00Z,SEDENTARY,Fitbit App
2024-07-08T08:12:00Z,SEDENTARY,Fitbit App
2024-07-08T08:13:00Z,SEDENTARY,Fitbit App
2024-07-08T08:14:00Z,SEDENTARY,Fitbit App
2024-07-08T08:15:00Z,SEDENTARY,Fitbit App
2024-07-08T08:16:00Z,SEDENTARY,Fitbit App
2024-07-08T08:17:00Z,LIGHTLY_ACTIVE,Fitbit App
2024-07-08T08:18:00Z,SEDENTARY,Fitbit App
2024-07-08T08:19:00Z,SEDENTARY,Fitbit App
2024-07-08T08:20:00Z,SEDENTARY,Fitbit App
2024-07-08T08:21:00Z,SEDENTARY,Fitbit App
2024-07-08T08:22:00Z,SEDENTARY,Fitbit App
2024-07-08T08:23:00Z,SEDENTARY,Fitbit App
2024-07-08T08:24:00Z,SEDENTARY,Fitbit App
2024-07-08T08:25:00Z,SEDENTARY,Fitbit App
2024-07-08T08:26:00Z,SEDENTARY,Fitbit App
2024-07-08T08:28:00Z,SEDENTARY,Fitbit App
2024-07-08T08:29:00Z,SEDENTARY,Fitbit App
2024-07-08T08:30:00Z,LIGHTLY_ACTIVE,Fitbit App
2024-07-08T08:31:00Z,SEDENTARY,Fitbit App
2024-07-08T08:32:00Z,SEDENTARY,Fitbit App
2024-07-08T08:33:00Z,SEDENTARY,Fitbit App
2024-07-08T08:34:00Z,SEDENTARY,Fitbit App
2024-07-08T08:35:00Z,SEDENTARY,Fitbit App
2024-07-08T08:36:00Z,SEDENTARY,Fitbit App
2024-07-08T08:37:00Z,SEDENTARY,Fitbit App
2024-07-08T08:38:00Z,SEDENTARY,Fitbit App
2024-07-08T08:39:00Z,SEDENTARY,Fitbit App
2024-07-08T08:40:00Z,SEDENTARY,Fitbit App
2024-07-08T08:41:00Z,SEDENTARY,Fitbit App
2024-07-08T08:42:00Z,SEDENTARY,Fitbit App
2024-07-08T08:43:00Z,SEDENTARY,Fitbit App
2024-07-08T08:44:00Z,SEDENTARY,Fitbit App
2024-07-08T08:45:00Z,SEDENTARY,Fitbit App
2024-07-08T08:46:00Z,SEDENTARY,Fitbit App
2024-07-08T08:48:00Z,SEDENTARY,Fitbit App
2024-07-08T08:49:00Z,SEDENTARY,Fitbit App
2024-07-08T08:50:00Z,SEDENTARY,Fitbit App
2024-07-08T08:51:00Z,SEDENTARY,Fitbit App
2024-07-08T08:52:00Z,SEDENTARY,Fitbit App
2024-07-08T08:53:00Z,SEDENTARY,Fitbit App
2024-07-08T08:54:00Z,SEDENTARY,Fitbit App
2024-07-08T08:55:00Z,SEDENTARY,Fitbit App
2024-07-08T08:56:00Z,SEDENTARY,Fitbit App
2024-07-08T08:57:00Z,SEDENTARY,Fitbit App
2024-07-08T08:58:00Z,SEDENTARY,Fitbit App
2024-07-08T08:59:00Z,SEDENTARY,Fitbit App
2024-07-08T09:01:00Z,SEDENTARY,Fitbit App
2024-07-08T09:02:00Z,SEDENTARY,Fitbit App
2024-07-08T09:03:00Z,SEDENTARY,Fitbit App
2024-07-08T09:04:00Z,SEDENTARY,Fitbit App
2024-07-08T09:05:00Z,SEDENTARY,Fitbit App
2024-07-08T09:06:00Z,SEDENTARY,Fitbit App
2024-07-08T09:07:00Z,SEDENTARY,Fitbit App
2024-07-08T09:08:00Z,SEDENTARY,Fitbit App
2024-07-08T09:09:00Z,SEDENTARY,Fitbit App
2024-07-08T09:10:00Z,LIGHTLY_ACTIVE,Fitbit App
2024-07-08T09:11:00Z,LIGHTLY_ACTIVE,Fitbit App
2024-07-08T09:12:00Z,SEDENTARY,Fitbit App
2024-07-08T09:13:00Z,SEDENTARY,Fitbit App
2024-07-08T09:14:00Z,LIGHTLY_ACTIVE,Fitbit App
2024-07-08T09:15:00Z,LIGHTLY_ACTIVE,Fitbit App
2024-07-08T09:16:00Z,LIGHTLY_ACTIVE,Fitbit App
2024-07-08T09:17:00Z,SEDENTARY,Fitbit App
2024-07-08T09:18:00Z,SEDENTARY,Fitbit App
2024-07-08T09:19:00Z,SEDENTARY,Fitbit App
2024-07-08T09:20:00Z,SEDENTARY,Fitbit App
2024-07-08T09:23:00Z,SEDENTARY,Fitbit App
2024-07-08T09:24:00Z,SEDENTARY,Fitbit App
2024-07-08T09:25:00Z,SEDENTARY,Fitbit App
2024-07-08T09:26:00Z,SEDENTARY,Fitbit App
2024-07-08T09:27:00Z,LIGHTLY_ACTIVE,Fitbit App
2024-07-08T09:28:00Z,SEDENTARY,Fitbit App
2024-07-08T09:29:00Z,SEDENTARY,Fitbit App
2024-07-08T09:30:00Z,SEDENTARY,Fitbit App
2024-07-08T09:31:00Z,SEDENTARY,Fitbit App
2024-07-08T09:32:00Z,SEDENTARY,Fitbit App
2024-07-08T09:33:00Z,LIGHTLY_ACTIVE,Fitbit App
2024-07-08T09:34:00Z,MODERATELY_ACTIVE,Fitbit App
2024-07-08T09:35:00Z,LIGHTLY_ACTIVE,Fitbit App
2024-07-08T09:36:00Z,SEDENTARY,Fitbit App
2024-07-08T09:38:00Z,SEDENTARY,Fitbit App
2024-07-08T09:39:00Z,SEDENTARY,Fitbit App
2024-07-08T09:40:00Z,SEDENTARY,Fitbit App
2024-07-08T09:41:00Z,SEDENTARY,Fitbit App
2024-07-08T09:42:00Z,SEDENTARY,Fitbit App
2024-07-08T09:43:00Z,LIGHTLY_ACTIVE,Fitbit App
2024-07-08T09:44:00Z,LIGHTLY_ACTIVE,Fitbit App
2024-07-08T09:45:00Z,SEDENTARY,Fitbit App
2024-07-08T09:46:00Z,SEDENTARY,Fitbit App
2024-07-08T09:47:00Z,LIGHTLY_ACTIVE,Fitbit App
2024-07-08T09:48:00Z,SEDENTARY,Fitbit App
2024-07-08T09:50:00Z,SEDENTARY,Fitbit App
2024-07-08T09:51:00Z,SEDENTARY,Fitbit App
2024-07-08T09:52:00Z,LIGHTLY_ACTIVE,Fitbit App
2024-07-08T09:53:00Z,SEDENTARY,Fitbit App
2024-07-08T09:54:00Z,LIGHTLY_ACTIVE,Fitbit App
2024-07-08T09:55:00Z,LIGHTLY_ACTIVE,Fitbit App
2024-07-08T09:56:00Z,SEDENTARY,Fitbit App
2024-07-08T09:58:00Z,SEDENTARY,Fitbit App
2024-07-08T09:59:00Z,SEDENTARY,Fitbit App
2024-07-08T10:00:00Z,SEDENTARY,Fitbit App
2024-07-08T10:01:00Z,SEDENTARY,Fitbit App
2024-07-08T10:03:00Z,SEDENTARY,Fitbit App
2024-07-08T10:04:00Z,SEDENTARY,Fitbit App
2024-07-08T10:05:00Z,SEDENTARY,Fitbit App
2024-07-08T10:06:00Z,SEDENTARY,Fitbit App
2024-07-08T10:07:00Z,SEDENTARY,Fitbit App
2024-07-08T10:09:00Z,SEDENTARY,Fitbit App
2024-07-08T10:10:00Z,SEDENTARY,Fitbit App
2024-07-08T10:11:00Z,SEDENTARY,Fitbit App
2024-07-08T10:12:00Z,SEDENTARY,Fitbit App
2024-07-08T10:14:00Z,SEDENTARY,Fitbit App
2024-07-08T10:15:00Z,SEDENTARY,Fitbit App
2024-07-08T10:17:00Z,SEDENTARY,Fitbit App
2024-07-08T10:18:00Z,SEDENTARY,Fitbit App
2024-07-08T10:19:00Z,SEDENTARY,Fitbit App
2024-07-08T10:20:00Z,SEDENTARY,Fitbit App
2024-07-08T10:21:00Z,SEDENTARY,Fitbit App
2024-07-08T10:22:00Z,SEDENTARY,Fitbit App
2024-07-08T10:23:00Z,SEDENTARY,Fitbit App
2024-07-08T10:24:00Z,SEDENTARY,Fitbit App
2024-07-08T10:25:00Z,SEDENTARY,Fitbit App
2024-07-08T10:26:00Z,SEDENTARY,Fitbit App
2024-07-08T10:27:00Z,SEDENTARY,Fitbit App
2024-07-08T10:28:00Z,SEDENTARY,Fitbit App
2024-07-08T10:29:00Z,SEDENTARY,Fitbit App
2024-07-08T10:30:00Z,SEDENTARY,Fitbit App
2024-07-08T10:31:00Z,SEDENTARY,Fitbit App
2024-07-08T10:32:00Z,SEDENTARY,Fitbit App
2024-07-08T10:33:00Z,SEDENTARY,Fitbit App
2024-07-08T10:34:00Z,SEDENTARY,Fitbit App
2024-07-08T10:35:00Z,LIGHTLY_ACTIVE,Fitbit App
2024-07-08T10:36:00Z,SEDENTARY,Fitbit App
2024-07-08T10:38:00Z,SEDENTARY,Fitbit App
2024-07-08T10:39:00Z,SEDENTARY,Fitbit App
2024-07-08T10:40:00Z,SEDENTARY,Fitbit App
2024-07-08T10:41:00Z,SEDENTARY,Fitbit App
2024-07-08T10:42:00Z,SEDENTARY,Fitbit App
2024-07-08T10:43:00Z,SEDENTARY,Fitbit App
2024-07-08T10:44:00Z,SEDENTARY,Fitbit App
2024-07-08T10:45:00Z,SEDENTARY,Fitbit App
2024-07-08T10:47:00Z,SEDENTARY,Fitbit App
2024-07-08T10:48:00Z,SEDENTARY,Fitbit App
2024-07-08T10:49:00Z,SEDENTARY,Fitbit App
2024-07-08T10:50:00Z,SEDENTARY,Fitbit App
2024-07-08T10:51:00Z,SEDENTARY,Fitbit App
2024-07-08T10:52:00Z,SEDENTARY,Fitbit App
2024-07-08T10:53:00Z,SEDENTARY,Fitbit App
2024-07-08T10:54:00Z,SEDENTARY,Fitbit App
2024-07-08T10:55:00Z,SEDENTARY,Fitbit App
2024-07-08T10:56:00Z,SEDENTARY,Fitbit App
2024-07-08T10:57:00Z,SEDENTARY,Fitbit App
2024-07-08T10:58:00Z,SEDENTARY,Fitbit App
2024-07-08T10:59:00Z,SEDENTARY,Fitbit App
2024-07-08T11:00:00Z,SEDENTARY,Fitbit App
2024-07-08T11:01:00Z,SEDENTARY,Fitbit App
2024-07-08T11:02:00Z,SEDENTARY,Fitbit App
2024-07-08T11:03:00Z,SEDENTARY,Fitbit App
2024-07-08T11:04:00Z,SEDENTARY,Fitbit App
2024-07-08T11:05:00Z,SEDENTARY,Fitbit App
2024-07-08T11:06:00Z,SEDENTARY,Fitbit App
2024-07-08T11:07:00Z,SEDENTARY,Fitbit App
2024-07-08T11:08:00Z,SEDENTARY,Fitbit App
2024-07-08T11:09:00Z,SEDENTARY,Fitbit App
2024-07-08T11:11:00Z,SEDENTARY,Fitbit App
2024-07-08T11:12:00Z,SEDENTARY,Fitbit App
2024-07-08T11:13:00Z,LIGHTLY_ACTIVE,Fitbit App
2024-07-08T11:14:00Z,LIGHTLY_ACTIVE,Fitbit App
2024-07-08T11:15:00Z,SEDENTARY,Fitbit App
2024-07-08T11:16:00Z,SEDENTARY,Fitbit App
2024-07-08T11:17:00Z,SEDENTARY,Fitbit App
2024-07-08T11:18:00Z,SEDENTARY,Fitbit App
2024-07-08T11:19:00Z,SEDENTARY,Fitbit App
2024-07-08T11:20:00Z,SEDENTARY,Fitbit App
2024-07-08T11:21:00Z,SEDENTARY,Fitbit App
2024-07-08T11:22:00Z,SEDENTARY,Fitbit App
2024-07-08T11:23:00Z,SEDENTARY,Fitbit App
2024-07-08T11:24:00Z,SEDENTARY,Fitbit App
2024-07-08T11:27:00Z,SEDENTARY,Fitbit App
2024-07-08T11:28:00Z,SEDENTARY,Fitbit App
2024-07-08T11:29:00Z,SEDENTARY,Fitbit App
2024-07-08T11:31:00Z,SEDENTARY,Fitbit App
2024-07-08T11:39:00Z,SEDENTARY,Fitbit App
2024-07-08T11:41:00Z,SEDENTARY,Fitbit App
2024-07-08T11:43:00Z,SEDENTARY,Fitbit App
2024-07-08T11:44:00Z,SEDENTARY,Fitbit App
2024-07-08T11:45:00Z,SEDENTARY,Fitbit App
2024-07-08T11:46:00Z,SEDENTARY,Fitbit App
2024-07-08T11:47:00Z,SEDENTARY,Fitbit App
2024-07-08T11:48:00Z,SEDENTARY,Fitbit App
2024-07-08T11:50:00Z,SEDENTARY,Fitbit App
2024-07-08T11:51:00Z,SEDENTARY,Fitbit App
2024-07-08T11:52:00Z,SEDENTARY,Fitbit App
2024-07-08T11:53:00Z,LIGHTLY_ACTIVE,Fitbit App
2024-07-08T11:54:00Z,SEDENTARY,Fitbit App
2024-07-08T11:55:00Z,SEDENTARY,Fitbit App
2024-07-08T11:56:00Z,LIGHTLY_ACTIVE,Fitbit App
2024-07-08T11:57:00Z,SEDENTARY,Fitbit App
2024-07-08T11:58:00Z,SEDENTARY,Fitbit App
2024-07-08T11:59:00Z,SEDENTARY,Fitbit App
2024-07-08T12:00:00Z,SEDENTARY,Fitbit App
2024-07-08T12:01:00Z,SEDENTARY,Fitbit App
2024-07-08T12:02:00Z,SEDENTARY,Fitbit App
2024-07-08T12:04:00Z,SEDENTARY,Fitbit App
2024-07-08T12:05:00Z,SEDENTARY,Fitbit App
2024-07-08T12:07:00Z,SEDENTARY,Fitbit App
2024-07-08T12:08:00Z,SEDENTARY,Fitbit App
2024-07-08T12:09:00Z,LIGHTLY_ACTIVE,Fitbit App
2024-07-08T12:10:00Z,SEDENTARY,Fitbit App
2024-07-08T12:11:00Z,SEDENTARY,Fitbit App
2024-07-08T12:12:00Z,SEDENTARY,Fitbit App
2024-07-08T12:13:00Z,SEDENTARY,Fitbit App
2024-07-08T12:14:00Z,SEDENTARY,Fitbit App
2024-07-08T12:15:00Z,SEDENTARY,Fitbit App
2024-07-08T12:16:00Z,SEDENTARY,Fitbit App
2024-07-08T12:17:00Z,SEDENTARY,Fitbit App
2024-07-08T12:18:00Z,SEDENTARY,Fitbit App
2024-07-08T12:19:00Z,SEDENTARY,Fitbit App
2024-07-08T12:20:00Z,SEDENTARY,Fitbit App
2024-07-08T12:21:00Z,SEDENTARY,Fitbit App
2024-07-08T12:22:00Z,SEDENTARY,Fitbit App
2024-07-08T12:23:00Z,SEDENTARY,Fitbit App
2024-07-08T12:24:00Z,SEDENTARY,Fitbit App
2024-07-08T12:25:00Z,SEDENTARY,Fitbit App
2024-07-08T12:28:00Z,SEDENTARY,Fitbit App
2024-07-08T12:29:00Z,SEDENTARY,Fitbit App
2024-07-08T12:30:00Z,SEDENTARY,Fitbit App
2024-07-08T12:32:00Z,SEDENTARY,Fitbit App
2024-07-08T12:33:00Z,SEDENTARY,Fitbit App
2024-07-08T12:34:00Z,SEDENTARY,Fitbit App
2024-07-08T12:35:00Z,SEDENTARY,Fitbit App
2024-07-08T12:36:00Z,SEDENTARY,Fitbit App
2024-07-08T12:37:00Z,SEDENTARY,Fitbit App
2024-07-08T12:38:00Z,SEDENTARY,Fitbit App
2024-07-08T12:39:00Z,LIGHTLY_ACTIVE,Fitbit App
2024-07-08T12:40:00Z,SEDENTARY,Fitbit App
2024-07-08T12:41:00Z,LIGHTLY_ACTIVE,Fitbit App
2024-07-08T12:42:00Z,SEDENTARY,Fitbit App
2024-07-08T12:43:00Z,SEDENTARY,Fitbit App
2024-07-08T12:44:00Z,SEDENTARY,Fitbit App
2024-07-08T12:45:00Z,SEDENTARY,Fitbit App
2024-07-08T12:46:00Z,SEDENTARY,Fitbit App
2024-07-08T12:47:00Z,SEDENTARY,Fitbit App
2024-07-08T12:48:00Z,SEDENTARY,Fitbit App
2024-07-08T12:49:00Z,SEDENTARY,Fitbit App
2024-07-08T12:50:00Z,SEDENTARY,Fitbit App
2024-07-08T12:51:00Z,SEDENTARY,Fitbit App
2024-07-08T12:52:00Z,SEDENTARY,Fitbit App
2024-07-08T12:53:00Z,SEDENTARY,Fitbit App
2024-07-08T12:56:00Z,SEDENTARY,Fitbit App
2024-07-08T12:57:00Z,SEDENTARY,Fitbit App
2024-07-08T12:58:00Z,LIGHTLY_ACTIVE,Fitbit App
2024-07-08T12:59:00Z,SEDENTARY,Fitbit App
2024-07-08T13:00:00Z,LIGHTLY_ACTIVE,Fitbit App
2024-07-08T13:01:00Z,LIGHTLY_ACTIVE,Fitbit App
2024-07-08T13:02:00Z,SEDENTARY,Fitbit App
2024-07-08T13:03:00Z,SEDENTARY,Fitbit App
2024-07-08T13:04:00Z,SEDENTARY,Fitbit App
2024-07-08T13:05:00Z,SEDENTARY,Fitbit App
2024-07-08T13:06:00Z,SEDENTARY,Fitbit App
2024-07-08T13:07:00Z,SEDENTARY,Fitbit App
2024-07-08T13:08:00Z,SEDENTARY,Fitbit App
2024-07-08T13:09:00Z,SEDENTARY,Fitbit App
2024-07-08T13:10:00Z,SEDENTARY,Fitbit App
2024-07-08T13:11:00Z,SEDENTARY,Fitbit App
2024-07-08T13:12:00Z,SEDENTARY,Fitbit App
2024-07-08T13:13:00Z,SEDENTARY,Fitbit App
2024-07-08T13:14:00Z,SEDENTARY,Fitbit App
2024-07-08T13:15:00Z,SEDENTARY,Fitbit App
2024-07-08T13:16:00Z,SEDENTARY,Fitbit App
2024-07-08T13:17:00Z,SEDENTARY,Fitbit App
2024-07-08T13:18:00Z,SEDENTARY,Fitbit App
2024-07-08T13:19:00Z,SEDENTARY,Fitbit App
2024-07-08T13:20:00Z,LIGHTLY_ACTIVE,Fitbit App
2024-07-08T13:21:00Z,SEDENTARY,Fitbit App
2024-07-08T13:22:00Z,SEDENTARY,Fitbit App
2024-07-08T13:23:00Z,SEDENTARY,Fitbit App
2024-07-08T13:24:00Z,LIGHTLY_ACTIVE,Fitbit App
2024-07-08T13:25:00Z,SEDENTARY,Fitbit App
2024-07-08T13:26:00Z,SEDENTARY,Fitbit App
2024-07-08T13:28:00Z,SEDENTARY,Fitbit App
2024-07-08T13:29:00Z,SEDENTARY,Fitbit App
2024-07-08T13:31:00Z,SEDENTARY,Fitbit App
2024-07-08T13:32:00Z,SEDENTARY,Fitbit App
2024-07-08T13:33:00Z,SEDENTARY,Fitbit App
2024-07-08T13:34:00Z,SEDENTARY,Fitbit App
2024-07-08T13:36:00Z,SEDENTARY,Fitbit App
2024-07-08T13:37:00Z,SEDENTARY,Fitbit App
2024-07-08T13:38:00Z,SEDENTARY,Fitbit App
2024-07-08T13:45:00Z,SEDENTARY,Fitbit App
2024-07-08T13:46:00Z,SEDENTARY,Fitbit App
2024-07-08T13:47:00Z,SEDENTARY,Fitbit App
2024-07-08T13:48:00Z,SEDENTARY,Fitbit App
2024-07-08T13:49:00Z,SEDENTARY,Fitbit App
2024-07-08T13:50:00Z,SEDENTARY,Fitbit App
2024-07-08T13:51:00Z,SEDENTARY,Fitbit App
2024-07-08T13:52:00Z,SEDENTARY,Fitbit App
2024-07-08T13:53:00Z,MODERATELY_ACTIVE,Fitbit App
2024-07-08T13:54:00Z,MODERATELY_ACTIVE,Fitbit App
2024-07-08T13:55:00Z,MODERATELY_ACTIVE,Fitbit App
2024-07-08T13:56:00Z,VERY_ACTIVE,Fitbit App
2024-07-08T13:57:00Z,MODERATELY_ACTIVE,Fitbit App
2024-07-08T13:58:00Z,SEDENTARY,Fitbit App
2024-07-08T13:59:00Z,SEDENTARY,Fitbit App
2024-07-08T14:00:00Z,SEDENTARY,Fitbit App
2024-07-08T14:01:00Z,SEDENTARY,Fitbit App
2024-07-08T14:02:00Z,SEDENTARY,Fitbit App
2024-07-08T14:03:00Z,SEDENTARY,Fitbit App
2024-07-08T14:04:00Z,LIGHTLY_ACTIVE,Fitbit App
2024-07-08T14:05:00Z,SEDENTARY,Fitbit App
2024-07-08T14:06:00Z,SEDENTARY,Fitbit App
2024-07-08T14:07:00Z,SEDENTARY,Fitbit App
2024-07-08T14:08:00Z,SEDENTARY,Fitbit App
2024-07-08T14:09:00Z,SEDENTARY,Fitbit App
2024-07-08T14:10:00Z,SEDENTARY,Fitbit App
2024-07-08T14:26:00Z,LIGHTLY_ACTIVE,Fitbit App
2024-07-08T14:27:00Z,LIGHTLY_ACTIVE,Fitbit App
2024-07-08T14:28:00Z,LIGHTLY_ACTIVE,Fitbit App
2024-07-08T14:29:00Z,LIGHTLY_ACTIVE,Fitbit App
2024-07-08T14:30:00Z,LIGHTLY_ACTIVE,Fitbit App
2024-07-08T14:31:00Z,LIGHTLY_ACTIVE,Fitbit App
2024-07-08T14:32:00Z,SEDENTARY,Fitbit App
2024-07-08T14:33:00Z,SEDENTARY,Fitbit App
2024-07-08T14:34:00Z,LIGHTLY_ACTIVE,Fitbit App
2024-07-08T14:35:00Z,SEDENTARY,Fitbit App
2024-07-08T14:36:00Z,SEDENTARY,Fitbit App
2024-07-08T14:37:00Z,SEDENTARY,Fitbit App
2024-07-08T14:38:00Z,SEDENTARY,Fitbit App
2024-07-08T14:39:00Z,SEDENTARY,Fitbit App
2024-07-08T14:40:00Z,SEDENTARY,Fitbit App
2024-07-08T14:41:00Z,SEDENTARY,Fitbit App
2024-07-08T14:42:00Z,SEDENTARY,Fitbit App
2024-07-08T14:43:00Z,LIGHTLY_ACTIVE,Fitbit App
2024-07-08T14:44:00Z,SEDENTARY,Fitbit App
2024-07-08T14:45:00Z,LIGHTLY_ACTIVE,Fitbit App
2024-07-08T14:46:00Z,LIGHTLY_ACTIVE,Fitbit App
2024-07-08T14:47:00Z,VERY_ACTIVE,Fitbit App
2024-07-08T14:48:00Z,LIGHTLY_ACTIVE,Fitbit App
2024-07-08T14:49:00Z,MODERATELY_ACTIVE,Fitbit App
2024-07-08T14:50:00Z,MODERATELY_ACTIVE,Fitbit App
2024-07-08T14:51:00Z,VERY_ACTIVE,Fitbit App
2024-07-08T14:52:00Z,VERY_ACTIVE,Fitbit App
2024-07-08T14:53:00Z,VERY_ACTIVE,Fitbit App
2024-07-08T14:54:00Z,VERY_ACTIVE,Fitbit App
2024-07-08T14:55:00Z,LIGHTLY_ACTIVE,Fitbit App
2024-07-08T14:56:00Z,LIGHTLY_ACTIVE,Fitbit App
2024-07-08T14:57:00Z,LIGHTLY_ACTIVE,Fitbit App
2024-07-08T14:58:00Z,SEDENTARY,Fitbit App
2024-07-08T14:59:00Z,SEDENTARY,Fitbit App
2024-07-08T15:00:00Z,LIGHTLY_ACTIVE,Fitbit App
2024-07-08T15:01:00Z,SEDENTARY,Fitbit App
2024-07-08T15:02:00Z,SEDENTARY,Fitbit App
2024-07-08T15:03:00Z,SEDENTARY,Fitbit App
2024-07-08T15:04:00Z,SEDENTARY,Fitbit App
2024-07-08T15:05:00Z,SEDENTARY,Fitbit App
2024-07-08T15:06:00Z,SEDENTARY,Fitbit App
2024-07-08T15:07:00Z,SEDENTARY,Fitbit App
2024-07-08T15:08:00Z,SEDENTARY,Fitbit App
2024-07-08T15:09:00Z,SEDENTARY,Fitbit App
2024-07-08T15:10:00Z,MODERATELY_ACTIVE,Fitbit App
2024-07-08T15:11:00Z,MODERATELY_ACTIVE,Fitbit App
2024-07-08T15:12:00Z,LIGHTLY_ACTIVE,Fitbit App
2024-07-08T15:13:00Z,LIGHTLY_ACTIVE,Fitbit App
2024-07-08T15:14:00Z,LIGHTLY_ACTIVE,Fitbit App
2024-07-08T15:15:00Z,LIGHTLY_ACTIVE,Fitbit App
2024-07-08T15:16:00Z,LIGHTLY_ACTIVE,Fitbit App
2024-07-08T15:17:00Z,LIGHTLY_ACTIVE,Fitbit App
2024-07-08T15:18:00Z,SEDENTARY,Fitbit App
2024-07-08T15:19:00Z,LIGHTLY_ACTIVE,Fitbit App
2024-07-08T15:20:00Z,SEDENTARY,Fitbit App
2024-07-08T15:21:00Z,LIGHTLY_ACTIVE,Fitbit App
2024-07-08T15:22:00Z,MODERATELY_ACTIVE,Fitbit App
2024-07-08T15:23:00Z,MODERATELY_ACTIVE,Fitbit App
2024-07-08T15:24:00Z,SEDENTARY,Fitbit App
2024-07-08T15:25:00Z,SEDENTARY,Fitbit App
2024-07-08T15:26:00Z,SEDENTARY,Fitbit App
2024-07-08T15:27:00Z,SEDENTARY,Fitbit App
2024-07-08T15:28:00Z,SEDENTARY,Fitbit App
2024-07-08T15:29:00Z,SEDENTARY,Fitbit App
2024-07-08T15:30:00Z,SEDENTARY,Fitbit App
2024-07-08T15:31:00Z,MODERATELY_ACTIVE,Fitbit App
2024-07-08T15:32:00Z,MODERATELY_ACTIVE,Fitbit App
2024-07-08T15:33:00Z,MODERATELY_ACTIVE,Fitbit App
2024-07-08T15:34:00Z,VERY_ACTIVE,Fitbit App
2024-07-08T15:35:00Z,VERY_ACTIVE,Fitbit App
2024-07-08T15:36:00Z,VERY_ACTIVE,Fitbit App
2024-07-08T15:37:00Z,MODERATELY_ACTIVE,Fitbit App
2024-07-08T15:38:00Z,MODERATELY_ACTIVE,Fitbit App
2024-07-08T15:39:00Z,LIGHTLY_ACTIVE,Fitbit App
2024-07-08T15:40:00Z,SEDENTARY,Fitbit App
2024-07-08T15:44:00Z,SEDENTARY,Fitbit App
2024-07-08T15:47:00Z,SEDENTARY,Fitbit App
2024-07-08T15:48:00Z,SEDENTARY,Fitbit App
2024-07-08T15:49:00Z,SEDENTARY,Fitbit App
2024-07-08T15:50:00Z,SEDENTARY,Fitbit App
2024-07-08T15:51:00Z,SEDENTARY,Fitbit App
2024-07-08T15:52:00Z,SEDENTARY,Fitbit App
2024-07-08T15:53:00Z,SEDENTARY,Fitbit App
2024-07-08T15:54:00Z,SEDENTARY,Fitbit App
2024-07-08T15:55:00Z,SEDENTARY,Fitbit App
2024-07-08T15:56:00Z,SEDENTARY,Fitbit App
2024-07-08T15:57:00Z,SEDENTARY,Fitbit App
2024-07-08T15:58:00Z,SEDENTARY,Fitbit App
2024-07-08T15:59:00Z,SEDENTARY,Fitbit App
2024-07-08T16:00:00Z,SEDENTARY,Fitbit App
2024-07-08T16:01:00Z,SEDENTARY,Fitbit App
2024-07-08T16:02:00Z,SEDENTARY,Fitbit App
2024-07-08T16:03:00Z,SEDENTARY,Fitbit App
2024-07-08T16:04:00Z,SEDENTARY,Fitbit App
2024-07-08T16:05:00Z,SEDENTARY,Fitbit App
2024-07-08T16:06:00Z,SEDENTARY,Fitbit App
2024-07-08T16:07:00Z,SEDENTARY,Fitbit App
2024-07-08T16:08:00Z,SEDENTARY,Fitbit App
2024-07-08T16:09:00Z,SEDENTARY,Fitbit App
2024-07-08T16:10:00Z,SEDENTARY,Fitbit App
2024-07-08T16:11:00Z,SEDENTARY,Fitbit App
2024-07-08T16:12:00Z,SEDENTARY,Fitbit App
2024-07-08T16:13:00Z,SEDENTARY,Fitbit App
2024-07-08T16:14:00Z,SEDENTARY,Fitbit App
2024-07-08T16:15:00Z,SEDENTARY,Fitbit App
2024-07-08T16:16:00Z,SEDENTARY,Fitbit App
2024-07-08T16:17:00Z,SEDENTARY,Fitbit App
2024-07-08T16:18:00Z,SEDENTARY,Fitbit App
2024-07-08T16:19:00Z,LIGHTLY_ACTIVE,Fitbit App
2024-07-08T16:20:00Z,MODERATELY_ACTIVE,Fitbit App
2024-07-08T16:21:00Z,LIGHTLY_ACTIVE,Fitbit App
2024-07-08T16:22:00Z,LIGHTLY_ACTIVE,Fitbit App
2024-07-08T16:23:00Z,LIGHTLY_ACTIVE,Fitbit App
2024-07-08T16:24:00Z,LIGHTLY_ACTIVE,Fitbit App
2024-07-08T16:25:00Z,SEDENTARY,Fitbit App
2024-07-08T16:26:00Z,LIGHTLY_ACTIVE,Fitbit App
2024-07-08T16:27:00Z,SEDENTARY,Fitbit App
2024-07-08T16:28:00Z,SEDENTARY,Fitbit App
2024-07-08T16:29:00Z,SEDENTARY,Fitbit App
2024-07-08T16:30:00Z,SEDENTARY,Fitbit App
2024-07-08T16:31:00Z,SEDENTARY,Fitbit App
2024-07-08T16:32:00Z,LIGHTLY_ACTIVE,Fitbit App
2024-07-08T16:33:00Z,LIGHTLY_ACTIVE,Fitbit App
2024-07-08T16:34:00Z,LIGHTLY_ACTIVE,Fitbit App
2024-07-08T16:35:00Z,SEDENTARY,Fitbit App
2024-07-08T16:36:00Z,SEDENTARY,Fitbit App
2024-07-08T16:37:00Z,LIGHTLY_ACTIVE,Fitbit App
2024-07-08T16:38:00Z,SEDENTARY,Fitbit App
2024-07-08T16:39:00Z,SEDENTARY,Fitbit App
2024-07-08T16:40:00Z,SEDENTARY,Fitbit App
2024-07-08T16:41:00Z,SEDENTARY,Fitbit App
2024-07-08T16:43:00Z,SEDENTARY,Fitbit App
2024-07-08T16:44:00Z,SEDENTARY,Fitbit App
2024-07-08T16:45:00Z,SEDENTARY,Fitbit App
2024-07-08T16:46:00Z,LIGHTLY_ACTIVE,Fitbit App
2024-07-08T16:47:00Z,SEDENTARY,Fitbit App
2024-07-08T16:48:00Z,SEDENTARY,Fitbit App
2024-07-08T16:49:00Z,SEDENTARY,Fitbit App
2024-07-08T16:50:00Z,LIGHTLY_ACTIVE,Fitbit App
2024-07-08T16:51:00Z,SEDENTARY,Fitbit App
2024-07-08T16:52:00Z,LIGHTLY_ACTIVE,Fitbit App
2024-07-08T16:53:00Z,LIGHTLY_ACTIVE,Fitbit App
2024-07-08T16:54:00Z,LIGHTLY_ACTIVE,Fitbit App
2024-07-08T16:55:00Z,SEDENTARY,Fitbit App
2024-07-08T16:56:00Z,SEDENTARY,Fitbit App
2024-07-08T16:57:00Z,SEDENTARY,Fitbit App
2024-07-08T16:58:00Z,SEDENTARY,Fitbit App
2024-07-08T16:59:00Z,SEDENTARY,Fitbit App
2024-07-08T17:00:00Z,LIGHTLY_ACTIVE,Fitbit App
2024-07-08T17:01:00Z,LIGHTLY_ACTIVE,Fitbit App
2024-07-08T17:02:00Z,LIGHTLY_ACTIVE,Fitbit App
2024-07-08T17:03:00Z,LIGHTLY_ACTIVE,Fitbit App
2024-07-08T17:04:00Z,SEDENTARY,Fitbit App
2024-07-08T17:05:00Z,SEDENTARY,Fitbit App
2024-07-08T17:06:00Z,SEDENTARY,Fitbit App
2024-07-08T17:07:00Z,SEDENTARY,Fitbit App
2024-07-08T17:08:00Z,SEDENTARY,Fitbit App
2024-07-08T17:09:00Z,SEDENTARY,Fitbit App
2024-07-08T17:10:00Z,SEDENTARY,Fitbit App
2024-07-08T17:11:00Z,SEDENTARY,Fitbit App
2024-07-08T17:12:00Z,SEDENTARY,Fitbit App
2024-07-08T17:13:00Z,SEDENTARY,Fitbit App
2024-07-08T17:15:00Z,SEDENTARY,Fitbit App
2024-07-08T17:17:00Z,SEDENTARY,Fitbit App
2024-07-08T17:18:00Z,SEDENTARY,Fitbit App
2024-07-08T17:21:00Z,SEDENTARY,Fitbit App
2024-07-08T17:22:00Z,SEDENTARY,Fitbit App
2024-07-08T17:23:00Z,LIGHTLY_ACTIVE,Fitbit App
2024-07-08T17:24:00Z,SEDENTARY,Fitbit App
2024-07-08T17:25:00Z,SEDENTARY,Fitbit App
2024-07-08T17:26:00Z,SEDENTARY,Fitbit App
2024-07-08T17:27:00Z,LIGHTLY_ACTIVE,Fitbit App
2024-07-08T17:28:00Z,SEDENTARY,Fitbit App
2024-07-08T17:29:00Z,SEDENTARY,Fitbit App
2024-07-08T17:30:00Z,SEDENTARY,Fitbit App
2024-07-08T18:02:00Z,LIGHTLY_ACTIVE,Fitbit App
2024-07-08T18:35:00Z,SEDENTARY,Fitbit App
2024-07-08T18:36:00Z,SEDENTARY,Fitbit App
2024-07-08T18:39:00Z,SEDENTARY,Fitbit App
2024-07-08T18:40:00Z,SEDENTARY,Fitbit App
2024-07-08T18:41:00Z,LIGHTLY_ACTIVE,Fitbit App
2024-07-08T18:42:00Z,SEDENTARY,Fitbit App
2024-07-08T18:44:00Z,SEDENTARY,Fitbit App
2024-07-08T18:46:00Z,SEDENTARY,Fitbit App
2024-07-08T18:49:00Z,SEDENTARY,Fitbit App
2024-07-08T18:51:00Z,SEDENTARY,Fitbit App
2024-07-08T18:52:00Z,SEDENTARY,Fitbit App
2024-07-08T18:54:00Z,SEDENTARY,Fitbit App
2024-07-08T18:55:00Z,SEDENTARY,Fitbit App
2024-07-08T18:58:00Z,SEDENTARY,Fitbit App
2024-07-08T18:59:00Z,SEDENTARY,Fitbit App
2024-07-08T19:00:00Z,SEDENTARY,Fitbit App
2024-07-08T19:01:00Z,SEDENTARY,Fitbit App
2024-07-08T19:02:00Z,SEDENTARY,Fitbit App
2024-07-08T19:09:00Z,LIGHTLY_ACTIVE,Fitbit App
2024-07-08T19:10:00Z,LIGHTLY_ACTIVE,Fitbit App
2024-07-08T19:11:00Z,LIGHTLY_ACTIVE,Fitbit App
2024-07-08T19:12:00Z,LIGHTLY_ACTIVE,Fitbit App
2024-07-08T19:13:00Z,LIGHTLY_ACTIVE,Fitbit App
2024-07-08T19:14:00Z,LIGHTLY_ACTIVE,Fitbit App
2024-07-08T19:15:00Z,MODERATELY_ACTIVE,Fitbit App
2024-07-08T19:16:00Z,LIGHTLY_ACTIVE,Fitbit App
2024-07-08T19:17:00Z,LIGHTLY_ACTIVE,Fitbit App
2024-07-08T19:18:00Z,LIGHTLY_ACTIVE,Fitbit App
2024-07-08T19:19:00Z,MODERATELY_ACTIVE,Fitbit App
2024-07-08T19:20:00Z,MODERATELY_ACTIVE,Fitbit App
2024-07-08T19:21:00Z,MODERATELY_ACTIVE,Fitbit App
2024-07-08T19:22:00Z,LIGHTLY_ACTIVE,Fitbit App
2024-07-08T19:23:00Z,LIGHTLY_ACTIVE,Fitbit App
2024-07-08T19:24:00Z,LIGHTLY_ACTIVE,Fitbit App
2024-07-08T19:25:00Z,SEDENTARY,Fitbit App
2024-07-08T19:26:00Z,SEDENTARY,Fitbit App
2024-07-08T19:27:00Z,SEDENTARY,Fitbit App
2024-07-08T19:28:00Z,LIGHTLY_ACTIVE,Fitbit App
2024-07-08T19:29:00Z,SEDENTARY,Fitbit App
2024-07-08T19:30:00Z,LIGHTLY_ACTIVE,Fitbit App
2024-07-08T19:31:00Z,LIGHTLY_ACTIVE,Fitbit App
2024-07-08T19:32:00Z,LIGHTLY_ACTIVE,Fitbit App
2024-07-08T19:33:00Z,MODERATELY_ACTIVE,Fitbit App
2024-07-08T19:34:00Z,LIGHTLY_ACTIVE,Fitbit App
2024-07-08T19:35:00Z,MODERATELY_ACTIVE,Fitbit App
2024-07-08T19:36:00Z,MODERATELY_ACTIVE,Fitbit App
2024-07-08T19:37:00Z,MODERATELY_ACTIVE,Fitbit App
2024-07-08T19:38:00Z,MODERATELY_ACTIVE,Fitbit App
2024-07-08T19:39:00Z,MODERATELY_ACTIVE,Fitbit App
2024-07-08T19:40:00Z,MODERATELY_ACTIVE,Fitbit App
2024-07-08T19:41:00Z,VERY_ACTIVE,Fitbit App
2024-07-08T19:42:00Z,VERY_ACTIVE,Fitbit App
2024-07-08T19:43:00Z,VERY_ACTIVE,Fitbit App
2024-07-08T19:44:00Z,MODERATELY_ACTIVE,Fitbit App
2024-07-08T19:45:00Z,VERY_ACTIVE,Fitbit App
2024-07-08T19:46:00Z,MODERATELY_ACTIVE,Fitbit App
2024-07-08T19:47:00Z,LIGHTLY_ACTIVE,Fitbit App
2024-07-08T19:48:00Z,LIGHTLY_ACTIVE,Fitbit App
2024-07-08T19:49:00Z,LIGHTLY_ACTIVE,Fitbit App
2024-07-08T19:50:00Z,LIGHTLY_ACTIVE,Fitbit App
2024-07-08T19:51:00Z,LIGHTLY_ACTIVE,Fitbit App
2024-07-08T19:52:00Z,LIGHTLY_ACTIVE,Fitbit App
2024-07-08T19:53:00Z,MODERATELY_ACTIVE,Fitbit App
2024-07-08T19:54:00Z,LIGHTLY_ACTIVE,Fitbit App
2024-07-08T19:55:00Z,LIGHTLY_ACTIVE,Fitbit App
2024-07-08T19:56:00Z,LIGHTLY_ACTIVE,Fitbit App
2024-07-08T19:57:00Z,LIGHTLY_ACTIVE,Fitbit App
2024-07-08T19:58:00Z,LIGHTLY_ACTIVE,Fitbit App
2024-07-08T19:59:00Z,MODERATELY_ACTIVE,Fitbit App
2024-07-08T20:00:00Z,MODERATELY_ACTIVE,Fitbit App
2024-07-08T20:01:00Z,VERY_ACTIVE,Fitbit App
2024-07-08T20:02:00Z,MODERATELY_ACTIVE,Fitbit App
2024-07-08T20:03:00Z,VERY_ACTIVE,Fitbit App
2024-07-08T20:04:00Z,VERY_ACTIVE,Fitbit App
2024-07-08T20:05:00Z,MODERATELY_ACTIVE,Fitbit App
2024-07-08T20:06:00Z,MODERATELY_ACTIVE,Fitbit App
2024-07-08T20:07:00Z,LIGHTLY_ACTIVE,Fitbit App
2024-07-08T20:08:00Z,SEDENTARY,Fitbit App
2024-07-08T20:09:00Z,LIGHTLY_ACTIVE,Fitbit App
2024-07-08T20:10:00Z,LIGHTLY_ACTIVE,Fitbit App
2024-07-08T20:11:00Z,LIGHTLY_ACTIVE,Fitbit App
2024-07-08T20:12:00Z,LIGHTLY_ACTIVE,Fitbit App
2024-07-08T20:13:00Z,LIGHTLY_ACTIVE,Fitbit App
2024-07-08T20:14:00Z,SEDENTARY,Fitbit App
2024-07-08T20:15:00Z,SEDENTARY,Fitbit App
2024-07-08T20:16:00Z,SEDENTARY,Fitbit App
2024-07-08T20:17:00Z,SEDENTARY,Fitbit App
2024-07-08T20:18:00Z,SEDENTARY,Fitbit App
2024-07-08T20:19:00Z,SEDENTARY,Fitbit App
2024-07-08T20:20:00Z,SEDENTARY,Fitbit App
2024-07-08T20:21:00Z,SEDENTARY,Fitbit App
2024-07-08T20:22:00Z,LIGHTLY_ACTIVE,Fitbit App
2024-07-08T20:23:00Z,LIGHTLY_ACTIVE,Fitbit App
2024-07-08T20:24:00Z,LIGHTLY_ACTIVE,Fitbit App
2024-07-08T20:25:00Z,SEDENTARY,Fitbit App
2024-07-08T20:26:00Z,SEDENTARY,Fitbit App
2024-07-08T20:27:00Z,LIGHTLY_ACTIVE,Fitbit App
2024-07-08T20:28:00Z,LIGHTLY_ACTIVE,Fitbit App
2024-07-08T20:29:00Z,SEDENTARY,Fitbit App
2024-07-08T20:30:00Z,LIGHTLY_ACTIVE,Fitbit App
2024-07-08T20:31:00Z,LIGHTLY_ACTIVE,Fitbit App
2024-07-08T20:32:00Z,LIGHTLY_ACTIVE,Fitbit App
2024-07-08T20:33:00Z,LIGHTLY_ACTIVE,Fitbit App
2024-07-08T20:34:00Z,SEDENTARY,Fitbit App
2024-07-08T20:42:00Z,SEDENTARY,Fitbit App
2024-07-08T20:43:00Z,LIGHTLY_ACTIVE,Fitbit App
2024-07-08T20:44:00Z,LIGHTLY_ACTIVE,Fitbit App
2024-07-08T20:45:00Z,LIGHTLY_ACTIVE,Fitbit App
2024-07-08T20:46:00Z,LIGHTLY_ACTIVE,Fitbit App
2024-07-08T20:47:00Z,SEDENTARY,Fitbit App
2024-07-08T20:48:00Z,LIGHTLY_ACTIVE,Fitbit App
2024-07-08T20:49:00Z,SEDENTARY,Fitbit App
2024-07-08T20:50:00Z,LIGHTLY_ACTIVE,Fitbit App
2024-07-08T20:51:00Z,LIGHTLY_ACTIVE,Fitbit App
2024-07-08T20:52:00Z,LIGHTLY_ACTIVE,Fitbit App
2024-07-08T20:53:00Z,SEDENTARY,Fitbit App
2024-07-08T20:54:00Z,LIGHTLY_ACTIVE,Fitbit App
2024-07-08T20:55:00Z,SEDENTARY,Fitbit App
2024-07-08T20:56:00Z,SEDENTARY,Fitbit App
2024-07-08T20:57:00Z,LIGHTLY_ACTIVE,Fitbit App
2024-07-08T20:58:00Z,SEDENTARY,Fitbit App
2024-07-08T20:59:00Z,LIGHTLY_ACTIVE,Fitbit App
2024-07-08T21:00:00Z,SEDENTARY,Fitbit App
2024-07-08T21:01:00Z,LIGHTLY_ACTIVE,Fitbit App
2024-07-08T21:02:00Z,LIGHTLY_ACTIVE,Fitbit App
2024-07-08T21:03:00Z,SEDENTARY,Fitbit App
2024-07-08T21:06:00Z,SEDENTARY,Fitbit App
2024-07-08T21:07:00Z,SEDENTARY,Fitbit App
2024-07-08T21:20:00Z,LIGHTLY_ACTIVE,Fitbit App
2024-07-08T21:21:00Z,LIGHTLY_ACTIVE,Fitbit App
2024-07-08T21:26:00Z,SEDENTARY,Fitbit App
2024-07-08T21:27:00Z,MODERATELY_ACTIVE,Fitbit App
2024-07-08T21:30:00Z,LIGHTLY_ACTIVE,Fitbit App
2024-07-08T21:33:00Z,LIGHTLY_ACTIVE,Fitbit App
2024-07-08T21:34:00Z,LIGHTLY_ACTIVE,Fitbit App
2024-07-08T21:35:00Z,SEDENTARY,Fitbit App
2024-07-08T21:36:00Z,SEDENTARY,Fitbit App
2024-07-08T21:43:00Z,SEDENTARY,Fitbit App
2024-07-08T22:09:00Z,LIGHTLY_ACTIVE,Fitbit App
2024-07-08T22:25:00Z,SEDENTARY,Fitbit App
2024-07-08T22:27:00Z,SEDENTARY,Fitbit App
2024-07-08T22:29:00Z,SEDENTARY,Fitbit App
2024-07-08T22:31:00Z,LIGHTLY_ACTIVE,Fitbit App
2024-07-08T22:32:00Z,SEDENTARY,Fitbit App
2024-07-08T22:33:00Z,SEDENTARY,Fitbit App
2024-07-08T22:34:00Z,SEDENTARY,Fitbit App
2024-07-08T22:35:00Z,SEDENTARY,Fitbit App
2024-07-08T22:36:00Z,SEDENTARY,Fitbit App
2024-07-08T22:37:00Z,SEDENTARY,Fitbit App
2024-07-08T22:39:00Z,SEDENTARY,Fitbit App
2024-07-08T22:41:00Z,SEDENTARY,Fitbit App
2024-07-08T22:42:00Z,SEDENTARY,Fitbit App
2024-07-08T22:45:00Z,SEDENTARY,Fitbit App
2024-07-08T22:49:00Z,SEDENTARY,Fitbit App
2024-07-08T22:51:00Z,SEDENTARY,Fitbit App
2024-07-08T22:52:00Z,SEDENTARY,Fitbit App
2024-07-08T22:55:00Z,SEDENTARY,Fitbit App
2024-07-08T23:01:00Z,SEDENTARY,Fitbit App
2024-07-08T23:04:00Z,SEDENTARY,Fitbit App
2024-07-08T23:08:00Z,SEDENTARY,Fitbit App
2024-07-08T23:09:00Z,LIGHTLY_ACTIVE,Fitbit App
2024-07-08T23:10:00Z,SEDENTARY,Fitbit App
2024-07-08T23:11:00Z,SEDENTARY,Fitbit App
2024-07-08T23:12:00Z,SEDENTARY,Fitbit App
2024-07-08T23:13:00Z,SEDENTARY,Fitbit App
2024-07-08T23:14:00Z,SEDENTARY,Fitbit App
2024-07-08T23:15:00Z,LIGHTLY_ACTIVE,Fitbit App
2024-07-08T23:16:00Z,SEDENTARY,Fitbit App
2024-07-08T23:17:00Z,SEDENTARY,Fitbit App
2024-07-08T23:18:00Z,SEDENTARY,Fitbit App
2024-07-08T23:19:00Z,LIGHTLY_ACTIVE,Fitbit App
2024-07-08T23:20:00Z,LIGHTLY_ACTIVE,Fitbit App
2024-07-08T23:21:00Z,LIGHTLY_ACTIVE,Fitbit App
2024-07-08T23:22:00Z,SEDENTARY,Fitbit App
2024-07-08T23:23:00Z,SEDENTARY,Fitbit App
2024-07-08T23:24:00Z,SEDENTARY,Fitbit App
2024-07-08T23:25:00Z,LIGHTLY_ACTIVE,Fitbit App
2024-07-08T23:26:00Z,SEDENTARY,Fitbit App
2024-07-08T23:34:00Z,SEDENTARY,Fitbit App
2024-07-08T23:37:00Z,SEDENTARY,Fitbit App
2024-07-09T00:54:00Z,SEDENTARY,Fitbit App
2024-07-09T02:31:00Z,SEDENTARY,Fitbit App
2024-07-09T02:37:00Z,SEDENTARY,Fitbit App
2024-07-09T02:57:00Z,SEDENTARY,Fitbit App
2024-07-09T03:18:00Z,SEDENTARY,Fitbit App
2024-07-09T04:11:00Z,SEDENTARY,Fitbit App
2024-07-09T04:21:00Z,SEDENTARY,Fitbit App
2024-07-09T04:54:00Z,SEDENTARY,Fitbit App
2024-07-09T05:13:00Z,SEDENTARY,Fitbit App
2024-07-09T05:35:00Z,SEDENTARY,Fitbit App
2024-07-09T06:11:00Z,SEDENTARY,Fitbit App
2024-07-09T06:19:00Z,SEDENTARY,Fitbit App
2024-07-09T06:20:00Z,SEDENTARY,Fitbit App
2024-07-09T07:21:00Z,SEDENTARY,Fitbit App
2024-07-09T07:27:00Z,SEDENTARY,Fitbit App
2024-07-09T07:28:00Z,SEDENTARY,Fitbit App
2024-07-09T07:29:00Z,SEDENTARY,Fitbit App
2024-07-09T07:31:00Z,SEDENTARY,Fitbit App
2024-07-09T07:32:00Z,SEDENTARY,Fitbit App
2024-07-09T07:33:00Z,SEDENTARY,Fitbit App
2024-07-09T07:34:00Z,SEDENTARY,Fitbit App
2024-07-09T07:39:00Z,SEDENTARY,Fitbit App
2024-07-09T07:40:00Z,SEDENTARY,Fitbit App
2024-07-09T07:41:00Z,SEDENTARY,Fitbit App
2024-07-09T07:42:00Z,SEDENTARY,Fitbit App
2024-07-09T07:43:00Z,SEDENTARY,Fitbit App
2024-07-09T07:44:00Z,LIGHTLY_ACTIVE,Fitbit App
2024-07-09T07:45:00Z,LIGHTLY_ACTIVE,Fitbit App
2024-07-09T07:46:00Z,LIGHTLY_ACTIVE,Fitbit App
2024-07-09T07:47:00Z,SEDENTARY,Fitbit App
2024-07-09T07:48:00Z,LIGHTLY_ACTIVE,Fitbit App
2024-07-09T07:49:00Z,LIGHTLY_ACTIVE,Fitbit App
2024-07-09T07:50:00Z,LIGHTLY_ACTIVE,Fitbit App
2024-07-09T07:51:00Z,LIGHTLY_ACTIVE,Fitbit App
2024-07-09T07:52:00Z,SEDENTARY,Fitbit App
2024-07-09T07:53:00Z,SEDENTARY,Fitbit App
2024-07-09T07:54:00Z,SEDENTARY,Fitbit App
2024-07-09T07:55:00Z,SEDENTARY,Fitbit App
2024-07-09T07:56:00Z,SEDENTARY,Fitbit App
2024-07-09T07:57:00Z,SEDENTARY,Fitbit App
2024-07-09T07:58:00Z,SEDENTARY,Fitbit App
2024-07-09T07:59:00Z,SEDENTARY,Fitbit App
2024-07-09T08:00:00Z,SEDENTARY,Fitbit App
2024-07-09T08:01:00Z,SEDENTARY,Fitbit App
2024-07-09T08:02:00Z,SEDENTARY,Fitbit App
2024-07-09T08:03:00Z,LIGHTLY_ACTIVE,Fitbit App
2024-07-09T08:04:00Z,LIGHTLY_ACTIVE,Fitbit App
2024-07-09T08:05:00Z,LIGHTLY_ACTIVE,Fitbit App
2024-07-09T08:06:00Z,LIGHTLY_ACTIVE,Fitbit App
2024-07-09T08:09:00Z,LIGHTLY_ACTIVE,Fitbit App
2024-07-09T08:13:00Z,SEDENTARY,Fitbit App
2024-07-09T08:15:00Z,SEDENTARY,Fitbit App
2024-07-09T08:18:00Z,SEDENTARY,Fitbit App
2024-07-09T08:19:00Z,SEDENTARY,Fitbit App
2024-07-09T08:20:00Z,SEDENTARY,Fitbit App
2024-07-09T08:21:00Z,LIGHTLY_ACTIVE,Fitbit App
2024-07-09T08:22:00Z,SEDENTARY,Fitbit App
2024-07-09T08:23:00Z,SEDENTARY,Fitbit App
2024-07-09T08:24:00Z,SEDENTARY,Fitbit App
2024-07-09T08:25:00Z,SEDENTARY,Fitbit App
2024-07-09T08:26:00Z,SEDENTARY,Fitbit App
2024-07-09T08:27:00Z,SEDENTARY,Fitbit App
2024-07-09T08:28:00Z,SEDENTARY,Fitbit App
2024-07-09T08:29:00Z,SEDENTARY,Fitbit App
2024-07-09T08:30:00Z,LIGHTLY_ACTIVE,Fitbit App
2024-07-09T08:31:00Z,SEDENTARY,Fitbit App
2024-07-09T08:32:00Z,LIGHTLY_ACTIVE,Fitbit App
2024-07-09T08:33:00Z,SEDENTARY,Fitbit App
2024-07-09T08:34:00Z,SEDENTARY,Fitbit App
2024-07-09T08:35:00Z,SEDENTARY,Fitbit App
2024-07-09T08:36:00Z,SEDENTARY,Fitbit App
2024-07-09T08:37:00Z,LIGHTLY_ACTIVE,Fitbit App
2024-07-09T08:38:00Z,LIGHTLY_ACTIVE,Fitbit App
2024-07-09T08:39:00Z,SEDENTARY,Fitbit App
2024-07-09T08:40:00Z,SEDENTARY,Fitbit App
2024-07-09T08:41:00Z,SEDENTARY,Fitbit App
2024-07-09T08:42:00Z,SEDENTARY,Fitbit App
2024-07-09T08:43:00Z,SEDENTARY,Fitbit App
2024-07-09T08:44:00Z,SEDENTARY,Fitbit App
2024-07-09T08:45:00Z,SEDENTARY,Fitbit App
2024-07-09T08:46:00Z,SEDENTARY,Fitbit App
2024-07-09T08:47:00Z,SEDENTARY,Fitbit App
2024-07-09T08:48:00Z,SEDENTARY,Fitbit App
2024-07-09T08:49:00Z,LIGHTLY_ACTIVE,Fitbit App
2024-07-09T08:50:00Z,LIGHTLY_ACTIVE,Fitbit App
2024-07-09T08:51:00Z,LIGHTLY_ACTIVE,Fitbit App
2024-07-09T08:52:00Z,SEDENTARY,Fitbit App
2024-07-09T08:53:00Z,LIGHTLY_ACTIVE,Fitbit App
2024-07-09T08:54:00Z,LIGHTLY_ACTIVE,Fitbit App
2024-07-09T08:55:00Z,LIGHTLY_ACTIVE,Fitbit App
2024-07-09T08:56:00Z,LIGHTLY_ACTIVE,Fitbit App
2024-07-09T08:57:00Z,LIGHTLY_ACTIVE,Fitbit App
2024-07-09T08:58:00Z,LIGHTLY_ACTIVE,Fitbit App
2024-07-09T08:59:00Z,LIGHTLY_ACTIVE,Fitbit App
2024-07-09T09:00:00Z,SEDENTARY,Fitbit App
2024-07-09T09:01:00Z,LIGHTLY_ACTIVE,Fitbit App
2024-07-09T09:02:00Z,LIGHTLY_ACTIVE,Fitbit App
2024-07-09T09:03:00Z,SEDENTARY,Fitbit App
2024-07-09T09:04:00Z,LIGHTLY_ACTIVE,Fitbit App
2024-07-09T09:05:00Z,MODERATELY_ACTIVE,Fitbit App
2024-07-09T09:06:00Z,MODERATELY_ACTIVE,Fitbit App
2024-07-09T09:07:00Z,MODERATELY_ACTIVE,Fitbit App
2024-07-09T09:08:00Z,VERY_ACTIVE,Fitbit App
2024-07-09T09:09:00Z,MODERATELY_ACTIVE,Fitbit App
2024-07-09T09:10:00Z,MODERATELY_ACTIVE,Fitbit App
2024-07-09T09:11:00Z,SEDENTARY,Fitbit App
2024-07-09T09:12:00Z,SEDENTARY,Fitbit App
2024-07-09T09:13:00Z,SEDENTARY,Fitbit App
2024-07-09T09:14:00Z,SEDENTARY,Fitbit App
2024-07-09T09:15:00Z,SEDENTARY,Fitbit App
2024-07-09T09:16:00Z,SEDENTARY,Fitbit App
2024-07-09T09:17:00Z,LIGHTLY_ACTIVE,Fitbit App
2024-07-09T09:18:00Z,SEDENTARY,Fitbit App
2024-07-09T09:19:00Z,SEDENTARY,Fitbit App
2024-07-09T09:20:00Z,SEDENTARY,Fitbit App
2024-07-09T09:21:00Z,SEDENTARY,Fitbit App
2024-07-09T09:22:00Z,SEDENTARY,Fitbit App
2024-07-09T09:23:00Z,LIGHTLY_ACTIVE,Fitbit App
2024-07-09T09:24:00Z,LIGHTLY_ACTIVE,Fitbit App
2024-07-09T09:25:00Z,SEDENTARY,Fitbit App
2024-07-09T09:26:00Z,SEDENTARY,Fitbit App
2024-07-09T09:27:00Z,SEDENTARY,Fitbit App
2024-07-09T09:28:00Z,SEDENTARY,Fitbit App
2024-07-09T09:29:00Z,SEDENTARY,Fitbit App
2024-07-09T09:30:00Z,SEDENTARY,Fitbit App
2024-07-09T09:31:00Z,LIGHTLY_ACTIVE,Fitbit App
2024-07-09T09:32:00Z,LIGHTLY_ACTIVE,Fitbit App
2024-07-09T09:33:00Z,LIGHTLY_ACTIVE,Fitbit App
2024-07-09T09:34:00Z,LIGHTLY_ACTIVE,Fitbit App
2024-07-09T09:35:00Z,MODERATELY_ACTIVE,Fitbit App
2024-07-09T09:36:00Z,MODERATELY_ACTIVE,Fitbit App
2024-07-09T09:37:00Z,LIGHTLY_ACTIVE,Fitbit App
2024-07-09T09:38:00Z,SEDENTARY,Fitbit App
2024-07-09T09:39:00Z,SEDENTARY,Fitbit App
2024-07-09T09:40:00Z,LIGHTLY_ACTIVE,Fitbit App
2024-07-09T09:41:00Z,LIGHTLY_ACTIVE,Fitbit App
2024-07-09T09:42:00Z,LIGHTLY_ACTIVE,Fitbit App
2024-07-09T09:43:00Z,LIGHTLY_ACTIVE,Fitbit App
2024-07-09T09:44:00Z,LIGHTLY_ACTIVE,Fitbit App
2024-07-09T09:45:00Z,LIGHTLY_ACTIVE,Fitbit App
2024-07-09T09:46:00Z,LIGHTLY_ACTIVE,Fitbit App
2024-07-09T09:47:00Z,LIGHTLY_ACTIVE,Fitbit App
2024-07-09T09:48:00Z,LIGHTLY_ACTIVE,Fitbit App
2024-07-09T09:49:00Z,VERY_ACTIVE,Fitbit App
2024-07-09T09:50:00Z,MODERATELY_ACTIVE,Fitbit App
2024-07-09T09:51:00Z,LIGHTLY_ACTIVE,Fitbit App
2024-07-09T09:52:00Z,SEDENTARY,Fitbit App
2024-07-09T09:53:00Z,LIGHTLY_ACTIVE,Fitbit App
2024-07-09T09:54:00Z,SEDENTARY,Fitbit App
2024-07-09T09:55:00Z,SEDENTARY,Fitbit App
2024-07-09T09:56:00Z,VERY_ACTIVE,Fitbit App
2024-07-09T09:57:00Z,MODERATELY_ACTIVE,Fitbit App
2024-07-09T09:58:00Z,LIGHTLY_ACTIVE,Fitbit App
2024-07-09T09:59:00Z,SEDENTARY,Fitbit App
2024-07-09T10:00:00Z,MODERATELY_ACTIVE,Fitbit App
2024-07-09T10:01:00Z,MODERATELY_ACTIVE,Fitbit App
2024-07-09T10:02:00Z,SEDENTARY,Fitbit App
2024-07-09T10:03:00Z,LIGHTLY_ACTIVE,Fitbit App
2024-07-09T10:04:00Z,LIGHTLY_ACTIVE,Fitbit App
2024-07-09T10:05:00Z,VERY_ACTIVE,Fitbit App
2024-07-09T10:06:00Z,MODERATELY_ACTIVE,Fitbit App
2024-07-09T10:07:00Z,MODERATELY_ACTIVE,Fitbit App
2024-07-09T10:08:00Z,SEDENTARY,Fitbit App
2024-07-09T10:09:00Z,SEDENTARY,Fitbit App
2024-07-09T10:10:00Z,SEDENTARY,Fitbit App
2024-07-09T10:11:00Z,SEDENTARY,Fitbit App
2024-07-09T10:12:00Z,SEDENTARY,Fitbit App
2024-07-09T10:13:00Z,SEDENTARY,Fitbit App
2024-07-09T10:14:00Z,SEDENTARY,Fitbit App
2024-07-09T10:15:00Z,SEDENTARY,Fitbit App
2024-07-09T10:16:00Z,SEDENTARY,Fitbit App
2024-07-09T10:17:00Z,SEDENTARY,Fitbit App
2024-07-09T10:18:00Z,SEDENTARY,Fitbit App
2024-07-09T10:19:00Z,SEDENTARY,Fitbit App
2024-07-09T10:20:00Z,LIGHTLY_ACTIVE,Fitbit App
2024-07-09T10:21:00Z,LIGHTLY_ACTIVE,Fitbit App
2024-07-09T10:22:00Z,MODERATELY_ACTIVE,Fitbit App
2024-07-09T10:23:00Z,SEDENTARY,Fitbit App
2024-07-09T10:24:00Z,SEDENTARY,Fitbit App
2024-07-09T10:25:00Z,MODERATELY_ACTIVE,Fitbit App
2024-07-09T10:26:00Z,MODERATELY_ACTIVE,Fitbit App
2024-07-09T10:27:00Z,SEDENTARY,Fitbit App
2024-07-09T10:28:00Z,SEDENTARY,Fitbit App
2024-07-09T10:29:00Z,LIGHTLY_ACTIVE,Fitbit App
2024-07-09T10:30:00Z,SEDENTARY,Fitbit App
2024-07-09T10:31:00Z,LIGHTLY_ACTIVE,Fitbit App
2024-07-09T10:32:00Z,SEDENTARY,Fitbit App
2024-07-09T10:33:00Z,LIGHTLY_ACTIVE,Fitbit App
2024-07-09T10:34:00Z,LIGHTLY_ACTIVE,Fitbit App
2024-07-09T10:35:00Z,LIGHTLY_ACTIVE,Fitbit App
2024-07-09T10:36:00Z,SEDENTARY,Fitbit App
2024-07-09T10:37:00Z,LIGHTLY_ACTIVE,Fitbit App
2024-07-09T10:38:00Z,SEDENTARY,Fitbit App
2024-07-09T10:39:00Z,SEDENTARY,Fitbit App
2024-07-09T10:40:00Z,LIGHTLY_ACTIVE,Fitbit App
2024-07-09T10:41:00Z,LIGHTLY_ACTIVE,Fitbit App
2024-07-09T10:42:00Z,MODERATELY_ACTIVE,Fitbit App
2024-07-09T10:43:00Z,LIGHTLY_ACTIVE,Fitbit App
2024-07-09T10:44:00Z,LIGHTLY_ACTIVE,Fitbit App
2024-07-09T10:45:00Z,LIGHTLY_ACTIVE,Fitbit App
2024-07-09T10:46:00Z,MODERATELY_ACTIVE,Fitbit App
2024-07-09T10:47:00Z,MODERATELY_ACTIVE,Fitbit App
2024-07-09T10:48:00Z,MODERATELY_ACTIVE,Fitbit App
2024-07-09T10:49:00Z,SEDENTARY,Fitbit App
2024-07-09T10:50:00Z,MODERATELY_ACTIVE,Fitbit App
2024-07-09T10:51:00Z,MODERATELY_ACTIVE,Fitbit App
2024-07-09T10:52:00Z,MODERATELY_ACTIVE,Fitbit App
2024-07-09T10:53:00Z,MODERATELY_ACTIVE,Fitbit App
2024-07-09T10:54:00Z,LIGHTLY_ACTIVE,Fitbit App
2024-07-09T10:55:00Z,VERY_ACTIVE,Fitbit App
2024-07-09T10:56:00Z,LIGHTLY_ACTIVE,Fitbit App
2024-07-09T10:57:00Z,LIGHTLY_ACTIVE,Fitbit App
2024-07-09T10:58:00Z,MODERATELY_ACTIVE,Fitbit App
2024-07-09T10:59:00Z,LIGHTLY_ACTIVE,Fitbit App
2024-07-09T11:00:00Z,LIGHTLY_ACTIVE,Fitbit App
2024-07-09T11:01:00Z,SEDENTARY,Fitbit App
2024-07-09T11:02:00Z,LIGHTLY_ACTIVE,Fitbit App
2024-07-09T11:03:00Z,LIGHTLY_ACTIVE,Fitbit App
2024-07-09T11:04:00Z,VERY_ACTIVE,Fitbit App
2024-07-09T11:05:00Z,MODERATELY_ACTIVE,Fitbit App
2024-07-09T11:06:00Z,MODERATELY_ACTIVE,Fitbit App
2024-07-09T11:07:00Z,VERY_ACTIVE,Fitbit App
2024-07-09T11:08:00Z,MODERATELY_ACTIVE,Fitbit App
2024-07-09T11:09:00Z,MODERATELY_ACTIVE,Fitbit App
2024-07-09T11:10:00Z,VERY_ACTIVE,Fitbit App
2024-07-09T11:11:00Z,MODERATELY_ACTIVE,Fitbit App
2024-07-09T11:12:00Z,MODERATELY_ACTIVE,Fitbit App
2024-07-09T11:13:00Z,MODERATELY_ACTIVE,Fitbit App
2024-07-09T11:14:00Z,MODERATELY_ACTIVE,Fitbit App
2024-07-09T11:15:00Z,MODERATELY_ACTIVE,Fitbit App
2024-07-09T11:16:00Z,MODERATELY_ACTIVE,Fitbit App
2024-07-09T11:17:00Z,MODERATELY_ACTIVE,Fitbit App
2024-07-09T11:18:00Z,LIGHTLY_ACTIVE,Fitbit App
2024-07-09T11:19:00Z,LIGHTLY_ACTIVE,Fitbit App
2024-07-09T11:20:00Z,VERY_ACTIVE,Fitbit App
2024-07-09T11:21:00Z,MODERATELY_ACTIVE,Fitbit App
2024-07-09T11:22:00Z,LIGHTLY_ACTIVE,Fitbit App
2024-07-09T11:23:00Z,SEDENTARY,Fitbit App
2024-07-09T11:24:00Z,MODERATELY_ACTIVE,Fitbit App
2024-07-09T11:25:00Z,LIGHTLY_ACTIVE,Fitbit App
2024-07-09T11:26:00Z,LIGHTLY_ACTIVE,Fitbit App
2024-07-09T11:27:00Z,SEDENTARY,Fitbit App
2024-07-09T11:28:00Z,LIGHTLY_ACTIVE,Fitbit App
2024-07-09T11:29:00Z,SEDENTARY,Fitbit App
2024-07-09T11:30:00Z,SEDENTARY,Fitbit App
2024-07-09T11:31:00Z,SEDENTARY,Fitbit App
2024-07-09T11:32:00Z,SEDENTARY,Fitbit App
2024-07-09T11:33:00Z,SEDENTARY,Fitbit App
2024-07-09T11:34:00Z,LIGHTLY_ACTIVE,Fitbit App
2024-07-09T11:35:00Z,SEDENTARY,Fitbit App
2024-07-09T11:36:00Z,LIGHTLY_ACTIVE,Fitbit App
2024-07-09T11:37:00Z,LIGHTLY_ACTIVE,Fitbit App
2024-07-09T11:38:00Z,LIGHTLY_ACTIVE,Fitbit App
2024-07-09T11:39:00Z,SEDENTARY,Fitbit App
2024-07-09T11:40:00Z,SEDENTARY,Fitbit App
2024-07-09T11:41:00Z,SEDENTARY,Fitbit App
2024-07-09T11:42:00Z,LIGHTLY_ACTIVE,Fitbit App
2024-07-09T11:43:00Z,LIGHTLY_ACTIVE,Fitbit App
2024-07-09T11:44:00Z,SEDENTARY,Fitbit App
2024-07-09T11:45:00Z,SEDENTARY,Fitbit App
2024-07-09T11:46:00Z,SEDENTARY,Fitbit App
2024-07-09T11:47:00Z,SEDENTARY,Fitbit App
2024-07-09T11:48:00Z,SEDENTARY,Fitbit App
2024-07-09T11:49:00Z,SEDENTARY,Fitbit App
2024-07-09T11:50:00Z,SEDENTARY,Fitbit App
2024-07-09T11:51:00Z,SEDENTARY,Fitbit App
2024-07-09T11:52:00Z,SEDENTARY,Fitbit App
2024-07-09T11:53:00Z,SEDENTARY,Fitbit App
2024-07-09T11:54:00Z,SEDENTARY,Fitbit App
2024-07-09T11:55:00Z,SEDENTARY,Fitbit App
2024-07-09T11:56:00Z,SEDENTARY,Fitbit App
2024-07-09T11:57:00Z,SEDENTARY,Fitbit App
2024-07-09T11:58:00Z,SEDENTARY,Fitbit App
2024-07-09T11:59:00Z,SEDENTARY,Fitbit App
2024-07-09T12:00:00Z,SEDENTARY,Fitbit App
2024-07-09T12:01:00Z,SEDENTARY,Fitbit App
2024-07-09T12:02:00Z,LIGHTLY_ACTIVE,Fitbit App
2024-07-09T12:03:00Z,VERY_ACTIVE,Fitbit App
2024-07-09T12:04:00Z,VERY_ACTIVE,Fitbit App
2024-07-09T12:05:00Z,MODERATELY_ACTIVE,Fitbit App
2024-07-09T12:06:00Z,VERY_ACTIVE,Fitbit App
2024-07-09T12:07:00Z,MODERATELY_ACTIVE,Fitbit App
2024-07-09T12:08:00Z,SEDENTARY,Fitbit App
2024-07-09T12:09:00Z,LIGHTLY_ACTIVE,Fitbit App
2024-07-09T12:10:00Z,LIGHTLY_ACTIVE,Fitbit App
2024-07-09T12:11:00Z,LIGHTLY_ACTIVE,Fitbit App
2024-07-09T12:12:00Z,LIGHTLY_ACTIVE,Fitbit App
2024-07-09T12:13:00Z,SEDENTARY,Fitbit App
2024-07-09T12:14:00Z,SEDENTARY,Fitbit App
2024-07-09T12:15:00Z,SEDENTARY,Fitbit App
2024-07-09T12:16:00Z,SEDENTARY,Fitbit App
2024-07-09T12:18:00Z,SEDENTARY,Fitbit App
2024-07-09T12:19:00Z,SEDENTARY,Fitbit App
2024-07-09T12:20:00Z,SEDENTARY,Fitbit App
2024-07-09T12:21:00Z,SEDENTARY,Fitbit App
2024-07-09T12:22:00Z,SEDENTARY,Fitbit App
2024-07-09T12:23:00Z,LIGHTLY_ACTIVE,Fitbit App
2024-07-09T12:24:00Z,SEDENTARY,Fitbit App
2024-07-09T12:25:00Z,SEDENTARY,Fitbit App
2024-07-09T12:26:00Z,LIGHTLY_ACTIVE,Fitbit App
2024-07-09T12:27:00Z,MODERATELY_ACTIVE,Fitbit App
2024-07-09T12:28:00Z,SEDENTARY,Fitbit App
2024-07-09T12:29:00Z,LIGHTLY_ACTIVE,Fitbit App
2024-07-09T12:30:00Z,LIGHTLY_ACTIVE,Fitbit App
2024-07-09T12:31:00Z,LIGHTLY_ACTIVE,Fitbit App
2024-07-09T12:32:00Z,LIGHTLY_ACTIVE,Fitbit App
2024-07-09T12:33:00Z,LIGHTLY_ACTIVE,Fitbit App
2024-07-09T12:34:00Z,SEDENTARY,Fitbit App
2024-07-09T12:35:00Z,SEDENTARY,Fitbit App
2024-07-09T12:36:00Z,SEDENTARY,Fitbit App
2024-07-09T12:37:00Z,SEDENTARY,Fitbit App
2024-07-09T12:38:00Z,LIGHTLY_ACTIVE,Fitbit App
2024-07-09T12:39:00Z,LIGHTLY_ACTIVE,Fitbit App
2024-07-09T12:40:00Z,SEDENTARY,Fitbit App
2024-07-09T12:41:00Z,SEDENTARY,Fitbit App
2024-07-09T12:42:00Z,SEDENTARY,Fitbit App
2024-07-09T12:43:00Z,LIGHTLY_ACTIVE,Fitbit App
2024-07-09T12:44:00Z,SEDENTARY,Fitbit App
2024-07-09T12:45:00Z,SEDENTARY,Fitbit App
2024-07-09T12:46:00Z,SEDENTARY,Fitbit App
2024-07-09T12:48:00Z,SEDENTARY,Fitbit App
2024-07-09T12:49:00Z,SEDENTARY,Fitbit App
2024-07-09T12:50:00Z,SEDENTARY,Fitbit App
2024-07-09T12:52:00Z,SEDENTARY,Fitbit App
2024-07-09T12:53:00Z,SEDENTARY,Fitbit App
2024-07-09T12:54:00Z,SEDENTARY,Fitbit App
2024-07-09T12:55:00Z,SEDENTARY,Fitbit App
2024-07-09T12:56:00Z,SEDENTARY,Fitbit App
2024-07-09T12:57:00Z,SEDENTARY,Fitbit App
2024-07-09T12:58:00Z,SEDENTARY,Fitbit App
2024-07-09T12:59:00Z,SEDENTARY,Fitbit App
2024-07-09T13:00:00Z,SEDENTARY,Fitbit App
2024-07-09T13:01:00Z,SEDENTARY,Fitbit App
2024-07-09T13:02:00Z,SEDENTARY,Fitbit App
2024-07-09T13:03:00Z,SEDENTARY,Fitbit App
2024-07-09T13:04:00Z,SEDENTARY,Fitbit App
2024-07-09T13:05:00Z,SEDENTARY,Fitbit App
2024-07-09T13:06:00Z,SEDENTARY,Fitbit App
2024-07-09T13:08:00Z,SEDENTARY,Fitbit App
2024-07-09T13:09:00Z,SEDENTARY,Fitbit App
2024-07-09T13:10:00Z,SEDENTARY,Fitbit App
2024-07-09T13:11:00Z,SEDENTARY,Fitbit App
2024-07-09T13:12:00Z,SEDENTARY,Fitbit App
2024-07-09T13:13:00Z,SEDENTARY,Fitbit App
2024-07-09T13:14:00Z,SEDENTARY,Fitbit App
2024-07-09T13:15:00Z,SEDENTARY,Fitbit App
2024-07-09T13:16:00Z,SEDENTARY,Fitbit App
2024-07-09T13:17:00Z,SEDENTARY,Fitbit App
2024-07-09T13:18:00Z,SEDENTARY,Fitbit App
2024-07-09T13:19:00Z,SEDENTARY,Fitbit App
2024-07-09T13:20:00Z,SEDENTARY,Fitbit App
2024-07-09T13:21:00Z,SEDENTARY,Fitbit App
2024-07-09T13:22:00Z,SEDENTARY,Fitbit App
2024-07-09T13:23:00Z,SEDENTARY,Fitbit App
2024-07-09T13:24:00Z,SEDENTARY,Fitbit App
2024-07-09T13:25:00Z,SEDENTARY,Fitbit App
2024-07-09T13:26:00Z,SEDENTARY,Fitbit App
2024-07-09T13:27:00Z,SEDENTARY,Fitbit App
2024-07-09T13:28:00Z,SEDENTARY,Fitbit App
2024-07-09T13:29:00Z,SEDENTARY,Fitbit App
2024-07-09T13:30:00Z,SEDENTARY,Fitbit App
2024-07-09T13:31:00Z,SEDENTARY,Fitbit App
2024-07-09T13:32:00Z,SEDENTARY,Fitbit App
2024-07-09T13:33:00Z,SEDENTARY,Fitbit App
2024-07-09T13:34:00Z,SEDENTARY,Fitbit App
2024-07-09T13:35:00Z,SEDENTARY,Fitbit App
2024-07-09T13:36:00Z,SEDENTARY,Fitbit App
2024-07-09T13:37:00Z,SEDENTARY,Fitbit App
2024-07-09T13:38:00Z,SEDENTARY,Fitbit App
2024-07-09T13:39:00Z,SEDENTARY,Fitbit App
2024-07-09T13:40:00Z,SEDENTARY,Fitbit App
2024-07-09T13:41:00Z,SEDENTARY,Fitbit App
2024-07-09T13:42:00Z,LIGHTLY_ACTIVE,Fitbit App
2024-07-09T13:43:00Z,LIGHTLY_ACTIVE,Fitbit App
2024-07-09T13:44:00Z,MODERATELY_ACTIVE,Fitbit App
2024-07-09T13:45:00Z,SEDENTARY,Fitbit App
2024-07-09T13:46:00Z,SEDENTARY,Fitbit App
2024-07-09T13:47:00Z,SEDENTARY,Fitbit App
2024-07-09T13:48:00Z,SEDENTARY,Fitbit App
2024-07-09T13:49:00Z,SEDENTARY,Fitbit App
2024-07-09T13:50:00Z,SEDENTARY,Fitbit App
2024-07-09T13:51:00Z,SEDENTARY,Fitbit App
2024-07-09T13:52:00Z,SEDENTARY,Fitbit App
2024-07-09T13:53:00Z,SEDENTARY,Fitbit App
2024-07-09T13:54:00Z,SEDENTARY,Fitbit App
2024-07-09T13:55:00Z,SEDENTARY,Fitbit App
2024-07-09T13:57:00Z,SEDENTARY,Fitbit App
2024-07-09T13:58:00Z,SEDENTARY,Fitbit App
2024-07-09T13:59:00Z,SEDENTARY,Fitbit App
2024-07-09T14:00:00Z,SEDENTARY,Fitbit App
2024-07-09T14:01:00Z,SEDENTARY,Fitbit App
2024-07-09T14:02:00Z,SEDENTARY,Fitbit App
2024-07-09T14:03:00Z,SEDENTARY,Fitbit App
2024-07-09T14:04:00Z,SEDENTARY,Fitbit App
2024-07-09T14:05:00Z,SEDENTARY,Fitbit App
2024-07-09T14:06:00Z,LIGHTLY_ACTIVE,Fitbit App
2024-07-09T14:07:00Z,SEDENTARY,Fitbit App
2024-07-09T14:08:00Z,LIGHTLY_ACTIVE,Fitbit App
2024-07-09T14:09:00Z,SEDENTARY,Fitbit App
2024-07-09T14:10:00Z,LIGHTLY_ACTIVE,Fitbit App
2024-07-09T14:11:00Z,LIGHTLY_ACTIVE,Fitbit App
2024-07-09T14:12:00Z,SEDENTARY,Fitbit App
2024-07-09T14:13:00Z,SEDENTARY,Fitbit App
2024-07-09T14:14:00Z,LIGHTLY_ACTIVE,Fitbit App
2024-07-09T14:15:00Z,LIGHTLY_ACTIVE,Fitbit App
2024-07-09T14:16:00Z,LIGHTLY_ACTIVE,Fitbit App
2024-07-09T14:17:00Z,SEDENTARY,Fitbit App
2024-07-09T14:18:00Z,SEDENTARY,Fitbit App
2024-07-09T14:19:00Z,SEDENTARY,Fitbit App
2024-07-09T14:20:00Z,SEDENTARY,Fitbit App
2024-07-09T14:21:00Z,SEDENTARY,Fitbit App
2024-07-09T14:22:00Z,LIGHTLY_ACTIVE,Fitbit App
2024-07-09T14:23:00Z,SEDENTARY,Fitbit App
2024-07-09T14:24:00Z,LIGHTLY_ACTIVE,Fitbit App
2024-07-09T14:25:00Z,LIGHTLY_ACTIVE,Fitbit App
2024-07-09T14:26:00Z,LIGHTLY_ACTIVE,Fitbit App
2024-07-09T14:27:00Z,LIGHTLY_ACTIVE,Fitbit App
2024-07-09T14:28:00Z,LIGHTLY_ACTIVE,Fitbit App
2024-07-09T14:29:00Z,SEDENTARY,Fitbit App
2024-07-09T14:30:00Z,SEDENTARY,Fitbit App
2024-07-09T14:31:00Z,LIGHTLY_ACTIVE,Fitbit App
2024-07-09T14:32:00Z,LIGHTLY_ACTIVE,Fitbit App
2024-07-09T14:33:00Z,LIGHTLY_ACTIVE,Fitbit App
2024-07-09T14:34:00Z,LIGHTLY_ACTIVE,Fitbit App
2024-07-09T14:35:00Z,SEDENTARY,Fitbit App
2024-07-09T14:36:00Z,LIGHTLY_ACTIVE,Fitbit App
2024-07-09T14:37:00Z,SEDENTARY,Fitbit App
2024-07-09T14:38:00Z,SEDENTARY,Fitbit App
2024-07-09T14:39:00Z,SEDENTARY,Fitbit App
2024-07-09T14:40:00Z,SEDENTARY,Fitbit App
2024-07-09T14:41:00Z,LIGHTLY_ACTIVE,Fitbit App
2024-07-09T14:42:00Z,SEDENTARY,Fitbit App
2024-07-09T14:43:00Z,SEDENTARY,Fitbit App
2024-07-09T14:44:00Z,MODERATELY_ACTIVE,Fitbit App
2024-07-09T14:45:00Z,SEDENTARY,Fitbit App
2024-07-09T14:46:00Z,LIGHTLY_ACTIVE,Fitbit App
2024-07-09T14:47:00Z,MODERATELY_ACTIVE,Fitbit App
2024-07-09T14:48:00Z,LIGHTLY_ACTIVE,Fitbit App
2024-07-09T14:49:00Z,LIGHTLY_ACTIVE,Fitbit App
2024-07-09T14:50:00Z,LIGHTLY_ACTIVE,Fitbit App
2024-07-09T14:51:00Z,LIGHTLY_ACTIVE,Fitbit App
2024-07-09T14:52:00Z,LIGHTLY_ACTIVE,Fitbit App
2024-07-09T14:53:00Z,LIGHTLY_ACTIVE,Fitbit App
2024-07-09T14:54:00Z,SEDENTARY,Fitbit App
2024-07-09T14:55:00Z,MODERATELY_ACTIVE,Fitbit App
2024-07-09T14:56:00Z,VERY_ACTIVE,Fitbit App
2024-07-09T14:57:00Z,VERY_ACTIVE,Fitbit App
2024-07-09T14:58:00Z,VERY_ACTIVE,Fitbit App
2024-07-09T14:59:00Z,MODERATELY_ACTIVE,Fitbit App
2024-07-09T15:00:00Z,MODERATELY_ACTIVE,Fitbit App
2024-07-09T15:01:00Z,MODERATELY_ACTIVE,Fitbit App
2024-07-09T15:02:00Z,MODERATELY_ACTIVE,Fitbit App
2024-07-09T15:03:00Z,LIGHTLY_ACTIVE,Fitbit App
2024-07-09T15:04:00Z,SEDENTARY,Fitbit App
2024-07-09T15:05:00Z,SEDENTARY,Fitbit App
2024-07-09T15:06:00Z,SEDENTARY,Fitbit App
2024-07-09T15:07:00Z,SEDENTARY,Fitbit App
2024-07-09T15:08:00Z,SEDENTARY,Fitbit App
2024-07-09T15:09:00Z,SEDENTARY,Fitbit App
2024-07-09T15:10:00Z,SEDENTARY,Fitbit App
2024-07-09T15:11:00Z,SEDENTARY,Fitbit App
2024-07-09T15:12:00Z,SEDENTARY,Fitbit App
2024-07-09T15:13:00Z,SEDENTARY,Fitbit App
2024-07-09T15:14:00Z,SEDENTARY,Fitbit App
2024-07-09T15:15:00Z,LIGHTLY_ACTIVE,Fitbit App
2024-07-09T15:16:00Z,LIGHTLY_ACTIVE,Fitbit App
2024-07-09T15:17:00Z,SEDENTARY,Fitbit App
2024-07-09T15:18:00Z,SEDENTARY,Fitbit App
2024-07-09T15:19:00Z,SEDENTARY,Fitbit App
2024-07-09T15:20:00Z,SEDENTARY,Fitbit App
2024-07-09T15:21:00Z,SEDENTARY,Fitbit App
2024-07-09T15:22:00Z,SEDENTARY,Fitbit App
2024-07-09T15:23:00Z,SEDENTARY,Fitbit App
2024-07-09T15:24:00Z,SEDENTARY,Fitbit App
2024-07-09T15:25:00Z,SEDENTARY,Fitbit App
2024-07-09T15:26:00Z,SEDENTARY,Fitbit App
2024-07-09T15:27:00Z,LIGHTLY_ACTIVE,Fitbit App
2024-07-09T15:28:00Z,MODERATELY_ACTIVE,Fitbit App
2024-07-09T15:29:00Z,LIGHTLY_ACTIVE,Fitbit App
2024-07-09T15:30:00Z,LIGHTLY_ACTIVE,Fitbit App
2024-07-09T15:31:00Z,LIGHTLY_ACTIVE,Fitbit App
2024-07-09T15:32:00Z,SEDENTARY,Fitbit App
2024-07-09T15:33:00Z,SEDENTARY,Fitbit App
2024-07-09T15:34:00Z,LIGHTLY_ACTIVE,Fitbit App
2024-07-09T15:35:00Z,VERY_ACTIVE,Fitbit App
2024-07-09T15:36:00Z,MODERATELY_ACTIVE,Fitbit App
2024-07-09T15:37:00Z,VERY_ACTIVE,Fitbit App
2024-07-09T15:38:00Z,MODERATELY_ACTIVE,Fitbit App
2024-07-09T15:39:00Z,MODERATELY_ACTIVE,Fitbit App
2024-07-09T15:40:00Z,VERY_ACTIVE,Fitbit App
2024-07-09T15:41:00Z,VERY_ACTIVE,Fitbit App
2024-07-09T15:42:00Z,MODERATELY_ACTIVE,Fitbit App
2024-07-09T15:43:00Z,MODERATELY_ACTIVE,Fitbit App
2024-07-09T15:44:00Z,MODERATELY_ACTIVE,Fitbit App
2024-07-09T15:45:00Z,LIGHTLY_ACTIVE,Fitbit App
2024-07-09T15:46:00Z,MODERATELY_ACTIVE,Fitbit App
2024-07-09T15:47:00Z,VERY_ACTIVE,Fitbit App
2024-07-09T15:48:00Z,VERY_ACTIVE,Fitbit App
2024-07-09T15:49:00Z,VERY_ACTIVE,Fitbit App
2024-07-09T15:50:00Z,VERY_ACTIVE,Fitbit App
2024-07-09T15:51:00Z,VERY_ACTIVE,Fitbit App
2024-07-09T15:52:00Z,VERY_ACTIVE,Fitbit App
2024-07-09T15:53:00Z,MODERATELY_ACTIVE,Fitbit App
2024-07-09T15:54:00Z,MODERATELY_ACTIVE,Fitbit App
2024-07-09T15:55:00Z,MODERATELY_ACTIVE,Fitbit App
2024-07-09T15:56:00Z,MODERATELY_ACTIVE,Fitbit App
2024-07-09T15:57:00Z,MODERATELY_ACTIVE,Fitbit App
2024-07-09T15:58:00Z,LIGHTLY_ACTIVE,Fitbit App
2024-07-09T15:59:00Z,SEDENTARY,Fitbit App
2024-07-09T16:00:00Z,SEDENTARY,Fitbit App
2024-07-09T16:01:00Z,SEDENTARY,Fitbit App
2024-07-09T16:02:00Z,SEDENTARY,Fitbit App
2024-07-09T16:03:00Z,SEDENTARY,Fitbit App
2024-07-09T16:04:00Z,MODERATELY_ACTIVE,Fitbit App
2024-07-09T16:05:00Z,MODERATELY_ACTIVE,Fitbit App
2024-07-09T16:06:00Z,LIGHTLY_ACTIVE,Fitbit App
2024-07-09T16:07:00Z,SEDENTARY,Fitbit App
2024-07-09T16:08:00Z,LIGHTLY_ACTIVE,Fitbit App
2024-07-09T16:09:00Z,SEDENTARY,Fitbit App
2024-07-09T16:10:00Z,LIGHTLY_ACTIVE,Fitbit App
2024-07-09T16:11:00Z,LIGHTLY_ACTIVE,Fitbit App
2024-07-09T16:12:00Z,LIGHTLY_ACTIVE,Fitbit App
2024-07-09T16:13:00Z,VERY_ACTIVE,Fitbit App
2024-07-09T16:14:00Z,VERY_ACTIVE,Fitbit App
2024-07-09T16:15:00Z,VERY_ACTIVE,Fitbit App
2024-07-09T16:16:00Z,VERY_ACTIVE,Fitbit App
2024-07-09T16:17:00Z,VERY_ACTIVE,Fitbit App
2024-07-09T16:18:00Z,VERY_ACTIVE,Fitbit App
2024-07-09T16:19:00Z,VERY_ACTIVE,Fitbit App
2024-07-09T16:20:00Z,VERY_ACTIVE,Fitbit App
2024-07-09T16:21:00Z,VERY_ACTIVE,Fitbit App
2024-07-09T16:22:00Z,MODERATELY_ACTIVE,Fitbit App
2024-07-09T16:23:00Z,MODERATELY_ACTIVE,Fitbit App
2024-07-09T16:24:00Z,MODERATELY_ACTIVE,Fitbit App
2024-07-09T16:25:00Z,VERY_ACTIVE,Fitbit App
2024-07-09T16:26:00Z,VERY_ACTIVE,Fitbit App
2024-07-09T16:27:00Z,MODERATELY_ACTIVE,Fitbit App
2024-07-09T16:28:00Z,MODERATELY_ACTIVE,Fitbit App
2024-07-09T16:29:00Z,VERY_ACTIVE,Fitbit App
2024-07-09T16:30:00Z,VERY_ACTIVE,Fitbit App
2024-07-09T16:31:00Z,MODERATELY_ACTIVE,Fitbit App
2024-07-09T16:32:00Z,MODERATELY_ACTIVE,Fitbit App
2024-07-09T16:33:00Z,LIGHTLY_ACTIVE,Fitbit App
2024-07-09T16:34:00Z,MODERATELY_ACTIVE,Fitbit App
2024-07-09T16:35:00Z,MODERATELY_ACTIVE,Fitbit App
2024-07-09T16:36:00Z,MODERATELY_ACTIVE,Fitbit App
2024-07-09T16:37:00Z,MODERATELY_ACTIVE,Fitbit App
2024-07-09T16:38:00Z,MODERATELY_ACTIVE,Fitbit App
2024-07-09T16:39:00Z,MODERATELY_ACTIVE,Fitbit App
2024-07-09T16:40:00Z,LIGHTLY_ACTIVE,Fitbit App
2024-07-09T16:41:00Z,MODERATELY_ACTIVE,Fitbit App
2024-07-09T16:42:00Z,MODERATELY_ACTIVE,Fitbit App
2024-07-09T16:43:00Z,MODERATELY_ACTIVE,Fitbit App
2024-07-09T16:44:00Z,VERY_ACTIVE,Fitbit App
2024-07-09T16:45:00Z,MODERATELY_ACTIVE,Fitbit App
2024-07-09T16:46:00Z,MODERATELY_ACTIVE,Fitbit App
2024-07-09T16:47:00Z,MODERATELY_ACTIVE,Fitbit App
2024-07-09T16:48:00Z,MODERATELY_ACTIVE,Fitbit App
2024-07-09T16:49:00Z,MODERATELY_ACTIVE,Fitbit App
2024-07-09T16:50:00Z,LIGHTLY_ACTIVE,Fitbit App
2024-07-09T16:51:00Z,VERY_ACTIVE,Fitbit App
2024-07-09T16:52:00Z,VERY_ACTIVE,Fitbit App
2024-07-09T16:53:00Z,VERY_ACTIVE,Fitbit App
2024-07-09T16:54:00Z,VERY_ACTIVE,Fitbit App
2024-07-09T16:55:00Z,LIGHTLY_ACTIVE,Fitbit App
2024-07-09T16:56:00Z,LIGHTLY_ACTIVE,Fitbit App
2024-07-09T16:57:00Z,MODERATELY_ACTIVE,Fitbit App
2024-07-09T16:58:00Z,MODERATELY_ACTIVE,Fitbit App
2024-07-09T16:59:00Z,SEDENTARY,Fitbit App
2024-07-09T17:00:00Z,MODERATELY_ACTIVE,Fitbit App
2024-07-09T17:01:00Z,SEDENTARY,Fitbit App
2024-07-09T17:02:00Z,SEDENTARY,Fitbit App
2024-07-09T17:03:00Z,SEDENTARY,Fitbit App
2024-07-09T17:04:00Z,SEDENTARY,Fitbit App
2024-07-09T17:05:00Z,SEDENTARY,Fitbit App
2024-07-09T17:06:00Z,SEDENTARY,Fitbit App
2024-07-09T17:07:00Z,SEDENTARY,Fitbit App
2024-07-09T17:08:00Z,SEDENTARY,Fitbit App
2024-07-09T17:09:00Z,LIGHTLY_ACTIVE,Fitbit App
2024-07-09T17:10:00Z,SEDENTARY,Fitbit App
2024-07-09T17:11:00Z,SEDENTARY,Fitbit App
2024-07-09T17:12:00Z,SEDENTARY,Fitbit App
2024-07-09T17:13:00Z,MODERATELY_ACTIVE,Fitbit App
2024-07-09T17:14:00Z,SEDENTARY,Fitbit App
2024-07-09T17:15:00Z,SEDENTARY,Fitbit App
2024-07-09T17:16:00Z,LIGHTLY_ACTIVE,Fitbit App
2024-07-09T17:17:00Z,SEDENTARY,Fitbit App
2024-07-09T17:18:00Z,SEDENTARY,Fitbit App
2024-07-09T17:19:00Z,SEDENTARY,Fitbit App
2024-07-09T17:20:00Z,SEDENTARY,Fitbit App
2024-07-09T17:21:00Z,SEDENTARY,Fitbit App
2024-07-09T17:22:00Z,SEDENTARY,Fitbit App
2024-07-09T17:23:00Z,SEDENTARY,Fitbit App
2024-07-09T17:24:00Z,LIGHTLY_ACTIVE,Fitbit App
2024-07-09T17:25:00Z,SEDENTARY,Fitbit App
2024-07-09T17:26:00Z,SEDENTARY,Fitbit App
2024-07-09T17:27:00Z,LIGHTLY_ACTIVE,Fitbit App
2024-07-09T17:28:00Z,SEDENTARY,Fitbit App
2024-07-09T17:29:00Z,SEDENTARY,Fitbit App
2024-07-09T17:30:00Z,SEDENTARY,Fitbit App
2024-07-09T17:31:00Z,SEDENTARY,Fitbit App
2024-07-09T17:32:00Z,SEDENTARY,Fitbit App
2024-07-09T17:33:00Z,SEDENTARY,Fitbit App
2024-07-09T17:34:00Z,LIGHTLY_ACTIVE,Fitbit App
2024-07-09T17:35:00Z,SEDENTARY,Fitbit App
2024-07-09T17:36:00Z,SEDENTARY,Fitbit App
2024-07-09T17:37:00Z,SEDENTARY,Fitbit App
2024-07-09T17:38:00Z,SEDENTARY,Fitbit App
2024-07-09T17:39:00Z,SEDENTARY,Fitbit App
2024-07-09T17:40:00Z,SEDENTARY,Fitbit App
2024-07-09T17:41:00Z,SEDENTARY,Fitbit App
2024-07-09T17:42:00Z,SEDENTARY,Fitbit App
2024-07-09T17:43:00Z,SEDENTARY,Fitbit App
2024-07-09T17:44:00Z,SEDENTARY,Fitbit App
2024-07-09T17:45:00Z,SEDENTARY,Fitbit App
2024-07-09T17:46:00Z,MODERATELY_ACTIVE,Fitbit App
2024-07-09T17:47:00Z,MODERATELY_ACTIVE,Fitbit App
2024-07-09T17:48:00Z,MODERATELY_ACTIVE,Fitbit App
2024-07-09T17:49:00Z,MODERATELY_ACTIVE,Fitbit App
2024-07-09T17:50:00Z,MODERATELY_ACTIVE,Fitbit App
2024-07-09T17:51:00Z,VERY_ACTIVE,Fitbit App
2024-07-09T17:52:00Z,VERY_ACTIVE,Fitbit App
2024-07-09T17:53:00Z,MODERATELY_ACTIVE,Fitbit App
2024-07-09T17:54:00Z,MODERATELY_ACTIVE,Fitbit App
2024-07-09T17:55:00Z,MODERATELY_ACTIVE,Fitbit App
2024-07-09T17:56:00Z,MODERATELY_ACTIVE,Fitbit App
2024-07-09T17:57:00Z,VERY_ACTIVE,Fitbit App
2024-07-09T17:58:00Z,MODERATELY_ACTIVE,Fitbit App
2024-07-09T17:59:00Z,VERY_ACTIVE,Fitbit App
2024-07-09T18:00:00Z,VERY_ACTIVE,Fitbit App
2024-07-09T18:01:00Z,MODERATELY_ACTIVE,Fitbit App
2024-07-09T18:02:00Z,MODERATELY_ACTIVE,Fitbit App
2024-07-09T18:03:00Z,MODERATELY_ACTIVE,Fitbit App
2024-07-09T18:04:00Z,VERY_ACTIVE,Fitbit App
2024-07-09T18:05:00Z,MODERATELY_ACTIVE,Fitbit App
2024-07-09T18:06:00Z,MODERATELY_ACTIVE,Fitbit App
2024-07-09T18:07:00Z,VERY_ACTIVE,Fitbit App
2024-07-09T18:08:00Z,MODERATELY_ACTIVE,Fitbit App
2024-07-09T18:09:00Z,MODERATELY_ACTIVE,Fitbit App
2024-07-09T18:10:00Z,MODERATELY_ACTIVE,Fitbit App
2024-07-09T18:11:00Z,MODERATELY_ACTIVE,Fitbit App
2024-07-09T18:12:00Z,MODERATELY_ACTIVE,Fitbit App
2024-07-09T18:13:00Z,MODERATELY_ACTIVE,Fitbit App
2024-07-09T18:14:00Z,MODERATELY_ACTIVE,Fitbit App
2024-07-09T18:15:00Z,MODERATELY_ACTIVE,Fitbit App
2024-07-09T18:16:00Z,SEDENTARY,Fitbit App
2024-07-09T18:17:00Z,MODERATELY_ACTIVE,Fitbit App
2024-07-09T18:18:00Z,SEDENTARY,Fitbit App
2024-07-09T18:19:00Z,SEDENTARY,Fitbit App
2024-07-09T18:20:00Z,SEDENTARY,Fitbit App
2024-07-09T18:21:00Z,SEDENTARY,Fitbit App
2024-07-09T18:22:00Z,SEDENTARY,Fitbit App
2024-07-09T18:23:00Z,SEDENTARY,Fitbit App
2024-07-09T18:24:00Z,SEDENTARY,Fitbit App
2024-07-09T18:25:00Z,SEDENTARY,Fitbit App
2024-07-09T18:26:00Z,LIGHTLY_ACTIVE,Fitbit App
2024-07-09T18:27:00Z,LIGHTLY_ACTIVE,Fitbit App
2024-07-09T18:28:00Z,LIGHTLY_ACTIVE,Fitbit App
2024-07-09T18:29:00Z,LIGHTLY_ACTIVE,Fitbit App
2024-07-09T18:30:00Z,LIGHTLY_ACTIVE,Fitbit App
2024-07-09T18:31:00Z,SEDENTARY,Fitbit App
2024-07-09T18:32:00Z,LIGHTLY_ACTIVE,Fitbit App
2024-07-09T18:33:00Z,SEDENTARY,Fitbit App
2024-07-09T18:34:00Z,SEDENTARY,Fitbit App
2024-07-09T18:35:00Z,SEDENTARY,Fitbit App
2024-07-09T18:36:00Z,LIGHTLY_ACTIVE,Fitbit App
2024-07-09T18:37:00Z,SEDENTARY,Fitbit App
2024-07-09T18:38:00Z,LIGHTLY_ACTIVE,Fitbit App
2024-07-09T18:39:00Z,SEDENTARY,Fitbit App
2024-07-09T18:40:00Z,SEDENTARY,Fitbit App
2024-07-09T18:41:00Z,SEDENTARY,Fitbit App
2024-07-09T18:42:00Z,LIGHTLY_ACTIVE,Fitbit App
2024-07-09T18:43:00Z,MODERATELY_ACTIVE,Fitbit App
2024-07-09T18:44:00Z,LIGHTLY_ACTIVE,Fitbit App
2024-07-09T18:45:00Z,SEDENTARY,Fitbit App
2024-07-09T18:46:00Z,LIGHTLY_ACTIVE,Fitbit App
2024-07-09T18:47:00Z,SEDENTARY,Fitbit App
2024-07-09T18:48:00Z,SEDENTARY,Fitbit App
2024-07-09T18:49:00Z,SEDENTARY,Fitbit App
2024-07-09T18:50:00Z,SEDENTARY,Fitbit App
2024-07-09T18:51:00Z,LIGHTLY_ACTIVE,Fitbit App
2024-07-09T18:52:00Z,SEDENTARY,Fitbit App
2024-07-09T18:53:00Z,LIGHTLY_ACTIVE,Fitbit App
2024-07-09T18:54:00Z,LIGHTLY_ACTIVE,Fitbit App
2024-07-09T18:55:00Z,SEDENTARY,Fitbit App
2024-07-09T18:56:00Z,SEDENTARY,Fitbit App
2024-07-09T18:57:00Z,SEDENTARY,Fitbit App
2024-07-09T18:58:00Z,SEDENTARY,Fitbit App
2024-07-09T18:59:00Z,LIGHTLY_ACTIVE,Fitbit App
2024-07-09T19:00:00Z,SEDENTARY,Fitbit App
2024-07-09T19:01:00Z,SEDENTARY,Fitbit App
2024-07-09T19:02:00Z,SEDENTARY,Fitbit App
2024-07-09T19:03:00Z,SEDENTARY,Fitbit App
2024-07-09T19:04:00Z,LIGHTLY_ACTIVE,Fitbit App
2024-07-09T19:05:00Z,SEDENTARY,Fitbit App
2024-07-09T19:06:00Z,SEDENTARY,Fitbit App
2024-07-09T19:07:00Z,SEDENTARY,Fitbit App
2024-07-09T19:08:00Z,SEDENTARY,Fitbit App
2024-07-09T19:09:00Z,LIGHTLY_ACTIVE,Fitbit App
2024-07-09T19:10:00Z,SEDENTARY,Fitbit App
2024-07-09T19:11:00Z,SEDENTARY,Fitbit App
2024-07-09T19:12:00Z,LIGHTLY_ACTIVE,Fitbit App
2024-07-09T19:13:00Z,SEDENTARY,Fitbit App
2024-07-09T19:14:00Z,LIGHTLY_ACTIVE,Fitbit App
2024-07-09T19:15:00Z,SEDENTARY,Fitbit App
2024-07-09T19:16:00Z,SEDENTARY,Fitbit App
2024-07-09T19:17:00Z,MODERATELY_ACTIVE,Fitbit App
2024-07-09T19:18:00Z,SEDENTARY,Fitbit App
2024-07-09T19:19:00Z,MODERATELY_ACTIVE,Fitbit App
2024-07-09T19:20:00Z,SEDENTARY,Fitbit App
2024-07-09T19:21:00Z,LIGHTLY_ACTIVE,Fitbit App
2024-07-09T19:22:00Z,MODERATELY_ACTIVE,Fitbit App
2024-07-09T19:23:00Z,VERY_ACTIVE,Fitbit App
2024-07-09T19:24:00Z,MODERATELY_ACTIVE,Fitbit App
2024-07-09T19:25:00Z,MODERATELY_ACTIVE,Fitbit App
2024-07-09T19:26:00Z,MODERATELY_ACTIVE,Fitbit App
2024-07-09T19:27:00Z,MODERATELY_ACTIVE,Fitbit App
2024-07-09T19:28:00Z,MODERATELY_ACTIVE,Fitbit App
2024-07-09T19:29:00Z,MODERATELY_ACTIVE,Fitbit App
2024-07-09T19:30:00Z,MODERATELY_ACTIVE,Fitbit App
2024-07-09T19:31:00Z,MODERATELY_ACTIVE,Fitbit App
2024-07-09T19:32:00Z,MODERATELY_ACTIVE,Fitbit App
2024-07-09T19:33:00Z,MODERATELY_ACTIVE,Fitbit App
2024-07-09T19:34:00Z,VERY_ACTIVE,Fitbit App
2024-07-09T19:35:00Z,VERY_ACTIVE,Fitbit App
2024-07-09T19:36:00Z,VERY_ACTIVE,Fitbit App
2024-07-09T19:37:00Z,MODERATELY_ACTIVE,Fitbit App
2024-07-09T19:38:00Z,VERY_ACTIVE,Fitbit App
2024-07-09T19:39:00Z,MODERATELY_ACTIVE,Fitbit App
2024-07-09T19:40:00Z,LIGHTLY_ACTIVE,Fitbit App
2024-07-09T19:41:00Z,MODERATELY_ACTIVE,Fitbit App
2024-07-09T19:42:00Z,MODERATELY_ACTIVE,Fitbit App
2024-07-09T19:43:00Z,LIGHTLY_ACTIVE,Fitbit App
2024-07-09T19:44:00Z,SEDENTARY,Fitbit App
2024-07-09T19:45:00Z,LIGHTLY_ACTIVE,Fitbit App
2024-07-09T19:46:00Z,MODERATELY_ACTIVE,Fitbit App
2024-07-09T19:47:00Z,MODERATELY_ACTIVE,Fitbit App
2024-07-09T19:48:00Z,MODERATELY_ACTIVE,Fitbit App
2024-07-09T19:49:00Z,MODERATELY_ACTIVE,Fitbit App
2024-07-09T19:50:00Z,MODERATELY_ACTIVE,Fitbit App
2024-07-09T19:51:00Z,SEDENTARY,Fitbit App
2024-07-09T19:52:00Z,SEDENTARY,Fitbit App
2024-07-09T19:53:00Z,SEDENTARY,Fitbit App
2024-07-09T19:54:00Z,SEDENTARY,Fitbit App
2024-07-09T19:55:00Z,SEDENTARY,Fitbit App
2024-07-09T19:56:00Z,SEDENTARY,Fitbit App
2024-07-09T19:57:00Z,SEDENTARY,Fitbit App
2024-07-09T19:58:00Z,SEDENTARY,Fitbit App
2024-07-09T19:59:00Z,LIGHTLY_ACTIVE,Fitbit App
2024-07-09T20:00:00Z,SEDENTARY,Fitbit App
2024-07-09T20:01:00Z,SEDENTARY,Fitbit App
2024-07-09T20:02:00Z,SEDENTARY,Fitbit App
2024-07-09T20:03:00Z,MODERATELY_ACTIVE,Fitbit App
2024-07-09T20:04:00Z,MODERATELY_ACTIVE,Fitbit App
2024-07-09T20:05:00Z,VERY_ACTIVE,Fitbit App
2024-07-09T20:06:00Z,VERY_ACTIVE,Fitbit App
2024-07-09T20:07:00Z,MODERATELY_ACTIVE,Fitbit App
2024-07-09T20:08:00Z,MODERATELY_ACTIVE,Fitbit App
2024-07-09T20:09:00Z,LIGHTLY_ACTIVE,Fitbit App
2024-07-09T20:10:00Z,MODERATELY_ACTIVE,Fitbit App
2024-07-09T20:11:00Z,SEDENTARY,Fitbit App
2024-07-09T20:12:00Z,SEDENTARY,Fitbit App
2024-07-09T20:13:00Z,SEDENTARY,Fitbit App
2024-07-09T20:14:00Z,SEDENTARY,Fitbit App
2024-07-09T20:15:00Z,SEDENTARY,Fitbit App
2024-07-09T20:16:00Z,SEDENTARY,Fitbit App
2024-07-09T20:17:00Z,LIGHTLY_ACTIVE,Fitbit App
2024-07-09T20:18:00Z,VERY_ACTIVE,Fitbit App
2024-07-09T20:19:00Z,MODERATELY_ACTIVE,Fitbit App
2024-07-09T20:20:00Z,VERY_ACTIVE,Fitbit App
2024-07-09T20:21:00Z,MODERATELY_ACTIVE,Fitbit App
2024-07-09T20:22:00Z,MODERATELY_ACTIVE,Fitbit App
2024-07-09T20:23:00Z,SEDENTARY,Fitbit App
2024-07-09T20:24:00Z,LIGHTLY_ACTIVE,Fitbit App
2024-07-09T20:25:00Z,VERY_ACTIVE,Fitbit App
2024-07-09T20:26:00Z,VERY_ACTIVE,Fitbit App
2024-07-09T20:27:00Z,MODERATELY_ACTIVE,Fitbit App
2024-07-09T20:28:00Z,MODERATELY_ACTIVE,Fitbit App
2024-07-09T20:29:00Z,SEDENTARY,Fitbit App
2024-07-09T20:30:00Z,SEDENTARY,Fitbit App
2024-07-09T20:31:00Z,SEDENTARY,Fitbit App
2024-07-09T20:32:00Z,SEDENTARY,Fitbit App
2024-07-09T20:33:00Z,SEDENTARY,Fitbit App
2024-07-09T20:34:00Z,SEDENTARY,Fitbit App
2024-07-09T20:35:00Z,SEDENTARY,Fitbit App
2024-07-09T20:36:00Z,SEDENTARY,Fitbit App
2024-07-09T20:37:00Z,SEDENTARY,Fitbit App
2024-07-09T20:38:00Z,SEDENTARY,Fitbit App
2024-07-09T20:39:00Z,SEDENTARY,Fitbit App
2024-07-09T20:40:00Z,SEDENTARY,Fitbit App
2024-07-09T20:41:00Z,LIGHTLY_ACTIVE,Fitbit App
2024-07-09T20:42:00Z,LIGHTLY_ACTIVE,Fitbit App
2024-07-09T20:43:00Z,MODERATELY_ACTIVE,Fitbit App
2024-07-09T20:44:00Z,MODERATELY_ACTIVE,Fitbit App
2024-07-09T20:45:00Z,MODERATELY_ACTIVE,Fitbit App
2024-07-09T20:46:00Z,SEDENTARY,Fitbit App
2024-07-09T20:47:00Z,SEDENTARY,Fitbit App
2024-07-09T20:48:00Z,SEDENTARY,Fitbit App
2024-07-09T20:53:00Z,SEDENTARY,Fitbit App
2024-07-09T20:56:00Z,SEDENTARY,Fitbit App
2024-07-09T20:57:00Z,SEDENTARY,Fitbit App
2024-07-09T20:58:00Z,SEDENTARY,Fitbit App
2024-07-09T21:00:00Z,SEDENTARY,Fitbit App
2024-07-09T21:01:00Z,SEDENTARY,Fitbit App
2024-07-09T21:02:00Z,SEDENTARY,Fitbit App
2024-07-09T21:03:00Z,SEDENTARY,Fitbit App
2024-07-09T21:04:00Z,SEDENTARY,Fitbit App
2024-07-09T21:05:00Z,SEDENTARY,Fitbit App
2024-07-09T21:06:00Z,SEDENTARY,Fitbit App
2024-07-09T21:07:00Z,SEDENTARY,Fitbit App
2024-07-09T21:08:00Z,SEDENTARY,Fitbit App
2024-07-09T21:09:00Z,SEDENTARY,Fitbit App
2024-07-09T21:10:00Z,SEDENTARY,Fitbit App
2024-07-09T21:11:00Z,SEDENTARY,Fitbit App
2024-07-09T21:12:00Z,LIGHTLY_ACTIVE,Fitbit App
2024-07-09T21:13:00Z,SEDENTARY,Fitbit App
2024-07-09T21:14:00Z,SEDENTARY,Fitbit App
2024-07-09T21:15:00Z,SEDENTARY,Fitbit App
2024-07-09T21:16:00Z,SEDENTARY,Fitbit App
2024-07-09T21:17:00Z,SEDENTARY,Fitbit App
2024-07-09T21:18:00Z,SEDENTARY,Fitbit App
2024-07-09T21:19:00Z,SEDENTARY,Fitbit App
2024-07-09T21:20:00Z,SEDENTARY,Fitbit App
2024-07-09T21:21:00Z,SEDENTARY,Fitbit App
2024-07-09T21:22:00Z,SEDENTARY,Fitbit App
2024-07-09T21:23:00Z,SEDENTARY,Fitbit App
2024-07-09T21:24:00Z,SEDENTARY,Fitbit App
2024-07-09T21:25:00Z,SEDENTARY,Fitbit App
2024-07-09T21:26:00Z,SEDENTARY,Fitbit App
2024-07-09T21:27:00Z,SEDENTARY,Fitbit App
2024-07-09T21:28:00Z,SEDENTARY,Fitbit App
2024-07-09T21:29:00Z,SEDENTARY,Fitbit App
2024-07-09T21:31:00Z,SEDENTARY,Fitbit App
2024-07-09T21:32:00Z,SEDENTARY,Fitbit App
2024-07-09T21:33:00Z,SEDENTARY,Fitbit App
2024-07-09T21:37:00Z,SEDENTARY,Fitbit App
2024-07-09T21:38:00Z,SEDENTARY,Fitbit App
2024-07-09T21:39:00Z,SEDENTARY,Fitbit App
2024-07-09T21:40:00Z,SEDENTARY,Fitbit App
2024-07-09T21:41:00Z,SEDENTARY,Fitbit App
2024-07-09T21:42:00Z,SEDENTARY,Fitbit App
2024-07-09T21:43:00Z,SEDENTARY,Fitbit App
2024-07-09T21:48:00Z,SEDENTARY,Fitbit App
2024-07-09T21:49:00Z,SEDENTARY,Fitbit App
2024-07-09T21:50:00Z,SEDENTARY,Fitbit App
2024-07-09T21:56:00Z,SEDENTARY,Fitbit App
2024-07-09T22:00:00Z,SEDENTARY,Fitbit App
2024-07-09T22:01:00Z,LIGHTLY_ACTIVE,Fitbit App
2024-07-09T22:02:00Z,LIGHTLY_ACTIVE,Fitbit App
2024-07-09T22:03:00Z,SEDENTARY,Fitbit App
2024-07-09T22:04:00Z,SEDENTARY,Fitbit App
2024-07-09T22:05:00Z,SEDENTARY,Fitbit App
2024-07-09T22:06:00Z,SEDENTARY,Fitbit App
2024-07-09T22:07:00Z,SEDENTARY,Fitbit App
2024-07-09T22:08:00Z,SEDENTARY,Fitbit App
2024-07-09T22:09:00Z,SEDENTARY,Fitbit App
2024-07-09T22:10:00Z,SEDENTARY,Fitbit App
2024-07-09T22:11:00Z,SEDENTARY,Fitbit App
2024-07-09T22:12:00Z,SEDENTARY,Fitbit App
2024-07-09T22:13:00Z,SEDENTARY,Fitbit App
2024-07-09T22:14:00Z,SEDENTARY,Fitbit App
2024-07-09T22:15:00Z,SEDENTARY,Fitbit App
2024-07-09T22:16:00Z,SEDENTARY,Fitbit App
2024-07-09T22:17:00Z,SEDENTARY,Fitbit App
2024-07-09T22:18:00Z,SEDENTARY,Fitbit App
2024-07-09T22:19:00Z,SEDENTARY,Fitbit App
2024-07-09T22:20:00Z,SEDENTARY,Fitbit App
2024-07-09T22:21:00Z,SEDENTARY,Fitbit App
2024-07-09T22:22:00Z,SEDENTARY,Fitbit App
2024-07-09T22:23:00Z,SEDENTARY,Fitbit App
2024-07-09T22:24:00Z,SEDENTARY,Fitbit App
2024-07-09T22:25:00Z,SEDENTARY,Fitbit App
2024-07-09T22:26:00Z,SEDENTARY,Fitbit App
2024-07-09T22:27:00Z,SEDENTARY,Fitbit App
2024-07-09T22:28:00Z,SEDENTARY,Fitbit App
2024-07-09T22:29:00Z,SEDENTARY,Fitbit App
2024-07-09T22:30:00Z,SEDENTARY,Fitbit App
2024-07-09T22:31:00Z,SEDENTARY,Fitbit App
2024-07-09T22:32:00Z,SEDENTARY,Fitbit App
2024-07-09T22:33:00Z,SEDENTARY,Fitbit App
2024-07-09T22:34:00Z,SEDENTARY,Fitbit App
2024-07-09T22:35:00Z,SEDENTARY,Fitbit App
2024-07-09T22:36:00Z,SEDENTARY,Fitbit App
2024-07-09T22:37:00Z,SEDENTARY,Fitbit App
2024-07-09T22:38:00Z,SEDENTARY,Fitbit App
2024-07-09T22:39:00Z,SEDENTARY,Fitbit App
2024-07-09T22:40:00Z,SEDENTARY,Fitbit App
2024-07-09T22:41:00Z,SEDENTARY,Fitbit App
2024-07-09T22:42:00Z,SEDENTARY,Fitbit App
2024-07-09T22:43:00Z,SEDENTARY,Fitbit App
2024-07-09T22:44:00Z,SEDENTARY,Fitbit App
2024-07-09T22:45:00Z,SEDENTARY,Fitbit App
2024-07-09T22:46:00Z,SEDENTARY,Fitbit App
2024-07-09T22:47:00Z,SEDENTARY,Fitbit App
2024-07-09T22:48:00Z,SEDENTARY,Fitbit App
2024-07-09T22:50:00Z,SEDENTARY,Fitbit App
2024-07-09T22:51:00Z,LIGHTLY_ACTIVE,Fitbit App
2024-07-09T22:52:00Z,LIGHTLY_ACTIVE,Fitbit App
2024-07-09T22:53:00Z,SEDENTARY,Fitbit App
2024-07-09T22:54:00Z,SEDENTARY,Fitbit App
2024-07-09T22:55:00Z,SEDENTARY,Fitbit App
2024-07-09T22:56:00Z,SEDENTARY,Fitbit App
2024-07-09T22:57:00Z,SEDENTARY,Fitbit App
2024-07-09T22:58:00Z,SEDENTARY,Fitbit App
2024-07-09T22:59:00Z,SEDENTARY,Fitbit App
2024-07-09T23:00:00Z,SEDENTARY,Fitbit App
2024-07-09T23:01:00Z,SEDENTARY,Fitbit App
2024-07-09T23:02:00Z,SEDENTARY,Fitbit App
2024-07-09T23:03:00Z,SEDENTARY,Fitbit App
2024-07-09T23:04:00Z,SEDENTARY,Fitbit App
2024-07-09T23:05:00Z,SEDENTARY,Fitbit App
2024-07-09T23:06:00Z,SEDENTARY,Fitbit App
2024-07-09T23:07:00Z,SEDENTARY,Fitbit App
2024-07-09T23:08:00Z,SEDENTARY,Fitbit App
2024-07-09T23:09:00Z,SEDENTARY,Fitbit App
2024-07-09T23:11:00Z,SEDENTARY,Fitbit App
2024-07-09T23:12:00Z,SEDENTARY,Fitbit App
2024-07-09T23:13:00Z,SEDENTARY,Fitbit App
2024-07-09T23:14:00Z,SEDENTARY,Fitbit App
2024-07-09T23:16:00Z,SEDENTARY,Fitbit App
2024-07-09T23:17:00Z,SEDENTARY,Fitbit App
2024-07-09T23:18:00Z,SEDENTARY,Fitbit App
2024-07-09T23:19:00Z,SEDENTARY,Fitbit App
2024-07-09T23:21:00Z,SEDENTARY,Fitbit App
2024-07-09T23:22:00Z,LIGHTLY_ACTIVE,Fitbit App
2024-07-09T23:23:00Z,SEDENTARY,Fitbit App
2024-07-09T23:24:00Z,SEDENTARY,Fitbit App
2024-07-09T23:31:00Z,SEDENTARY,Fitbit App
2024-07-09T23:32:00Z,SEDENTARY,Fitbit App
2024-07-09T23:44:00Z,SEDENTARY,Fitbit App
2024-07-09T23:58:00Z,SEDENTARY,Fitbit App
2024-07-10T00:11:00Z,SEDENTARY,Fitbit App
2024-07-10T00:13:00Z,SEDENTARY,Fitbit App
2024-07-10T00:15:00Z,SEDENTARY,Fitbit App
2024-07-10T00:16:00Z,SEDENTARY,Fitbit App
2024-07-10T00:17:00Z,SEDENTARY,Fitbit App
2024-07-10T01:10:00Z,SEDENTARY,Fitbit App
2024-07-10T01:11:00Z,SEDENTARY,Fitbit App
2024-07-10T01:12:00Z,SEDENTARY,Fitbit App
2024-07-10T01:18:00Z,SEDENTARY,Fitbit App
2024-07-10T01:20:00Z,SEDENTARY,Fitbit App
2024-07-10T01:22:00Z,SEDENTARY,Fitbit App
2024-07-10T01:31:00Z,SEDENTARY,Fitbit App
2024-07-10T01:33:00Z,SEDENTARY,Fitbit App
2024-07-10T01:34:00Z,SEDENTARY,Fitbit App
2024-07-10T01:36:00Z,SEDENTARY,Fitbit App
2024-07-10T01:39:00Z,SEDENTARY,Fitbit App
2024-07-10T01:47:00Z,SEDENTARY,Fitbit App
2024-07-10T01:48:00Z,SEDENTARY,Fitbit App
2024-07-10T02:10:00Z,SEDENTARY,Fitbit App
2024-07-10T02:25:00Z,SEDENTARY,Fitbit App
2024-07-10T03:00:00Z,SEDENTARY,Fitbit App
2024-07-10T03:04:00Z,SEDENTARY,Fitbit App
2024-07-10T03:06:00Z,SEDENTARY,Fitbit App
2024-07-10T03:14:00Z,SEDENTARY,Fitbit App
2024-07-10T03:16:00Z,SEDENTARY,Fitbit App
2024-07-10T03:28:00Z,SEDENTARY,Fitbit App
2024-07-10T03:33:00Z,SEDENTARY,Fitbit App
2024-07-10T03:51:00Z,SEDENTARY,Fitbit App
2024-07-10T03:54:00Z,SEDENTARY,Fitbit App
2024-07-10T04:02:00Z,SEDENTARY,Fitbit App
2024-07-10T04:13:00Z,LIGHTLY_ACTIVE,Fitbit App
2024-07-10T04:36:00Z,SEDENTARY,Fitbit App
2024-07-10T04:42:00Z,SEDENTARY,Fitbit App
2024-07-10T04:49:00Z,SEDENTARY,Fitbit App
2024-07-10T04:50:00Z,SEDENTARY,Fitbit App
2024-07-10T04:51:00Z,SEDENTARY,Fitbit App
2024-07-10T05:28:00Z,SEDENTARY,Fitbit App
2024-07-10T05:29:00Z,SEDENTARY,Fitbit App
2024-07-10T05:55:00Z,SEDENTARY,Fitbit App
2024-07-10T06:01:00Z,SEDENTARY,Fitbit App
2024-07-10T06:06:00Z,SEDENTARY,Fitbit App
2024-07-10T06:09:00Z,SEDENTARY,Fitbit App
2024-07-10T06:10:00Z,SEDENTARY,Fitbit App
2024-07-10T06:12:00Z,SEDENTARY,Fitbit App
2024-07-10T06:13:00Z,SEDENTARY,Fitbit App
2024-07-10T06:14:00Z,SEDENTARY,Fitbit App
2024-07-10T06:15:00Z,SEDENTARY,Fitbit App
2024-07-10T06:16:00Z,SEDENTARY,Fitbit App
2024-07-10T06:17:00Z,LIGHTLY_ACTIVE,Fitbit App
2024-07-10T06:18:00Z,LIGHTLY_ACTIVE,Fitbit App
2024-07-10T06:19:00Z,SEDENTARY,Fitbit App
2024-07-10T06:20:00Z,LIGHTLY_ACTIVE,Fitbit App
2024-07-10T06:21:00Z,LIGHTLY_ACTIVE,Fitbit App
2024-07-10T06:22:00Z,SEDENTARY,Fitbit App
2024-07-10T06:23:00Z,LIGHTLY_ACTIVE,Fitbit App
2024-07-10T06:24:00Z,LIGHTLY_ACTIVE,Fitbit App
2024-07-10T06:25:00Z,SEDENTARY,Fitbit App
2024-07-10T06:26:00Z,SEDENTARY,Fitbit App
2024-07-10T06:27:00Z,LIGHTLY_ACTIVE,Fitbit App
2024-07-10T06:28:00Z,SEDENTARY,Fitbit App
2024-07-10T06:29:00Z,SEDENTARY,Fitbit App
2024-07-10T06:30:00Z,SEDENTARY,Fitbit App
2024-07-10T06:32:00Z,SEDENTARY,Fitbit App
2024-07-10T06:33:00Z,SEDENTARY,Fitbit App
2024-07-10T06:34:00Z,SEDENTARY,Fitbit App
2024-07-10T06:36:00Z,SEDENTARY,Fitbit App
2024-07-10T06:37:00Z,SEDENTARY,Fitbit App
2024-07-10T06:38:00Z,SEDENTARY,Fitbit App
2024-07-10T06:39:00Z,SEDENTARY,Fitbit App
2024-07-10T06:40:00Z,SEDENTARY,Fitbit App
2024-07-10T06:42:00Z,SEDENTARY,Fitbit App
2024-07-10T06:43:00Z,SEDENTARY,Fitbit App
2024-07-10T06:44:00Z,SEDENTARY,Fitbit App
2024-07-10T06:45:00Z,SEDENTARY,Fitbit App
2024-07-10T06:46:00Z,SEDENTARY,Fitbit App
2024-07-10T06:47:00Z,SEDENTARY,Fitbit App
2024-07-10T06:48:00Z,LIGHTLY_ACTIVE,Fitbit App
2024-07-10T06:49:00Z,LIGHTLY_ACTIVE,Fitbit App
2024-07-10T06:50:00Z,LIGHTLY_ACTIVE,Fitbit App
2024-07-10T06:51:00Z,LIGHTLY_ACTIVE,Fitbit App
2024-07-10T06:52:00Z,SEDENTARY,Fitbit App
2024-07-10T06:53:00Z,SEDENTARY,Fitbit App
2024-07-10T06:54:00Z,SEDENTARY,Fitbit App
2024-07-10T06:55:00Z,SEDENTARY,Fitbit App
2024-07-10T06:56:00Z,SEDENTARY,Fitbit App
2024-07-10T06:57:00Z,SEDENTARY,Fitbit App
2024-07-10T06:58:00Z,SEDENTARY,Fitbit App
2024-07-10T06:59:00Z,LIGHTLY_ACTIVE,Fitbit App
2024-07-10T07:00:00Z,SEDENTARY,Fitbit App
2024-07-10T07:01:00Z,SEDENTARY,Fitbit App
2024-07-10T07:02:00Z,SEDENTARY,Fitbit App
2024-07-10T07:03:00Z,SEDENTARY,Fitbit App
2024-07-10T07:04:00Z,SEDENTARY,Fitbit App
2024-07-10T07:05:00Z,SEDENTARY,Fitbit App
2024-07-10T07:06:00Z,SEDENTARY,Fitbit App
2024-07-10T07:07:00Z,SEDENTARY,Fitbit App
2024-07-10T07:08:00Z,SEDENTARY,Fitbit App
2024-07-10T07:09:00Z,SEDENTARY,Fitbit App
2024-07-10T07:10:00Z,SEDENTARY,Fitbit App
2024-07-10T07:11:00Z,SEDENTARY,Fitbit App
2024-07-10T07:12:00Z,SEDENTARY,Fitbit App
2024-07-10T07:13:00Z,SEDENTARY,Fitbit App
2024-07-10T07:14:00Z,SEDENTARY,Fitbit App
2024-07-10T07:15:00Z,SEDENTARY,Fitbit App
2024-07-10T07:16:00Z,SEDENTARY,Fitbit App
2024-07-10T07:17:00Z,SEDENTARY,Fitbit App
2024-07-10T07:18:00Z,SEDENTARY,Fitbit App
2024-07-10T07:19:00Z,SEDENTARY,Fitbit App
2024-07-10T07:20:00Z,SEDENTARY,Fitbit App
2024-07-10T07:21:00Z,SEDENTARY,Fitbit App
2024-07-10T07:22:00Z,SEDENTARY,Fitbit App
2024-07-10T07:23:00Z,SEDENTARY,Fitbit App
2024-07-10T07:24:00Z,SEDENTARY,Fitbit App
2024-07-10T07:25:00Z,SEDENTARY,Fitbit App
2024-07-10T07:26:00Z,SEDENTARY,Fitbit App
2024-07-10T07:27:00Z,SEDENTARY,Fitbit App
2024-07-10T07:28:00Z,SEDENTARY,Fitbit App
2024-07-10T07:29:00Z,SEDENTARY,Fitbit App
2024-07-10T07:30:00Z,SEDENTARY,Fitbit App
2024-07-10T07:31:00Z,SEDENTARY,Fitbit App
2024-07-10T07:32:00Z,SEDENTARY,Fitbit App
2024-07-10T07:33:00Z,SEDENTARY,Fitbit App
2024-07-10T07:34:00Z,SEDENTARY,Fitbit App
2024-07-10T07:35:00Z,SEDENTARY,Fitbit App
2024-07-10T07:36:00Z,SEDENTARY,Fitbit App
2024-07-10T07:37:00Z,SEDENTARY,Fitbit App
2024-07-10T07:38:00Z,SEDENTARY,Fitbit App
2024-07-10T07:39:00Z,SEDENTARY,Fitbit App
2024-07-10T07:40:00Z,SEDENTARY,Fitbit App
2024-07-10T07:41:00Z,SEDENTARY,Fitbit App
2024-07-10T07:42:00Z,SEDENTARY,Fitbit App
2024-07-10T07:43:00Z,SEDENTARY,Fitbit App
2024-07-10T07:44:00Z,SEDENTARY,Fitbit App
2024-07-10T07:45:00Z,SEDENTARY,Fitbit App
2024-07-10T07:46:00Z,SEDENTARY,Fitbit App
2024-07-10T07:47:00Z,SEDENTARY,Fitbit App
2024-07-10T07:48:00Z,SEDENTARY,Fitbit App
2024-07-10T07:49:00Z,SEDENTARY,Fitbit App
2024-07-10T07:50:00Z,SEDENTARY,Fitbit App
2024-07-10T07:51:00Z,SEDENTARY,Fitbit App
2024-07-10T07:52:00Z,SEDENTARY,Fitbit App
2024-07-10T07:53:00Z,SEDENTARY,Fitbit App
2024-07-10T07:54:00Z,SEDENTARY,Fitbit App
2024-07-10T07:55:00Z,SEDENTARY,Fitbit App
2024-07-10T07:56:00Z,SEDENTARY,Fitbit App
2024-07-10T07:57:00Z,SEDENTARY,Fitbit App
2024-07-10T07:58:00Z,SEDENTARY,Fitbit App
2024-07-10T07:59:00Z,SEDENTARY,Fitbit App
2024-07-10T08:00:00Z,SEDENTARY,Fitbit App
2024-07-10T08:01:00Z,SEDENTARY,Fitbit App
2024-07-10T08:02:00Z,SEDENTARY,Fitbit App
2024-07-10T08:03:00Z,SEDENTARY,Fitbit App
2024-07-10T08:04:00Z,SEDENTARY,Fitbit App
2024-07-10T08:05:00Z,SEDENTARY,Fitbit App
2024-07-10T08:06:00Z,SEDENTARY,Fitbit App
2024-07-10T08:07:00Z,SEDENTARY,Fitbit App
2024-07-10T08:08:00Z,SEDENTARY,Fitbit App
2024-07-10T08:09:00Z,SEDENTARY,Fitbit App
2024-07-10T08:10:00Z,SEDENTARY,Fitbit App
2024-07-10T08:11:00Z,SEDENTARY,Fitbit App
2024-07-10T08:12:00Z,SEDENTARY,Fitbit App
2024-07-10T08:13:00Z,SEDENTARY,Fitbit App
2024-07-10T08:14:00Z,LIGHTLY_ACTIVE,Fitbit App
2024-07-10T08:15:00Z,LIGHTLY_ACTIVE,Fitbit App
2024-07-10T08:16:00Z,LIGHTLY_ACTIVE,Fitbit App
2024-07-10T08:17:00Z,LIGHTLY_ACTIVE,Fitbit App
2024-07-10T08:18:00Z,MODERATELY_ACTIVE,Fitbit App
2024-07-10T08:19:00Z,LIGHTLY_ACTIVE,Fitbit App
2024-07-10T08:20:00Z,SEDENTARY,Fitbit App
2024-07-10T08:21:00Z,SEDENTARY,Fitbit App
2024-07-10T08:22:00Z,SEDENTARY,Fitbit App
2024-07-10T08:23:00Z,SEDENTARY,Fitbit App
2024-07-10T08:24:00Z,SEDENTARY,Fitbit App
2024-07-10T08:25:00Z,SEDENTARY,Fitbit App
2024-07-10T08:26:00Z,SEDENTARY,Fitbit App
2024-07-10T08:27:00Z,SEDENTARY,Fitbit App
2024-07-10T08:28:00Z,SEDENTARY,Fitbit App
2024-07-10T08:29:00Z,SEDENTARY,Fitbit App
2024-07-10T08:30:00Z,SEDENTARY,Fitbit App
2024-07-10T08:31:00Z,SEDENTARY,Fitbit App
2024-07-10T08:32:00Z,SEDENTARY,Fitbit App
2024-07-10T08:33:00Z,SEDENTARY,Fitbit App
2024-07-10T08:34:00Z,SEDENTARY,Fitbit App
2024-07-10T08:35:00Z,SEDENTARY,Fitbit App
2024-07-10T08:36:00Z,SEDENTARY,Fitbit App
2024-07-10T08:37:00Z,SEDENTARY,Fitbit App
2024-07-10T08:38:00Z,SEDENTARY,Fitbit App
2024-07-10T08:39:00Z,SEDENTARY,Fitbit App
2024-07-10T08:40:00Z,SEDENTARY,Fitbit App
2024-07-10T08:41:00Z,SEDENTARY,Fitbit App
2024-07-10T08:42:00Z,SEDENTARY,Fitbit App
2024-07-10T08:43:00Z,SEDENTARY,Fitbit App
2024-07-10T08:44:00Z,SEDENTARY,Fitbit App
2024-07-10T08:45:00Z,SEDENTARY,Fitbit App
2024-07-10T08:46:00Z,SEDENTARY,Fitbit App
2024-07-10T08:47:00Z,SEDENTARY,Fitbit App
2024-07-10T08:48:00Z,SEDENTARY,Fitbit App
2024-07-10T08:49:00Z,SEDENTARY,Fitbit App
2024-07-10T08:50:00Z,SEDENTARY,Fitbit App
2024-07-10T08:51:00Z,SEDENTARY,Fitbit App
2024-07-10T08:52:00Z,SEDENTARY,Fitbit App
2024-07-10T08:53:00Z,SEDENTARY,Fitbit App
2024-07-10T08:54:00Z,SEDENTARY,Fitbit App
2024-07-10T08:55:00Z,SEDENTARY,Fitbit App
2024-07-10T08:56:00Z,SEDENTARY,Fitbit App
2024-07-10T08:57:00Z,SEDENTARY,Fitbit App
2024-07-10T08:58:00Z,SEDENTARY,Fitbit App
2024-07-10T08:59:00Z,SEDENTARY,Fitbit App
2024-07-10T09:00:00Z,SEDENTARY,Fitbit App
2024-07-10T09:01:00Z,SEDENTARY,Fitbit App
2024-07-10T09:02:00Z,SEDENTARY,Fitbit App
2024-07-10T09:03:00Z,SEDENTARY,Fitbit App
2024-07-10T09:04:00Z,SEDENTARY,Fitbit App
2024-07-10T09:05:00Z,SEDENTARY,Fitbit App
2024-07-10T09:06:00Z,SEDENTARY,Fitbit App
2024-07-10T09:07:00Z,SEDENTARY,Fitbit App
2024-07-10T09:08:00Z,SEDENTARY,Fitbit App
2024-07-10T09:09:00Z,SEDENTARY,Fitbit App
2024-07-10T09:10:00Z,SEDENTARY,Fitbit App
2024-07-10T09:11:00Z,SEDENTARY,Fitbit App
2024-07-10T09:12:00Z,SEDENTARY,Fitbit App
2024-07-10T09:13:00Z,SEDENTARY,Fitbit App
2024-07-10T09:14:00Z,SEDENTARY,Fitbit App
2024-07-10T09:15:00Z,SEDENTARY,Fitbit App
2024-07-10T09:16:00Z,SEDENTARY,Fitbit App
2024-07-10T09:17:00Z,SEDENTARY,Fitbit App
2024-07-10T09:18:00Z,SEDENTARY,Fitbit App
2024-07-10T09:19:00Z,SEDENTARY,Fitbit App
2024-07-10T09:20:00Z,SEDENTARY,Fitbit App
2024-07-10T09:21:00Z,SEDENTARY,Fitbit App
2024-07-10T09:22:00Z,SEDENTARY,Fitbit App
2024-07-10T09:23:00Z,SEDENTARY,Fitbit App
2024-07-10T09:24:00Z,SEDENTARY,Fitbit App
2024-07-10T09:25:00Z,SEDENTARY,Fitbit App
2024-07-10T09:27:00Z,SEDENTARY,Fitbit App
2024-07-10T09:28:00Z,SEDENTARY,Fitbit App
2024-07-10T09:30:00Z,SEDENTARY,Fitbit App
2024-07-10T09:31:00Z,SEDENTARY,Fitbit App
2024-07-10T09:32:00Z,SEDENTARY,Fitbit App
2024-07-10T09:33:00Z,SEDENTARY,Fitbit App
2024-07-10T09:34:00Z,SEDENTARY,Fitbit App
2024-07-10T09:36:00Z,SEDENTARY,Fitbit App
2024-07-10T09:37:00Z,LIGHTLY_ACTIVE,Fitbit App
2024-07-10T09:38:00Z,LIGHTLY_ACTIVE,Fitbit App
2024-07-10T09:39:00Z,LIGHTLY_ACTIVE,Fitbit App
2024-07-10T09:40:00Z,LIGHTLY_ACTIVE,Fitbit App
2024-07-10T09:41:00Z,SEDENTARY,Fitbit App
2024-07-10T09:42:00Z,SEDENTARY,Fitbit App
2024-07-10T09:43:00Z,LIGHTLY_ACTIVE,Fitbit App
2024-07-10T09:44:00Z,LIGHTLY_ACTIVE,Fitbit App
2024-07-10T09:45:00Z,VERY_ACTIVE,Fitbit App
2024-07-10T09:46:00Z,MODERATELY_ACTIVE,Fitbit App
2024-07-10T09:47:00Z,VERY_ACTIVE,Fitbit App
2024-07-10T09:48:00Z,MODERATELY_ACTIVE,Fitbit App
2024-07-10T09:49:00Z,SEDENTARY,Fitbit App
2024-07-10T09:50:00Z,LIGHTLY_ACTIVE,Fitbit App
2024-07-10T09:51:00Z,MODERATELY_ACTIVE,Fitbit App
2024-07-10T09:52:00Z,MODERATELY_ACTIVE,Fitbit App
2024-07-10T09:53:00Z,VERY_ACTIVE,Fitbit App
2024-07-10T09:54:00Z,VERY_ACTIVE,Fitbit App
2024-07-10T09:55:00Z,VERY_ACTIVE,Fitbit App
2024-07-10T09:56:00Z,MODERATELY_ACTIVE,Fitbit App
2024-07-10T09:57:00Z,SEDENTARY,Fitbit App
2024-07-10T09:58:00Z,SEDENTARY,Fitbit App
2024-07-10T09:59:00Z,SEDENTARY,Fitbit App
2024-07-10T10:00:00Z,SEDENTARY,Fitbit App
2024-07-10T10:01:00Z,LIGHTLY_ACTIVE,Fitbit App
2024-07-10T10:02:00Z,MODERATELY_ACTIVE,Fitbit App
2024-07-10T10:03:00Z,LIGHTLY_ACTIVE,Fitbit App
2024-07-10T10:04:00Z,SEDENTARY,Fitbit App
2024-07-10T10:05:00Z,SEDENTARY,Fitbit App
2024-07-10T10:06:00Z,SEDENTARY,Fitbit App
2024-07-10T10:07:00Z,SEDENTARY,Fitbit App
2024-07-10T10:08:00Z,SEDENTARY,Fitbit App
2024-07-10T10:09:00Z,SEDENTARY,Fitbit App
2024-07-10T10:10:00Z,LIGHTLY_ACTIVE,Fitbit App
2024-07-10T10:11:00Z,LIGHTLY_ACTIVE,Fitbit App
2024-07-10T10:12:00Z,SEDENTARY,Fitbit App
2024-07-10T10:13:00Z,LIGHTLY_ACTIVE,Fitbit App
2024-07-10T10:14:00Z,LIGHTLY_ACTIVE,Fitbit App
2024-07-10T10:15:00Z,SEDENTARY,Fitbit App
2024-07-10T10:16:00Z,SEDENTARY,Fitbit App
2024-07-10T10:17:00Z,SEDENTARY,Fitbit App
2024-07-10T10:18:00Z,SEDENTARY,Fitbit App
2024-07-10T10:19:00Z,SEDENTARY,Fitbit App
2024-07-10T10:20:00Z,SEDENTARY,Fitbit App
2024-07-10T10:21:00Z,LIGHTLY_ACTIVE,Fitbit App
2024-07-10T10:22:00Z,SEDENTARY,Fitbit App
2024-07-10T10:23:00Z,SEDENTARY,Fitbit App
2024-07-10T10:24:00Z,SEDENTARY,Fitbit App
2024-07-10T10:25:00Z,SEDENTARY,Fitbit App
2024-07-10T10:26:00Z,SEDENTARY,Fitbit App
2024-07-10T10:27:00Z,SEDENTARY,Fitbit App
2024-07-10T10:28:00Z,SEDENTARY,Fitbit App
2024-07-10T10:29:00Z,SEDENTARY,Fitbit App
2024-07-10T10:30:00Z,SEDENTARY,Fitbit App
2024-07-10T10:31:00Z,SEDENTARY,Fitbit App
2024-07-10T10:32:00Z,LIGHTLY_ACTIVE,Fitbit App
2024-07-10T10:33:00Z,LIGHTLY_ACTIVE,Fitbit App
2024-07-10T10:34:00Z,SEDENTARY,Fitbit App
2024-07-10T10:35:00Z,SEDENTARY,Fitbit App
2024-07-10T10:36:00Z,SEDENTARY,Fitbit App
2024-07-10T10:37:00Z,SEDENTARY,Fitbit App
2024-07-10T10:38:00Z,SEDENTARY,Fitbit App
2024-07-10T10:39:00Z,SEDENTARY,Fitbit App
2024-07-10T10:40:00Z,SEDENTARY,Fitbit App
2024-07-10T10:41:00Z,SEDENTARY,Fitbit App
2024-07-10T10:42:00Z,SEDENTARY,Fitbit App
2024-07-10T10:43:00Z,SEDENTARY,Fitbit App
2024-07-10T10:44:00Z,SEDENTARY,Fitbit App
2024-07-10T10:45:00Z,SEDENTARY,Fitbit App
2024-07-10T10:46:00Z,SEDENTARY,Fitbit App
2024-07-10T10:47:00Z,SEDENTARY,Fitbit App
2024-07-10T10:48:00Z,LIGHTLY_ACTIVE,Fitbit App
2024-07-10T10:49:00Z,SEDENTARY,Fitbit App
2024-07-10T10:50:00Z,SEDENTARY,Fitbit App
2024-07-10T10:51:00Z,SEDENTARY,Fitbit App
2024-07-10T10:52:00Z,SEDENTARY,Fitbit App
2024-07-10T10:53:00Z,SEDENTARY,Fitbit App
2024-07-10T10:54:00Z,SEDENTARY,Fitbit App
2024-07-10T10:55:00Z,SEDENTARY,Fitbit App
2024-07-10T10:56:00Z,SEDENTARY,Fitbit App
2024-07-10T10:57:00Z,SEDENTARY,Fitbit App
2024-07-10T10:58:00Z,SEDENTARY,Fitbit App
2024-07-10T10:59:00Z,SEDENTARY,Fitbit App
2024-07-10T11:00:00Z,SEDENTARY,Fitbit App
2024-07-10T11:01:00Z,SEDENTARY,Fitbit App
2024-07-10T11:02:00Z,SEDENTARY,Fitbit App
2024-07-10T11:03:00Z,LIGHTLY_ACTIVE,Fitbit App
2024-07-10T11:04:00Z,SEDENTARY,Fitbit App
2024-07-10T11:05:00Z,SEDENTARY,Fitbit App
2024-07-10T11:06:00Z,SEDENTARY,Fitbit App
2024-07-10T11:07:00Z,SEDENTARY,Fitbit App
2024-07-10T11:08:00Z,SEDENTARY,Fitbit App
2024-07-10T11:09:00Z,SEDENTARY,Fitbit App
2024-07-10T11:10:00Z,SEDENTARY,Fitbit App
2024-07-10T11:11:00Z,SEDENTARY,Fitbit App
2024-07-10T11:12:00Z,SEDENTARY,Fitbit App
2024-07-10T11:13:00Z,SEDENTARY,Fitbit App
2024-07-10T11:14:00Z,SEDENTARY,Fitbit App
2024-07-10T11:15:00Z,SEDENTARY,Fitbit App
2024-07-10T11:16:00Z,SEDENTARY,Fitbit App
2024-07-10T11:17:00Z,SEDENTARY,Fitbit App
2024-07-10T11:18:00Z,SEDENTARY,Fitbit App
2024-07-10T11:19:00Z,SEDENTARY,Fitbit App
2024-07-10T11:20:00Z,SEDENTARY,Fitbit App
2024-07-10T11:21:00Z,SEDENTARY,Fitbit App
2024-07-10T11:22:00Z,SEDENTARY,Fitbit App
2024-07-10T11:23:00Z,SEDENTARY,Fitbit App
2024-07-10T11:24:00Z,SEDENTARY,Fitbit App
2024-07-10T11:25:00Z,SEDENTARY,Fitbit App
2024-07-10T11:26:00Z,SEDENTARY,Fitbit App
2024-07-10T11:27:00Z,SEDENTARY,Fitbit App
2024-07-10T11:28:00Z,SEDENTARY,Fitbit App
2024-07-10T11:29:00Z,SEDENTARY,Fitbit App
2024-07-10T11:30:00Z,SEDENTARY,Fitbit App
2024-07-10T11:31:00Z,SEDENTARY,Fitbit App
2024-07-10T11:32:00Z,SEDENTARY,Fitbit App
2024-07-10T11:33:00Z,SEDENTARY,Fitbit App
2024-07-10T11:34:00Z,SEDENTARY,Fitbit App
2024-07-10T11:35:00Z,SEDENTARY,Fitbit App
2024-07-10T11:36:00Z,SEDENTARY,Fitbit App
2024-07-10T11:37:00Z,SEDENTARY,Fitbit App
2024-07-10T11:38:00Z,SEDENTARY,Fitbit App
2024-07-10T11:39:00Z,SEDENTARY,Fitbit App
2024-07-10T11:40:00Z,SEDENTARY,Fitbit App
2024-07-10T11:41:00Z,SEDENTARY,Fitbit App
2024-07-10T11:42:00Z,SEDENTARY,Fitbit App
2024-07-10T11:43:00Z,SEDENTARY,Fitbit App
2024-07-10T11:44:00Z,SEDENTARY,Fitbit App
2024-07-10T11:45:00Z,LIGHTLY_ACTIVE,Fitbit App
2024-07-10T11:46:00Z,LIGHTLY_ACTIVE,Fitbit App
2024-07-10T11:47:00Z,SEDENTARY,Fitbit App
2024-07-10T11:48:00Z,SEDENTARY,Fitbit App
2024-07-10T11:49:00Z,SEDENTARY,Fitbit App
2024-07-10T11:50:00Z,SEDENTARY,Fitbit App
2024-07-10T11:51:00Z,SEDENTARY,Fitbit App
2024-07-10T11:52:00Z,SEDENTARY,Fitbit App
2024-07-10T11:53:00Z,SEDENTARY,Fitbit App
2024-07-10T11:54:00Z,SEDENTARY,Fitbit App
2024-07-10T11:55:00Z,SEDENTARY,Fitbit App
2024-07-10T11:56:00Z,SEDENTARY,Fitbit App
2024-07-10T11:57:00Z,SEDENTARY,Fitbit App
2024-07-10T11:58:00Z,SEDENTARY,Fitbit App
2024-07-10T11:59:00Z,SEDENTARY,Fitbit App
2024-07-10T12:00:00Z,SEDENTARY,Fitbit App
2024-07-10T12:01:00Z,SEDENTARY,Fitbit App
2024-07-10T12:02:00Z,SEDENTARY,Fitbit App
2024-07-10T12:03:00Z,SEDENTARY,Fitbit App
2024-07-10T12:04:00Z,SEDENTARY,Fitbit App
2024-07-10T12:05:00Z,SEDENTARY,Fitbit App
2024-07-10T12:06:00Z,SEDENTARY,Fitbit App
2024-07-10T12:07:00Z,SEDENTARY,Fitbit App
2024-07-10T12:08:00Z,SEDENTARY,Fitbit App
2024-07-10T12:09:00Z,SEDENTARY,Fitbit App
2024-07-10T12:10:00Z,SEDENTARY,Fitbit App
2024-07-10T12:11:00Z,SEDENTARY,Fitbit App
2024-07-10T12:12:00Z,SEDENTARY,Fitbit App
2024-07-10T12:13:00Z,SEDENTARY,Fitbit App
2024-07-10T12:14:00Z,SEDENTARY,Fitbit App
2024-07-10T12:15:00Z,SEDENTARY,Fitbit App
2024-07-10T12:16:00Z,LIGHTLY_ACTIVE,Fitbit App
2024-07-10T12:17:00Z,SEDENTARY,Fitbit App
2024-07-10T12:18:00Z,SEDENTARY,Fitbit App
2024-07-10T12:19:00Z,SEDENTARY,Fitbit App
2024-07-10T12:20:00Z,SEDENTARY,Fitbit App
2024-07-10T12:21:00Z,SEDENTARY,Fitbit App
2024-07-10T12:22:00Z,LIGHTLY_ACTIVE,Fitbit App
2024-07-10T12:23:00Z,LIGHTLY_ACTIVE,Fitbit App
2024-07-10T12:24:00Z,SEDENTARY,Fitbit App
2024-07-10T12:25:00Z,SEDENTARY,Fitbit App
2024-07-10T12:26:00Z,SEDENTARY,Fitbit App
2024-07-10T12:27:00Z,SEDENTARY,Fitbit App
2024-07-10T12:28:00Z,SEDENTARY,Fitbit App
2024-07-10T12:29:00Z,SEDENTARY,Fitbit App
2024-07-10T12:30:00Z,SEDENTARY,Fitbit App
2024-07-10T12:31:00Z,SEDENTARY,Fitbit App
2024-07-10T12:32:00Z,SEDENTARY,Fitbit App
2024-07-10T12:33:00Z,SEDENTARY,Fitbit App
2024-07-10T12:34:00Z,SEDENTARY,Fitbit App
2024-07-10T12:35:00Z,SEDENTARY,Fitbit App
2024-07-10T12:36:00Z,SEDENTARY,Fitbit App
2024-07-10T12:37:00Z,LIGHTLY_ACTIVE,Fitbit App
2024-07-10T12:38:00Z,LIGHTLY_ACTIVE,Fitbit App
2024-07-10T12:39:00Z,SEDENTARY,Fitbit App
2024-07-10T12:40:00Z,SEDENTARY,Fitbit App
2024-07-10T12:41:00Z,LIGHTLY_ACTIVE,Fitbit App
2024-07-10T12:42:00Z,SEDENTARY,Fitbit App
2024-07-10T12:43:00Z,SEDENTARY,Fitbit App
2024-07-10T12:44:00Z,LIGHTLY_ACTIVE,Fitbit App
2024-07-10T12:45:00Z,SEDENTARY,Fitbit App
2024-07-10T12:46:00Z,SEDENTARY,Fitbit App
2024-07-10T12:47:00Z,SEDENTARY,Fitbit App
2024-07-10T12:48:00Z,SEDENTARY,Fitbit App
2024-07-10T12:49:00Z,SEDENTARY,Fitbit App
2024-07-10T12:50:00Z,SEDENTARY,Fitbit App
2024-07-10T12:51:00Z,SEDENTARY,Fitbit App
2024-07-10T12:52:00Z,SEDENTARY,Fitbit App
2024-07-10T12:53:00Z,SEDENTARY,Fitbit App
2024-07-10T12:54:00Z,SEDENTARY,Fitbit App
2024-07-10T12:55:00Z,LIGHTLY_ACTIVE,Fitbit App
2024-07-10T12:56:00Z,SEDENTARY,Fitbit App
2024-07-10T12:57:00Z,SEDENTARY,Fitbit App
2024-07-10T12:58:00Z,SEDENTARY,Fitbit App
2024-07-10T12:59:00Z,SEDENTARY,Fitbit App
2024-07-10T13:00:00Z,LIGHTLY_ACTIVE,Fitbit App
2024-07-10T13:01:00Z,SEDENTARY,Fitbit App
2024-07-10T13:02:00Z,SEDENTARY,Fitbit App
2024-07-10T13:03:00Z,SEDENTARY,Fitbit App
2024-07-10T13:04:00Z,SEDENTARY,Fitbit App
2024-07-10T13:05:00Z,SEDENTARY,Fitbit App
2024-07-10T13:06:00Z,SEDENTARY,Fitbit App
2024-07-10T13:07:00Z,LIGHTLY_ACTIVE,Fitbit App
2024-07-10T13:08:00Z,SEDENTARY,Fitbit App
2024-07-10T13:09:00Z,SEDENTARY,Fitbit App
2024-07-10T13:10:00Z,LIGHTLY_ACTIVE,Fitbit App
2024-07-10T13:11:00Z,SEDENTARY,Fitbit App
2024-07-10T13:12:00Z,LIGHTLY_ACTIVE,Fitbit App
2024-07-10T13:13:00Z,LIGHTLY_ACTIVE,Fitbit App
2024-07-10T13:14:00Z,SEDENTARY,Fitbit App
2024-07-10T13:16:00Z,SEDENTARY,Fitbit App
2024-07-10T13:17:00Z,SEDENTARY,Fitbit App
2024-07-10T13:18:00Z,SEDENTARY,Fitbit App
2024-07-10T13:19:00Z,SEDENTARY,Fitbit App
2024-07-10T13:20:00Z,SEDENTARY,Fitbit App
2024-07-10T13:21:00Z,SEDENTARY,Fitbit App
2024-07-10T13:22:00Z,SEDENTARY,Fitbit App
2024-07-10T13:23:00Z,SEDENTARY,Fitbit App
2024-07-10T13:24:00Z,SEDENTARY,Fitbit App
2024-07-10T13:25:00Z,SEDENTARY,Fitbit App
2024-07-10T13:26:00Z,SEDENTARY,Fitbit App
2024-07-10T13:27:00Z,SEDENTARY,Fitbit App
2024-07-10T13:28:00Z,SEDENTARY,Fitbit App
2024-07-10T13:29:00Z,SEDENTARY,Fitbit App
2024-07-10T13:30:00Z,SEDENTARY,Fitbit App
2024-07-10T13:31:00Z,SEDENTARY,Fitbit App
2024-07-10T13:32:00Z,SEDENTARY,Fitbit App
2024-07-10T13:33:00Z,SEDENTARY,Fitbit App
2024-07-10T13:34:00Z,SEDENTARY,Fitbit App
2024-07-10T13:35:00Z,LIGHTLY_ACTIVE,Fitbit App
2024-07-10T13:36:00Z,LIGHTLY_ACTIVE,Fitbit App
2024-07-10T13:37:00Z,SEDENTARY,Fitbit App
2024-07-10T13:38:00Z,SEDENTARY,Fitbit App
2024-07-10T13:39:00Z,SEDENTARY,Fitbit App
2024-07-10T13:40:00Z,SEDENTARY,Fitbit App
2024-07-10T13:41:00Z,SEDENTARY,Fitbit App
2024-07-10T13:42:00Z,SEDENTARY,Fitbit App
2024-07-10T13:44:00Z,SEDENTARY,Fitbit App
2024-07-10T13:45:00Z,LIGHTLY_ACTIVE,Fitbit App
2024-07-10T13:46:00Z,SEDENTARY,Fitbit App
2024-07-10T13:47:00Z,SEDENTARY,Fitbit App
2024-07-10T13:48:00Z,SEDENTARY,Fitbit App
2024-07-10T13:49:00Z,SEDENTARY,Fitbit App
2024-07-10T13:50:00Z,SEDENTARY,Fitbit App
2024-07-10T13:51:00Z,SEDENTARY,Fitbit App
2024-07-10T13:52:00Z,SEDENTARY,Fitbit App
2024-07-10T13:53:00Z,SEDENTARY,Fitbit App
2024-07-10T13:54:00Z,SEDENTARY,Fitbit App
2024-07-10T13:55:00Z,SEDENTARY,Fitbit App
2024-07-10T13:56:00Z,SEDENTARY,Fitbit App
2024-07-10T13:57:00Z,SEDENTARY,Fitbit App
2024-07-10T13:58:00Z,SEDENTARY,Fitbit App
2024-07-10T13:59:00Z,SEDENTARY,Fitbit App
2024-07-10T14:00:00Z,SEDENTARY,Fitbit App
2024-07-10T14:01:00Z,SEDENTARY,Fitbit App
2024-07-10T14:02:00Z,SEDENTARY,Fitbit App
2024-07-10T14:03:00Z,SEDENTARY,Fitbit App
2024-07-10T14:04:00Z,LIGHTLY_ACTIVE,Fitbit App
2024-07-10T14:05:00Z,LIGHTLY_ACTIVE,Fitbit App
2024-07-10T14:06:00Z,SEDENTARY,Fitbit App
2024-07-10T14:07:00Z,SEDENTARY,Fitbit App
2024-07-10T14:08:00Z,SEDENTARY,Fitbit App
2024-07-10T14:09:00Z,SEDENTARY,Fitbit App
2024-07-10T14:10:00Z,SEDENTARY,Fitbit App
2024-07-10T14:11:00Z,SEDENTARY,Fitbit App
2024-07-10T14:12:00Z,SEDENTARY,Fitbit App
2024-07-10T14:13:00Z,SEDENTARY,Fitbit App
2024-07-10T14:14:00Z,SEDENTARY,Fitbit App
2024-07-10T14:15:00Z,SEDENTARY,Fitbit App
2024-07-10T14:16:00Z,SEDENTARY,Fitbit App
2024-07-10T14:17:00Z,SEDENTARY,Fitbit App
2024-07-10T14:18:00Z,SEDENTARY,Fitbit App
2024-07-10T14:19:00Z,SEDENTARY,Fitbit App
2024-07-10T14:20:00Z,SEDENTARY,Fitbit App
2024-07-10T14:21:00Z,SEDENTARY,Fitbit App
2024-07-10T14:22:00Z,SEDENTARY,Fitbit App
2024-07-10T14:23:00Z,SEDENTARY,Fitbit App
2024-07-10T14:24:00Z,SEDENTARY,Fitbit App
2024-07-10T14:25:00Z,SEDENTARY,Fitbit App
2024-07-10T14:26:00Z,SEDENTARY,Fitbit App
2024-07-10T14:27:00Z,SEDENTARY,Fitbit App
2024-07-10T14:28:00Z,SEDENTARY,Fitbit App
2024-07-10T14:29:00Z,LIGHTLY_ACTIVE,Fitbit App
2024-07-10T14:30:00Z,SEDENTARY,Fitbit App
2024-07-10T14:31:00Z,SEDENTARY,Fitbit App
2024-07-10T14:32:00Z,LIGHTLY_ACTIVE,Fitbit App
2024-07-10T14:33:00Z,SEDENTARY,Fitbit App
2024-07-10T14:34:00Z,SEDENTARY,Fitbit App
2024-07-10T14:35:00Z,SEDENTARY,Fitbit App
2024-07-10T14:36:00Z,SEDENTARY,Fitbit App
2024-07-10T14:37:00Z,SEDENTARY,Fitbit App
2024-07-10T14:38:00Z,SEDENTARY,Fitbit App
2024-07-10T14:39:00Z,SEDENTARY,Fitbit App
2024-07-10T14:40:00Z,SEDENTARY,Fitbit App
2024-07-10T14:41:00Z,SEDENTARY,Fitbit App
2024-07-10T14:42:00Z,SEDENTARY,Fitbit App
2024-07-10T14:43:00Z,SEDENTARY,Fitbit App
2024-07-10T14:44:00Z,SEDENTARY,Fitbit App
2024-07-10T14:45:00Z,SEDENTARY,Fitbit App
2024-07-10T14:46:00Z,SEDENTARY,Fitbit App
2024-07-10T14:47:00Z,SEDENTARY,Fitbit App
2024-07-10T14:48:00Z,SEDENTARY,Fitbit App
2024-07-10T14:49:00Z,SEDENTARY,Fitbit App
2024-07-10T14:50:00Z,SEDENTARY,Fitbit App
2024-07-10T14:51:00Z,SEDENTARY,Fitbit App
2024-07-10T14:52:00Z,SEDENTARY,Fitbit App
2024-07-10T14:53:00Z,SEDENTARY,Fitbit App
2024-07-10T14:54:00Z,SEDENTARY,Fitbit App
2024-07-10T14:55:00Z,SEDENTARY,Fitbit App
2024-07-10T14:56:00Z,SEDENTARY,Fitbit App
2024-07-10T14:57:00Z,SEDENTARY,Fitbit App
2024-07-10T14:58:00Z,SEDENTARY,Fitbit App
2024-07-10T14:59:00Z,SEDENTARY,Fitbit App
2024-07-10T15:00:00Z,SEDENTARY,Fitbit App
2024-07-10T15:01:00Z,SEDENTARY,Fitbit App
2024-07-10T15:02:00Z,SEDENTARY,Fitbit App
2024-07-10T15:03:00Z,SEDENTARY,Fitbit App
2024-07-10T15:04:00Z,SEDENTARY,Fitbit App
2024-07-10T15:05:00Z,SEDENTARY,Fitbit App
2024-07-10T15:06:00Z,SEDENTARY,Fitbit App
2024-07-10T15:07:00Z,SEDENTARY,Fitbit App
2024-07-10T15:08:00Z,SEDENTARY,Fitbit App
2024-07-10T15:09:00Z,SEDENTARY,Fitbit App
2024-07-10T15:10:00Z,SEDENTARY,Fitbit App
2024-07-10T15:11:00Z,SEDENTARY,Fitbit App
2024-07-10T15:12:00Z,SEDENTARY,Fitbit App
2024-07-10T15:13:00Z,LIGHTLY_ACTIVE,Fitbit App
2024-07-10T15:14:00Z,SEDENTARY,Fitbit App
2024-07-10T15:15:00Z,LIGHTLY_ACTIVE,Fitbit App
2024-07-10T15:16:00Z,SEDENTARY,Fitbit App
2024-07-10T15:17:00Z,SEDENTARY,Fitbit App
2024-07-10T15:18:00Z,SEDENTARY,Fitbit App
2024-07-10T15:19:00Z,SEDENTARY,Fitbit App
2024-07-10T15:20:00Z,SEDENTARY,Fitbit App
2024-07-10T15:21:00Z,SEDENTARY,Fitbit App
2024-07-10T15:22:00Z,SEDENTARY,Fitbit App
2024-07-10T15:23:00Z,SEDENTARY,Fitbit App
2024-07-10T15:24:00Z,SEDENTARY,Fitbit App
2024-07-10T15:25:00Z,SEDENTARY,Fitbit App
2024-07-10T15:27:00Z,SEDENTARY,Fitbit App
2024-07-10T15:28:00Z,SEDENTARY,Fitbit App
2024-07-10T15:29:00Z,SEDENTARY,Fitbit App
2024-07-10T15:30:00Z,SEDENTARY,Fitbit App
2024-07-10T15:31:00Z,SEDENTARY,Fitbit App
2024-07-10T15:32:00Z,SEDENTARY,Fitbit App
2024-07-10T15:33:00Z,LIGHTLY_ACTIVE,Fitbit App
2024-07-10T15:34:00Z,LIGHTLY_ACTIVE,Fitbit App
2024-07-10T15:35:00Z,LIGHTLY_ACTIVE,Fitbit App
2024-07-10T15:36:00Z,SEDENTARY,Fitbit App
2024-07-10T15:37:00Z,SEDENTARY,Fitbit App
2024-07-10T15:38:00Z,LIGHTLY_ACTIVE,Fitbit App
2024-07-10T15:39:00Z,SEDENTARY,Fitbit App
2024-07-10T15:40:00Z,SEDENTARY,Fitbit App
2024-07-10T15:41:00Z,SEDENTARY,Fitbit App
2024-07-10T15:42:00Z,SEDENTARY,Fitbit App
2024-07-10T15:43:00Z,SEDENTARY,Fitbit App
2024-07-10T15:44:00Z,SEDENTARY,Fitbit App
2024-07-10T15:45:00Z,SEDENTARY,Fitbit App
2024-07-10T15:46:00Z,SEDENTARY,Fitbit App
2024-07-10T15:47:00Z,SEDENTARY,Fitbit App
2024-07-10T15:48:00Z,LIGHTLY_ACTIVE,Fitbit App
2024-07-10T15:49:00Z,LIGHTLY_ACTIVE,Fitbit App
2024-07-10T15:50:00Z,LIGHTLY_ACTIVE,Fitbit App
2024-07-10T15:51:00Z,SEDENTARY,Fitbit App
2024-07-10T15:52:00Z,LIGHTLY_ACTIVE,Fitbit App
2024-07-10T15:53:00Z,LIGHTLY_ACTIVE,Fitbit App
2024-07-10T15:54:00Z,LIGHTLY_ACTIVE,Fitbit App
2024-07-10T15:55:00Z,LIGHTLY_ACTIVE,Fitbit App
2024-07-10T15:56:00Z,LIGHTLY_ACTIVE,Fitbit App
2024-07-10T15:57:00Z,LIGHTLY_ACTIVE,Fitbit App
2024-07-10T15:58:00Z,SEDENTARY,Fitbit App
2024-07-10T15:59:00Z,SEDENTARY,Fitbit App
2024-07-10T16:00:00Z,SEDENTARY,Fitbit App
2024-07-10T16:01:00Z,SEDENTARY,Fitbit App
2024-07-10T16:02:00Z,LIGHTLY_ACTIVE,Fitbit App
2024-07-10T16:03:00Z,SEDENTARY,Fitbit App
2024-07-10T16:04:00Z,LIGHTLY_ACTIVE,Fitbit App
2024-07-10T16:05:00Z,LIGHTLY_ACTIVE,Fitbit App
2024-07-10T16:06:00Z,LIGHTLY_ACTIVE,Fitbit App
2024-07-10T16:07:00Z,SEDENTARY,Fitbit App
2024-07-10T16:08:00Z,SEDENTARY,Fitbit App
2024-07-10T16:09:00Z,SEDENTARY,Fitbit App
2024-07-10T16:10:00Z,SEDENTARY,Fitbit App
2024-07-10T16:11:00Z,SEDENTARY,Fitbit App
2024-07-10T16:13:00Z,SEDENTARY,Fitbit App
2024-07-10T16:14:00Z,SEDENTARY,Fitbit App
2024-07-10T16:15:00Z,SEDENTARY,Fitbit App
2024-07-10T16:16:00Z,SEDENTARY,Fitbit App
2024-07-10T16:17:00Z,LIGHTLY_ACTIVE,Fitbit App
2024-07-10T16:19:00Z,SEDENTARY,Fitbit App
2024-07-10T16:20:00Z,LIGHTLY_ACTIVE,Fitbit App
2024-07-10T16:21:00Z,LIGHTLY_ACTIVE,Fitbit App
2024-07-10T16:22:00Z,SEDENTARY,Fitbit App
2024-07-10T16:23:00Z,SEDENTARY,Fitbit App
2024-07-10T16:24:00Z,LIGHTLY_ACTIVE,Fitbit App
2024-07-10T16:25:00Z,SEDENTARY,Fitbit App
2024-07-10T16:26:00Z,SEDENTARY,Fitbit App
2024-07-10T16:27:00Z,SEDENTARY,Fitbit App
2024-07-10T16:28:00Z,SEDENTARY,Fitbit App
2024-07-10T16:29:00Z,LIGHTLY_ACTIVE,Fitbit App
2024-07-10T16:30:00Z,SEDENTARY,Fitbit App
2024-07-10T16:31:00Z,SEDENTARY,Fitbit App
2024-07-10T16:32:00Z,SEDENTARY,Fitbit App
2024-07-10T16:33:00Z,SEDENTARY,Fitbit App
2024-07-10T16:34:00Z,SEDENTARY,Fitbit App
2024-07-10T16:35:00Z,SEDENTARY,Fitbit App
2024-07-10T16:36:00Z,SEDENTARY,Fitbit App
2024-07-10T16:37:00Z,SEDENTARY,Fitbit App
2024-07-10T16:38:00Z,SEDENTARY,Fitbit App
2024-07-10T16:39:00Z,SEDENTARY,Fitbit App
2024-07-10T16:40:00Z,SEDENTARY,Fitbit App
2024-07-10T16:41:00Z,SEDENTARY,Fitbit App
2024-07-10T16:42:00Z,LIGHTLY_ACTIVE,Fitbit App
2024-07-10T16:43:00Z,LIGHTLY_ACTIVE,Fitbit App
2024-07-10T16:44:00Z,LIGHTLY_ACTIVE,Fitbit App
2024-07-10T16:45:00Z,LIGHTLY_ACTIVE,Fitbit App
2024-07-10T16:46:00Z,SEDENTARY,Fitbit App
2024-07-10T16:47:00Z,SEDENTARY,Fitbit App
2024-07-10T16:48:00Z,LIGHTLY_ACTIVE,Fitbit App
2024-07-10T16:49:00Z,LIGHTLY_ACTIVE,Fitbit App
2024-07-10T16:50:00Z,LIGHTLY_ACTIVE,Fitbit App
2024-07-10T16:51:00Z,LIGHTLY_ACTIVE,Fitbit App
2024-07-10T16:52:00Z,LIGHTLY_ACTIVE,Fitbit App
2024-07-10T16:53:00Z,SEDENTARY,Fitbit App
2024-07-10T16:54:00Z,SEDENTARY,Fitbit App
2024-07-10T16:55:00Z,LIGHTLY_ACTIVE,Fitbit App
2024-07-10T16:56:00Z,LIGHTLY_ACTIVE,Fitbit App
2024-07-10T16:57:00Z,LIGHTLY_ACTIVE,Fitbit App
2024-07-10T16:58:00Z,LIGHTLY_ACTIVE,Fitbit App
2024-07-10T16:59:00Z,LIGHTLY_ACTIVE,Fitbit App
2024-07-10T17:00:00Z,LIGHTLY_ACTIVE,Fitbit App
2024-07-10T17:01:00Z,LIGHTLY_ACTIVE,Fitbit App
2024-07-10T17:02:00Z,LIGHTLY_ACTIVE,Fitbit App
2024-07-10T17:03:00Z,SEDENTARY,Fitbit App
2024-07-10T17:04:00Z,LIGHTLY_ACTIVE,Fitbit App
2024-07-10T17:05:00Z,LIGHTLY_ACTIVE,Fitbit App
2024-07-10T17:06:00Z,LIGHTLY_ACTIVE,Fitbit App
2024-07-10T17:07:00Z,LIGHTLY_ACTIVE,Fitbit App
2024-07-10T17:08:00Z,LIGHTLY_ACTIVE,Fitbit App
2024-07-10T17:09:00Z,SEDENTARY,Fitbit App
2024-07-10T17:10:00Z,LIGHTLY_ACTIVE,Fitbit App
2024-07-10T17:11:00Z,LIGHTLY_ACTIVE,Fitbit App
2024-07-10T17:12:00Z,LIGHTLY_ACTIVE,Fitbit App
2024-07-10T17:13:00Z,LIGHTLY_ACTIVE,Fitbit App
2024-07-10T17:14:00Z,LIGHTLY_ACTIVE,Fitbit App
2024-07-10T17:15:00Z,SEDENTARY,Fitbit App
2024-07-10T17:16:00Z,LIGHTLY_ACTIVE,Fitbit App
2024-07-10T17:17:00Z,LIGHTLY_ACTIVE,Fitbit App
2024-07-10T17:18:00Z,SEDENTARY,Fitbit App
2024-07-10T17:19:00Z,SEDENTARY,Fitbit App
2024-07-10T17:20:00Z,SEDENTARY,Fitbit App
2024-07-10T17:21:00Z,SEDENTARY,Fitbit App
2024-07-10T17:22:00Z,SEDENTARY,Fitbit App
2024-07-10T17:23:00Z,LIGHTLY_ACTIVE,Fitbit App
2024-07-10T17:24:00Z,LIGHTLY_ACTIVE,Fitbit App
2024-07-10T17:25:00Z,SEDENTARY,Fitbit App
2024-07-10T17:26:00Z,SEDENTARY,Fitbit App
2024-07-10T17:27:00Z,SEDENTARY,Fitbit App
2024-07-10T17:28:00Z,SEDENTARY,Fitbit App
2024-07-10T17:29:00Z,SEDENTARY,Fitbit App
2024-07-10T17:30:00Z,SEDENTARY,Fitbit App
2024-07-10T17:31:00Z,SEDENTARY,Fitbit App
2024-07-10T17:32:00Z,SEDENTARY,Fitbit App
2024-07-10T17:33:00Z,SEDENTARY,Fitbit App
2024-07-10T17:34:00Z,SEDENTARY,Fitbit App
2024-07-10T17:35:00Z,LIGHTLY_ACTIVE,Fitbit App
2024-07-10T17:36:00Z,LIGHTLY_ACTIVE,Fitbit App
2024-07-10T17:37:00Z,SEDENTARY,Fitbit App
2024-07-10T17:38:00Z,SEDENTARY,Fitbit App
2024-07-10T17:39:00Z,SEDENTARY,Fitbit App
2024-07-10T17:40:00Z,SEDENTARY,Fitbit App
2024-07-10T17:41:00Z,SEDENTARY,Fitbit App
2024-07-10T17:42:00Z,SEDENTARY,Fitbit App
2024-07-10T17:43:00Z,LIGHTLY_ACTIVE,Fitbit App
2024-07-10T17:44:00Z,LIGHTLY_ACTIVE,Fitbit App
2024-07-10T17:45:00Z,SEDENTARY,Fitbit App
2024-07-10T17:46:00Z,SEDENTARY,Fitbit App
2024-07-10T17:47:00Z,SEDENTARY,Fitbit App
2024-07-10T17:48:00Z,SEDENTARY,Fitbit App
2024-07-10T17:49:00Z,SEDENTARY,Fitbit App
2024-07-10T17:50:00Z,SEDENTARY,Fitbit App
2024-07-10T17:51:00Z,SEDENTARY,Fitbit App
2024-07-10T17:52:00Z,SEDENTARY,Fitbit App
2024-07-10T17:53:00Z,SEDENTARY,Fitbit App
2024-07-10T17:54:00Z,SEDENTARY,Fitbit App
2024-07-10T17:55:00Z,SEDENTARY,Fitbit App
2024-07-10T17:56:00Z,LIGHTLY_ACTIVE,Fitbit App
2024-07-10T17:57:00Z,LIGHTLY_ACTIVE,Fitbit App
2024-07-10T17:58:00Z,LIGHTLY_ACTIVE,Fitbit App
2024-07-10T17:59:00Z,LIGHTLY_ACTIVE,Fitbit App
2024-07-10T18:00:00Z,LIGHTLY_ACTIVE,Fitbit App
2024-07-10T18:01:00Z,SEDENTARY,Fitbit App
2024-07-10T18:02:00Z,LIGHTLY_ACTIVE,Fitbit App
2024-07-10T18:03:00Z,LIGHTLY_ACTIVE,Fitbit App
2024-07-10T18:04:00Z,LIGHTLY_ACTIVE,Fitbit App
2024-07-10T18:05:00Z,LIGHTLY_ACTIVE,Fitbit App
2024-07-10T18:08:00Z,SEDENTARY,Fitbit App
2024-07-10T18:09:00Z,LIGHTLY_ACTIVE,Fitbit App
2024-07-10T18:10:00Z,LIGHTLY_ACTIVE,Fitbit App
2024-07-10T18:11:00Z,SEDENTARY,Fitbit App
2024-07-10T18:12:00Z,SEDENTARY,Fitbit App
2024-07-10T18:13:00Z,LIGHTLY_ACTIVE,Fitbit App
2024-07-10T18:14:00Z,SEDENTARY,Fitbit App
2024-07-10T18:15:00Z,SEDENTARY,Fitbit App
2024-07-10T18:16:00Z,SEDENTARY,Fitbit App
2024-07-10T18:17:00Z,SEDENTARY,Fitbit App
2024-07-10T18:18:00Z,SEDENTARY,Fitbit App
2024-07-10T18:19:00Z,SEDENTARY,Fitbit App
2024-07-10T18:20:00Z,SEDENTARY,Fitbit App
2024-07-10T18:21:00Z,SEDENTARY,Fitbit App
2024-07-10T18:22:00Z,LIGHTLY_ACTIVE,Fitbit App
2024-07-10T18:23:00Z,SEDENTARY,Fitbit App
2024-07-10T18:24:00Z,SEDENTARY,Fitbit App
2024-07-10T18:25:00Z,LIGHTLY_ACTIVE,Fitbit App
2024-07-10T18:26:00Z,SEDENTARY,Fitbit App
2024-07-10T18:27:00Z,SEDENTARY,Fitbit App
2024-07-10T18:28:00Z,SEDENTARY,Fitbit App
2024-07-10T18:29:00Z,SEDENTARY,Fitbit App
2024-07-10T18:30:00Z,SEDENTARY,Fitbit App
2024-07-10T18:31:00Z,SEDENTARY,Fitbit App
2024-07-10T18:32:00Z,SEDENTARY,Fitbit App
2024-07-10T18:33:00Z,SEDENTARY,Fitbit App
2024-07-10T18:34:00Z,LIGHTLY_ACTIVE,Fitbit App
2024-07-10T18:35:00Z,LIGHTLY_ACTIVE,Fitbit App
2024-07-10T18:36:00Z,LIGHTLY_ACTIVE,Fitbit App
2024-07-10T18:37:00Z,SEDENTARY,Fitbit App
2024-07-10T18:38:00Z,SEDENTARY,Fitbit App
2024-07-10T18:40:00Z,SEDENTARY,Fitbit App
2024-07-10T18:42:00Z,SEDENTARY,Fitbit App
2024-07-10T18:43:00Z,SEDENTARY,Fitbit App
2024-07-10T18:44:00Z,LIGHTLY_ACTIVE,Fitbit App
2024-07-10T18:45:00Z,LIGHTLY_ACTIVE,Fitbit App
2024-07-10T18:46:00Z,SEDENTARY,Fitbit App
2024-07-10T18:47:00Z,SEDENTARY,Fitbit App
2024-07-10T18:48:00Z,LIGHTLY_ACTIVE,Fitbit App
2024-07-10T18:49:00Z,LIGHTLY_ACTIVE,Fitbit App
2024-07-10T18:50:00Z,LIGHTLY_ACTIVE,Fitbit App
2024-07-10T18:51:00Z,LIGHTLY_ACTIVE,Fitbit App
2024-07-10T18:52:00Z,SEDENTARY,Fitbit App
2024-07-10T18:53:00Z,LIGHTLY_ACTIVE,Fitbit App
2024-07-10T18:54:00Z,LIGHTLY_ACTIVE,Fitbit App
2024-07-10T18:55:00Z,MODERATELY_ACTIVE,Fitbit App
2024-07-10T18:56:00Z,MODERATELY_ACTIVE,Fitbit App
2024-07-10T18:57:00Z,MODERATELY_ACTIVE,Fitbit App
2024-07-10T18:58:00Z,LIGHTLY_ACTIVE,Fitbit App
2024-07-10T18:59:00Z,LIGHTLY_ACTIVE,Fitbit App
2024-07-10T19:00:00Z,LIGHTLY_ACTIVE,Fitbit App
2024-07-10T19:01:00Z,LIGHTLY_ACTIVE,Fitbit App
2024-07-10T19:02:00Z,LIGHTLY_ACTIVE,Fitbit App
2024-07-10T19:03:00Z,LIGHTLY_ACTIVE,Fitbit App
2024-07-10T19:04:00Z,SEDENTARY,Fitbit App
2024-07-10T19:05:00Z,LIGHTLY_ACTIVE,Fitbit App
2024-07-10T19:06:00Z,MODERATELY_ACTIVE,Fitbit App
2024-07-10T19:07:00Z,LIGHTLY_ACTIVE,Fitbit App
2024-07-10T19:08:00Z,LIGHTLY_ACTIVE,Fitbit App
2024-07-10T19:09:00Z,LIGHTLY_ACTIVE,Fitbit App
2024-07-10T19:10:00Z,LIGHTLY_ACTIVE,Fitbit App
2024-07-10T19:11:00Z,SEDENTARY,Fitbit App
2024-07-10T19:12:00Z,SEDENTARY,Fitbit App
2024-07-10T19:13:00Z,SEDENTARY,Fitbit App
2024-07-10T19:14:00Z,LIGHTLY_ACTIVE,Fitbit App
2024-07-10T19:15:00Z,LIGHTLY_ACTIVE,Fitbit App
2024-07-10T19:16:00Z,LIGHTLY_ACTIVE,Fitbit App
2024-07-10T19:17:00Z,LIGHTLY_ACTIVE,Fitbit App
2024-07-10T19:18:00Z,LIGHTLY_ACTIVE,Fitbit App
2024-07-10T19:19:00Z,SEDENTARY,Fitbit App
2024-07-10T19:20:00Z,SEDENTARY,Fitbit App
2024-07-10T19:21:00Z,SEDENTARY,Fitbit App
2024-07-10T19:22:00Z,LIGHTLY_ACTIVE,Fitbit App
2024-07-10T19:23:00Z,LIGHTLY_ACTIVE,Fitbit App
2024-07-10T19:24:00Z,LIGHTLY_ACTIVE,Fitbit App
2024-07-10T19:25:00Z,MODERATELY_ACTIVE,Fitbit App
2024-07-10T19:26:00Z,LIGHTLY_ACTIVE,Fitbit App
2024-07-10T19:27:00Z,MODERATELY_ACTIVE,Fitbit App
2024-07-10T19:28:00Z,VERY_ACTIVE,Fitbit App
2024-07-10T19:29:00Z,VERY_ACTIVE,Fitbit App
2024-07-10T19:30:00Z,VERY_ACTIVE,Fitbit App
2024-07-10T19:31:00Z,VERY_ACTIVE,Fitbit App
2024-07-10T19:32:00Z,MODERATELY_ACTIVE,Fitbit App
2024-07-10T19:33:00Z,MODERATELY_ACTIVE,Fitbit App
2024-07-10T19:34:00Z,MODERATELY_ACTIVE,Fitbit App
2024-07-10T19:35:00Z,LIGHTLY_ACTIVE,Fitbit App
2024-07-10T19:36:00Z,SEDENTARY,Fitbit App
2024-07-10T19:37:00Z,LIGHTLY_ACTIVE,Fitbit App
2024-07-10T19:38:00Z,MODERATELY_ACTIVE,Fitbit App
2024-07-10T19:39:00Z,LIGHTLY_ACTIVE,Fitbit App
2024-07-10T19:40:00Z,LIGHTLY_ACTIVE,Fitbit App
2024-07-10T19:41:00Z,LIGHTLY_ACTIVE,Fitbit App
2024-07-10T19:42:00Z,SEDENTARY,Fitbit App
2024-07-10T19:43:00Z,SEDENTARY,Fitbit App
2024-07-10T19:44:00Z,SEDENTARY,Fitbit App
2024-07-10T19:45:00Z,SEDENTARY,Fitbit App
2024-07-10T19:46:00Z,SEDENTARY,Fitbit App
2024-07-10T19:47:00Z,SEDENTARY,Fitbit App
2024-07-10T19:48:00Z,SEDENTARY,Fitbit App
2024-07-10T19:49:00Z,LIGHTLY_ACTIVE,Fitbit App
2024-07-10T19:50:00Z,LIGHTLY_ACTIVE,Fitbit App
2024-07-10T19:51:00Z,LIGHTLY_ACTIVE,Fitbit App
2024-07-10T19:52:00Z,LIGHTLY_ACTIVE,Fitbit App
2024-07-10T19:53:00Z,LIGHTLY_ACTIVE,Fitbit App
2024-07-10T19:54:00Z,MODERATELY_ACTIVE,Fitbit App
2024-07-10T19:55:00Z,LIGHTLY_ACTIVE,Fitbit App
2024-07-10T19:56:00Z,LIGHTLY_ACTIVE,Fitbit App
2024-07-10T19:57:00Z,SEDENTARY,Fitbit App
2024-07-10T19:58:00Z,SEDENTARY,Fitbit App
2024-07-10T19:59:00Z,SEDENTARY,Fitbit App
2024-07-10T20:00:00Z,LIGHTLY_ACTIVE,Fitbit App
2024-07-10T20:01:00Z,SEDENTARY,Fitbit App
2024-07-10T20:02:00Z,LIGHTLY_ACTIVE,Fitbit App
2024-07-10T20:03:00Z,LIGHTLY_ACTIVE,Fitbit App
2024-07-10T20:04:00Z,SEDENTARY,Fitbit App
2024-07-10T20:05:00Z,SEDENTARY,Fitbit App
2024-07-10T20:06:00Z,LIGHTLY_ACTIVE,Fitbit App
2024-07-10T20:07:00Z,LIGHTLY_ACTIVE,Fitbit App
2024-07-10T20:08:00Z,SEDENTARY,Fitbit App
2024-07-10T20:09:00Z,SEDENTARY,Fitbit App
2024-07-10T20:12:00Z,SEDENTARY,Fitbit App
2024-07-10T20:13:00Z,SEDENTARY,Fitbit App
2024-07-10T20:14:00Z,SEDENTARY,Fitbit App
2024-07-10T20:17:00Z,SEDENTARY,Fitbit App
2024-07-10T20:21:00Z,SEDENTARY,Fitbit App
2024-07-10T20:22:00Z,SEDENTARY,Fitbit App
2024-07-10T20:27:00Z,SEDENTARY,Fitbit App
2024-07-10T20:28:00Z,SEDENTARY,Fitbit App
2024-07-10T20:31:00Z,SEDENTARY,Fitbit App
2024-07-10T20:32:00Z,LIGHTLY_ACTIVE,Fitbit App
2024-07-10T20:33:00Z,LIGHTLY_ACTIVE,Fitbit App
2024-07-10T20:34:00Z,SEDENTARY,Fitbit App
2024-07-10T20:35:00Z,SEDENTARY,Fitbit App
2024-07-10T20:36:00Z,LIGHTLY_ACTIVE,Fitbit App
2024-07-10T20:37:00Z,SEDENTARY,Fitbit App
2024-07-10T20:38:00Z,LIGHTLY_ACTIVE,Fitbit App
2024-07-10T20:39:00Z,SEDENTARY,Fitbit App
2024-07-10T20:40:00Z,SEDENTARY,Fitbit App
2024-07-10T20:41:00Z,SEDENTARY,Fitbit App
2024-07-10T20:42:00Z,SEDENTARY,Fitbit App
2024-07-10T20:43:00Z,SEDENTARY,Fitbit App
2024-07-10T20:44:00Z,SEDENTARY,Fitbit App
2024-07-10T20:45:00Z,SEDENTARY,Fitbit App
2024-07-10T20:46:00Z,SEDENTARY,Fitbit App
2024-07-10T20:47:00Z,SEDENTARY,Fitbit App
2024-07-10T20:48:00Z,SEDENTARY,Fitbit App
2024-07-10T20:49:00Z,SEDENTARY,Fitbit App
2024-07-10T20:51:00Z,LIGHTLY_ACTIVE,Fitbit App
2024-07-10T20:52:00Z,LIGHTLY_ACTIVE,Fitbit App
2024-07-10T20:53:00Z,LIGHTLY_ACTIVE,Fitbit App
2024-07-10T20:54:00Z,SEDENTARY,Fitbit App
2024-07-10T20:57:00Z,SEDENTARY,Fitbit App
2024-07-10T21:17:00Z,SEDENTARY,Fitbit App
2024-07-10T21:20:00Z,SEDENTARY,Fitbit App
2024-07-10T21:23:00Z,SEDENTARY,Fitbit App
2024-07-10T21:25:00Z,SEDENTARY,Fitbit App
2024-07-10T21:35:00Z,LIGHTLY_ACTIVE,Fitbit App
2024-07-10T21:36:00Z,SEDENTARY,Fitbit App
2024-07-10T21:37:00Z,LIGHTLY_ACTIVE,Fitbit App
2024-07-10T21:38:00Z,SEDENTARY,Fitbit App
2024-07-10T21:39:00Z,SEDENTARY,Fitbit App
2024-07-10T21:40:00Z,SEDENTARY,Fitbit App
2024-07-10T23:36:00Z,SEDENTARY,Fitbit App
2024-07-11T02:02:00Z,SEDENTARY,Fitbit App
2024-07-11T02:31:00Z,SEDENTARY,Fitbit App
2024-07-11T02:40:00Z,SEDENTARY,Fitbit App
2024-07-11T02:53:00Z,SEDENTARY,Fitbit App
2024-07-11T02:54:00Z,SEDENTARY,Fitbit App
2024-07-11T03:55:00Z,SEDENTARY,Fitbit App
2024-07-11T04:51:00Z,LIGHTLY_ACTIVE,Fitbit App
2024-07-11T05:04:00Z,SEDENTARY,Fitbit App
2024-07-11T05:13:00Z,SEDENTARY,Fitbit App
2024-07-11T05:50:00Z,SEDENTARY,Fitbit App
2024-07-11T05:51:00Z,LIGHTLY_ACTIVE,Fitbit App
2024-07-11T05:52:00Z,SEDENTARY,Fitbit App
2024-07-11T06:04:00Z,SEDENTARY,Fitbit App
2024-07-11T06:05:00Z,SEDENTARY,Fitbit App
2024-07-11T06:06:00Z,SEDENTARY,Fitbit App
2024-07-11T06:07:00Z,SEDENTARY,Fitbit App
2024-07-11T06:08:00Z,SEDENTARY,Fitbit App
2024-07-11T06:09:00Z,LIGHTLY_ACTIVE,Fitbit App
2024-07-11T06:10:00Z,SEDENTARY,Fitbit App
2024-07-11T06:11:00Z,LIGHTLY_ACTIVE,Fitbit App
2024-07-11T06:12:00Z,SEDENTARY,Fitbit App
2024-07-11T06:16:00Z,SEDENTARY,Fitbit App
2024-07-11T06:17:00Z,SEDENTARY,Fitbit App
2024-07-11T06:18:00Z,LIGHTLY_ACTIVE,Fitbit App
2024-07-11T06:19:00Z,LIGHTLY_ACTIVE,Fitbit App
2024-07-11T06:20:00Z,LIGHTLY_ACTIVE,Fitbit App
2024-07-11T06:21:00Z,SEDENTARY,Fitbit App
2024-07-11T06:22:00Z,SEDENTARY,Fitbit App
2024-07-11T06:24:00Z,LIGHTLY_ACTIVE,Fitbit App
2024-07-11T06:25:00Z,LIGHTLY_ACTIVE,Fitbit App
2024-07-11T06:26:00Z,LIGHTLY_ACTIVE,Fitbit App
2024-07-11T06:27:00Z,LIGHTLY_ACTIVE,Fitbit App
2024-07-11T06:28:00Z,LIGHTLY_ACTIVE,Fitbit App
2024-07-11T06:29:00Z,LIGHTLY_ACTIVE,Fitbit App
2024-07-11T06:30:00Z,LIGHTLY_ACTIVE,Fitbit App
2024-07-11T06:31:00Z,LIGHTLY_ACTIVE,Fitbit App
2024-07-11T06:32:00Z,LIGHTLY_ACTIVE,Fitbit App
2024-07-11T06:33:00Z,LIGHTLY_ACTIVE,Fitbit App
2024-07-11T06:34:00Z,SEDENTARY,Fitbit App
2024-07-11T06:35:00Z,SEDENTARY,Fitbit App
2024-07-11T06:36:00Z,LIGHTLY_ACTIVE,Fitbit App
2024-07-11T06:37:00Z,VERY_ACTIVE,Fitbit App
2024-07-11T06:38:00Z,VERY_ACTIVE,Fitbit App
2024-07-11T06:39:00Z,VERY_ACTIVE,Fitbit App
2024-07-11T06:40:00Z,VERY_ACTIVE,Fitbit App
2024-07-11T06:41:00Z,MODERATELY_ACTIVE,Fitbit App
2024-07-11T06:42:00Z,LIGHTLY_ACTIVE,Fitbit App
2024-07-11T06:43:00Z,LIGHTLY_ACTIVE,Fitbit App
2024-07-11T06:44:00Z,LIGHTLY_ACTIVE,Fitbit App
2024-07-11T06:45:00Z,MODERATELY_ACTIVE,Fitbit App
2024-07-11T06:46:00Z,VERY_ACTIVE,Fitbit App
2024-07-11T06:47:00Z,VERY_ACTIVE,Fitbit App
2024-07-11T06:48:00Z,MODERATELY_ACTIVE,Fitbit App
2024-07-11T06:49:00Z,MODERATELY_ACTIVE,Fitbit App
2024-07-11T06:50:00Z,LIGHTLY_ACTIVE,Fitbit App
2024-07-11T06:51:00Z,LIGHTLY_ACTIVE,Fitbit App
2024-07-11T06:52:00Z,SEDENTARY,Fitbit App
2024-07-11T06:53:00Z,SEDENTARY,Fitbit App
2024-07-11T06:54:00Z,SEDENTARY,Fitbit App
2024-07-11T06:55:00Z,SEDENTARY,Fitbit App
2024-07-11T07:27:00Z,SEDENTARY,Fitbit App
2024-07-11T07:28:00Z,SEDENTARY,Fitbit App
2024-07-11T07:31:00Z,SEDENTARY,Fitbit App
2024-07-11T07:32:00Z,SEDENTARY,Fitbit App
2024-07-11T07:39:00Z,LIGHTLY_ACTIVE,Fitbit App
2024-07-11T07:40:00Z,LIGHTLY_ACTIVE,Fitbit App
2024-07-11T07:41:00Z,SEDENTARY,Fitbit App
2024-07-11T07:42:00Z,SEDENTARY,Fitbit App
2024-07-11T07:43:00Z,SEDENTARY,Fitbit App
2024-07-11T07:44:00Z,SEDENTARY,Fitbit App
2024-07-11T07:45:00Z,SEDENTARY,Fitbit App
2024-07-11T07:50:00Z,SEDENTARY,Fitbit App
2024-07-11T07:52:00Z,LIGHTLY_ACTIVE,Fitbit App
2024-07-11T07:53:00Z,LIGHTLY_ACTIVE,Fitbit App
2024-07-11T07:54:00Z,LIGHTLY_ACTIVE,Fitbit App
2024-07-11T07:55:00Z,SEDENTARY,Fitbit App
2024-07-11T07:59:00Z,SEDENTARY,Fitbit App
2024-07-11T08:00:00Z,SEDENTARY,Fitbit App
2024-07-11T08:01:00Z,SEDENTARY,Fitbit App
2024-07-11T08:04:00Z,SEDENTARY,Fitbit App
2024-07-11T08:05:00Z,SEDENTARY,Fitbit App
2024-07-11T08:06:00Z,SEDENTARY,Fitbit App
2024-07-11T08:08:00Z,SEDENTARY,Fitbit App
2024-07-11T08:09:00Z,SEDENTARY,Fitbit App
2024-07-11T08:10:00Z,SEDENTARY,Fitbit App
2024-07-11T08:11:00Z,SEDENTARY,Fitbit App
2024-07-11T08:12:00Z,SEDENTARY,Fitbit App
2024-07-11T08:14:00Z,LIGHTLY_ACTIVE,Fitbit App
2024-07-11T08:15:00Z,SEDENTARY,Fitbit App
2024-07-11T08:16:00Z,SEDENTARY,Fitbit App
2024-07-11T08:17:00Z,SEDENTARY,Fitbit App
2024-07-11T08:19:00Z,SEDENTARY,Fitbit App
2024-07-11T08:20:00Z,SEDENTARY,Fitbit App
2024-07-11T08:22:00Z,SEDENTARY,Fitbit App
2024-07-11T08:23:00Z,SEDENTARY,Fitbit App
2024-07-11T08:24:00Z,SEDENTARY,Fitbit App
2024-07-11T08:25:00Z,SEDENTARY,Fitbit App
2024-07-11T08:26:00Z,SEDENTARY,Fitbit App
2024-07-11T08:30:00Z,SEDENTARY,Fitbit App
2024-07-11T08:31:00Z,SEDENTARY,Fitbit App
2024-07-11T08:34:00Z,SEDENTARY,Fitbit App
2024-07-11T08:36:00Z,SEDENTARY,Fitbit App
2024-07-11T08:37:00Z,SEDENTARY,Fitbit App
2024-07-11T08:38:00Z,SEDENTARY,Fitbit App
2024-07-11T08:39:00Z,SEDENTARY,Fitbit App
2024-07-11T08:40:00Z,SEDENTARY,Fitbit App
2024-07-11T08:41:00Z,SEDENTARY,Fitbit App
2024-07-11T08:42:00Z,SEDENTARY,Fitbit App
2024-07-11T08:43:00Z,SEDENTARY,Fitbit App
2024-07-11T08:44:00Z,SEDENTARY,Fitbit App
2024-07-11T08:49:00Z,SEDENTARY,Fitbit App
2024-07-11T08:50:00Z,SEDENTARY,Fitbit App
2024-07-11T08:52:00Z,SEDENTARY,Fitbit App
2024-07-11T08:53:00Z,SEDENTARY,Fitbit App
2024-07-11T08:55:00Z,SEDENTARY,Fitbit App
2024-07-11T08:56:00Z,SEDENTARY,Fitbit App
2024-07-11T08:57:00Z,SEDENTARY,Fitbit App
2024-07-11T08:58:00Z,SEDENTARY,Fitbit App
2024-07-11T09:00:00Z,SEDENTARY,Fitbit App
2024-07-11T09:01:00Z,SEDENTARY,Fitbit App
2024-07-11T09:06:00Z,SEDENTARY,Fitbit App
2024-07-11T09:07:00Z,SEDENTARY,Fitbit App
2024-07-11T09:08:00Z,SEDENTARY,Fitbit App
2024-07-11T09:09:00Z,SEDENTARY,Fitbit App
2024-07-11T09:10:00Z,SEDENTARY,Fitbit App
2024-07-11T09:11:00Z,SEDENTARY,Fitbit App
2024-07-11T09:12:00Z,SEDENTARY,Fitbit App
2024-07-11T09:15:00Z,SEDENTARY,Fitbit App
2024-07-11T09:16:00Z,SEDENTARY,Fitbit App
2024-07-11T09:17:00Z,SEDENTARY,Fitbit App
2024-07-11T09:18:00Z,SEDENTARY,Fitbit App
2024-07-11T09:20:00Z,LIGHTLY_ACTIVE,Fitbit App
2024-07-11T09:21:00Z,SEDENTARY,Fitbit App
2024-07-11T09:22:00Z,SEDENTARY,Fitbit App
2024-07-11T09:23:00Z,LIGHTLY_ACTIVE,Fitbit App
2024-07-11T09:24:00Z,SEDENTARY,Fitbit App
2024-07-11T09:25:00Z,LIGHTLY_ACTIVE,Fitbit App
2024-07-11T09:26:00Z,LIGHTLY_ACTIVE,Fitbit App
2024-07-11T09:27:00Z,LIGHTLY_ACTIVE,Fitbit App
2024-07-11T09:28:00Z,LIGHTLY_ACTIVE,Fitbit App
2024-07-11T09:29:00Z,SEDENTARY,Fitbit App
2024-07-11T09:30:00Z,SEDENTARY,Fitbit App
2024-07-11T09:31:00Z,SEDENTARY,Fitbit App
2024-07-11T09:32:00Z,LIGHTLY_ACTIVE,Fitbit App
2024-07-11T09:33:00Z,MODERATELY_ACTIVE,Fitbit App
2024-07-11T09:34:00Z,VERY_ACTIVE,Fitbit App
2024-07-11T09:35:00Z,VERY_ACTIVE,Fitbit App
2024-07-11T09:36:00Z,MODERATELY_ACTIVE,Fitbit App
2024-07-11T09:37:00Z,MODERATELY_ACTIVE,Fitbit App
2024-07-11T09:38:00Z,MODERATELY_ACTIVE,Fitbit App
2024-07-11T09:39:00Z,MODERATELY_ACTIVE,Fitbit App
2024-07-11T09:40:00Z,MODERATELY_ACTIVE,Fitbit App
2024-07-11T09:41:00Z,MODERATELY_ACTIVE,Fitbit App
2024-07-11T09:42:00Z,MODERATELY_ACTIVE,Fitbit App
2024-07-11T09:43:00Z,MODERATELY_ACTIVE,Fitbit App
2024-07-11T09:44:00Z,LIGHTLY_ACTIVE,Fitbit App
2024-07-11T09:45:00Z,SEDENTARY,Fitbit App
2024-07-11T09:46:00Z,LIGHTLY_ACTIVE,Fitbit App
2024-07-11T09:47:00Z,SEDENTARY,Fitbit App
2024-07-11T09:48:00Z,LIGHTLY_ACTIVE,Fitbit App
2024-07-11T09:49:00Z,SEDENTARY,Fitbit App
2024-07-11T09:50:00Z,SEDENTARY,Fitbit App
2024-07-11T09:53:00Z,LIGHTLY_ACTIVE,Fitbit App
2024-07-11T09:54:00Z,SEDENTARY,Fitbit App
2024-07-11T09:55:00Z,SEDENTARY,Fitbit App
2024-07-11T09:56:00Z,SEDENTARY,Fitbit App
2024-07-11T09:57:00Z,SEDENTARY,Fitbit App
2024-07-11T09:58:00Z,SEDENTARY,Fitbit App
2024-07-11T10:05:00Z,SEDENTARY,Fitbit App
2024-07-11T10:06:00Z,SEDENTARY,Fitbit App
2024-07-11T10:07:00Z,LIGHTLY_ACTIVE,Fitbit App
2024-07-11T10:08:00Z,LIGHTLY_ACTIVE,Fitbit App
2024-07-11T10:09:00Z,LIGHTLY_ACTIVE,Fitbit App
2024-07-11T10:10:00Z,SEDENTARY,Fitbit App
2024-07-11T10:11:00Z,SEDENTARY,Fitbit App
2024-07-11T10:12:00Z,LIGHTLY_ACTIVE,Fitbit App
2024-07-11T10:13:00Z,LIGHTLY_ACTIVE,Fitbit App
2024-07-11T10:14:00Z,LIGHTLY_ACTIVE,Fitbit App
2024-07-11T10:15:00Z,LIGHTLY_ACTIVE,Fitbit App
2024-07-11T10:16:00Z,SEDENTARY,Fitbit App
2024-07-11T10:18:00Z,SEDENTARY,Fitbit App
2024-07-11T10:19:00Z,LIGHTLY_ACTIVE,Fitbit App
2024-07-11T11:02:00Z,SEDENTARY,Fitbit App
2024-07-11T11:03:00Z,LIGHTLY_ACTIVE,Fitbit App
2024-07-11T11:26:00Z,LIGHTLY_ACTIVE,Fitbit App
2024-07-11T11:27:00Z,LIGHTLY_ACTIVE,Fitbit App
2024-07-11T13:22:00Z,SEDENTARY,Fitbit App
2024-07-11T13:24:00Z,SEDENTARY,Fitbit App
2024-07-11T13:25:00Z,SEDENTARY,Fitbit App
2024-07-11T13:27:00Z,SEDENTARY,Fitbit App
2024-07-11T13:28:00Z,SEDENTARY,Fitbit App
2024-07-11T13:30:00Z,SEDENTARY,Fitbit App
2024-07-11T13:31:00Z,SEDENTARY,Fitbit App
2024-07-11T13:32:00Z,SEDENTARY,Fitbit App
2024-07-11T13:33:00Z,SEDENTARY,Fitbit App
2024-07-11T13:34:00Z,SEDENTARY,Fitbit App
2024-07-11T13:36:00Z,SEDENTARY,Fitbit App
2024-07-11T13:38:00Z,SEDENTARY,Fitbit App
2024-07-11T13:39:00Z,SEDENTARY,Fitbit App
2024-07-11T13:41:00Z,LIGHTLY_ACTIVE,Fitbit App
2024-07-11T13:42:00Z,SEDENTARY,Fitbit App
2024-07-11T13:43:00Z,LIGHTLY_ACTIVE,Fitbit App
2024-07-11T13:44:00Z,LIGHTLY_ACTIVE,Fitbit App
2024-07-11T13:45:00Z,SEDENTARY,Fitbit App
2024-07-11T13:46:00Z,LIGHTLY_ACTIVE,Fitbit App
2024-07-11T13:47:00Z,SEDENTARY,Fitbit App
2024-07-11T13:48:00Z,SEDENTARY,Fitbit App
2024-07-11T13:49:00Z,SEDENTARY,Fitbit App
2024-07-11T13:50:00Z,SEDENTARY,Fitbit App
2024-07-11T13:51:00Z,SEDENTARY,Fitbit App
2024-07-11T13:52:00Z,LIGHTLY_ACTIVE,Fitbit App
2024-07-11T13:53:00Z,SEDENTARY,Fitbit App
2024-07-11T13:54:00Z,SEDENTARY,Fitbit App
2024-07-11T14:03:00Z,SEDENTARY,Fitbit App
2024-07-11T14:04:00Z,SEDENTARY,Fitbit App
2024-07-11T14:05:00Z,SEDENTARY,Fitbit App
2024-07-11T14:07:00Z,SEDENTARY,Fitbit App
2024-07-11T14:08:00Z,SEDENTARY,Fitbit App
2024-07-11T14:09:00Z,SEDENTARY,Fitbit App
2024-07-11T14:10:00Z,SEDENTARY,Fitbit App
2024-07-11T14:11:00Z,SEDENTARY,Fitbit App
2024-07-11T14:12:00Z,SEDENTARY,Fitbit App
2024-07-11T14:13:00Z,SEDENTARY,Fitbit App
2024-07-11T14:14:00Z,SEDENTARY,Fitbit App
2024-07-11T14:15:00Z,SEDENTARY,Fitbit App
2024-07-11T14:16:00Z,SEDENTARY,Fitbit App
2024-07-11T14:18:00Z,SEDENTARY,Fitbit App
2024-07-11T14:19:00Z,SEDENTARY,Fitbit App
2024-07-11T14:20:00Z,SEDENTARY,Fitbit App
2024-07-11T14:24:00Z,SEDENTARY,Fitbit App
2024-07-11T14:25:00Z,LIGHTLY_ACTIVE,Fitbit App
2024-07-11T14:26:00Z,SEDENTARY,Fitbit App
2024-07-11T14:27:00Z,LIGHTLY_ACTIVE,Fitbit App
2024-07-11T14:28:00Z,SEDENTARY,Fitbit App
2024-07-11T14:30:00Z,SEDENTARY,Fitbit App
2024-07-11T14:31:00Z,SEDENTARY,Fitbit App
2024-07-11T14:32:00Z,LIGHTLY_ACTIVE,Fitbit App
2024-07-11T14:33:00Z,LIGHTLY_ACTIVE,Fitbit App
2024-07-11T14:34:00Z,SEDENTARY,Fitbit App
2024-07-11T14:35:00Z,SEDENTARY,Fitbit App
2024-07-11T14:36:00Z,SEDENTARY,Fitbit App
2024-07-11T14:41:00Z,LIGHTLY_ACTIVE,Fitbit App
2024-07-11T14:42:00Z,SEDENTARY,Fitbit App
2024-07-11T14:46:00Z,SEDENTARY,Fitbit App
2024-07-11T14:47:00Z,SEDENTARY,Fitbit App
2024-07-11T14:51:00Z,SEDENTARY,Fitbit App
2024-07-11T14:53:00Z,LIGHTLY_ACTIVE,Fitbit App
2024-07-11T14:54:00Z,LIGHTLY_ACTIVE,Fitbit App
2024-07-11T14:55:00Z,SEDENTARY,Fitbit App
2024-07-11T14:57:00Z,SEDENTARY,Fitbit App
2024-07-11T14:58:00Z,SEDENTARY,Fitbit App
2024-07-11T14:59:00Z,LIGHTLY_ACTIVE,Fitbit App
2024-07-11T15:00:00Z,SEDENTARY,Fitbit App
2024-07-11T15:01:00Z,SEDENTARY,Fitbit App
2024-07-11T15:02:00Z,SEDENTARY,Fitbit App
2024-07-11T15:05:00Z,SEDENTARY,Fitbit App
2024-07-11T15:06:00Z,SEDENTARY,Fitbit App
2024-07-11T15:07:00Z,SEDENTARY,Fitbit App
2024-07-11T15:09:00Z,SEDENTARY,Fitbit App
2024-07-11T15:10:00Z,SEDENTARY,Fitbit App
2024-07-11T15:20:00Z,SEDENTARY,Fitbit App
2024-07-11T15:21:00Z,SEDENTARY,Fitbit App
2024-07-11T15:24:00Z,SEDENTARY,Fitbit App
2024-07-11T15:25:00Z,SEDENTARY,Fitbit App
2024-07-11T15:26:00Z,SEDENTARY,Fitbit App
2024-07-11T15:27:00Z,SEDENTARY,Fitbit App
2024-07-11T15:28:00Z,SEDENTARY,Fitbit App
2024-07-11T15:29:00Z,SEDENTARY,Fitbit App
2024-07-11T15:30:00Z,LIGHTLY_ACTIVE,Fitbit App
2024-07-11T15:31:00Z,SEDENTARY,Fitbit App
2024-07-11T15:32:00Z,LIGHTLY_ACTIVE,Fitbit App
2024-07-11T15:33:00Z,LIGHTLY_ACTIVE,Fitbit App
2024-07-11T15:34:00Z,SEDENTARY,Fitbit App
2024-07-11T15:36:00Z,SEDENTARY,Fitbit App
2024-07-11T15:37:00Z,LIGHTLY_ACTIVE,Fitbit App
2024-07-11T15:38:00Z,LIGHTLY_ACTIVE,Fitbit App
2024-07-11T15:48:00Z,SEDENTARY,Fitbit App
2024-07-11T15:49:00Z,LIGHTLY_ACTIVE,Fitbit App
2024-07-11T15:50:00Z,SEDENTARY,Fitbit App
2024-07-11T15:52:00Z,LIGHTLY_ACTIVE,Fitbit App
2024-07-11T15:53:00Z,LIGHTLY_ACTIVE,Fitbit App
2024-07-11T15:56:00Z,SEDENTARY,Fitbit App
2024-07-11T15:58:00Z,SEDENTARY,Fitbit App
2024-07-11T16:00:00Z,SEDENTARY,Fitbit App
2024-07-11T16:02:00Z,SEDENTARY,Fitbit App
2024-07-11T16:03:00Z,SEDENTARY,Fitbit App
2024-07-11T16:04:00Z,SEDENTARY,Fitbit App
2024-07-11T16:05:00Z,SEDENTARY,Fitbit App
2024-07-11T16:06:00Z,SEDENTARY,Fitbit App
2024-07-11T16:09:00Z,LIGHTLY_ACTIVE,Fitbit App
2024-07-11T16:10:00Z,LIGHTLY_ACTIVE,Fitbit App
2024-07-11T16:11:00Z,LIGHTLY_ACTIVE,Fitbit App
2024-07-11T16:12:00Z,LIGHTLY_ACTIVE,Fitbit App
2024-07-11T16:13:00Z,SEDENTARY,Fitbit App
2024-07-11T16:14:00Z,SEDENTARY,Fitbit App
2024-07-11T16:15:00Z,SEDENTARY,Fitbit App
2024-07-11T16:16:00Z,SEDENTARY,Fitbit App
2024-07-11T16:17:00Z,SEDENTARY,Fitbit App
2024-07-11T16:18:00Z,SEDENTARY,Fitbit App
2024-07-11T16:19:00Z,SEDENTARY,Fitbit App
2024-07-11T16:20:00Z,LIGHTLY_ACTIVE,Fitbit App
2024-07-11T16:21:00Z,SEDENTARY,Fitbit App
2024-07-11T16:22:00Z,SEDENTARY,Fitbit App
2024-07-11T16:23:00Z,SEDENTARY,Fitbit App
2024-07-11T16:24:00Z,SEDENTARY,Fitbit App
2024-07-11T16:25:00Z,SEDENTARY,Fitbit App
2024-07-11T16:26:00Z,LIGHTLY_ACTIVE,Fitbit App
2024-07-11T16:27:00Z,SEDENTARY,Fitbit App
2024-07-11T16:28:00Z,LIGHTLY_ACTIVE,Fitbit App
2024-07-11T16:29:00Z,LIGHTLY_ACTIVE,Fitbit App
2024-07-11T16:30:00Z,SEDENTARY,Fitbit App
2024-07-11T16:31:00Z,SEDENTARY,Fitbit App
2024-07-11T16:32:00Z,LIGHTLY_ACTIVE,Fitbit App
2024-07-11T16:33:00Z,SEDENTARY,Fitbit App
2024-07-11T16:34:00Z,SEDENTARY,Fitbit App
2024-07-11T16:35:00Z,LIGHTLY_ACTIVE,Fitbit App
2024-07-11T16:36:00Z,SEDENTARY,Fitbit App
2024-07-11T16:37:00Z,SEDENTARY,Fitbit App
2024-07-11T16:38:00Z,LIGHTLY_ACTIVE,Fitbit App
2024-07-11T16:39:00Z,SEDENTARY,Fitbit App
2024-07-11T16:40:00Z,SEDENTARY,Fitbit App
2024-07-11T16:41:00Z,SEDENTARY,Fitbit App
2024-07-11T16:42:00Z,SEDENTARY,Fitbit App
2024-07-11T16:44:00Z,LIGHTLY_ACTIVE,Fitbit App
2024-07-11T16:45:00Z,LIGHTLY_ACTIVE,Fitbit App
2024-07-11T16:46:00Z,SEDENTARY,Fitbit App
2024-07-11T16:47:00Z,LIGHTLY_ACTIVE,Fitbit App
2024-07-11T16:48:00Z,SEDENTARY,Fitbit App
2024-07-11T16:49:00Z,SEDENTARY,Fitbit App
2024-07-11T16:50:00Z,SEDENTARY,Fitbit App
2024-07-11T16:51:00Z,SEDENTARY,Fitbit App
2024-07-11T16:52:00Z,SEDENTARY,Fitbit App
2024-07-11T16:53:00Z,SEDENTARY,Fitbit App
2024-07-11T16:54:00Z,LIGHTLY_ACTIVE,Fitbit App
2024-07-11T16:55:00Z,SEDENTARY,Fitbit App
2024-07-11T16:56:00Z,LIGHTLY_ACTIVE,Fitbit App
2024-07-11T17:01:00Z,SEDENTARY,Fitbit App
2024-07-11T17:02:00Z,LIGHTLY_ACTIVE,Fitbit App
2024-07-11T17:03:00Z,LIGHTLY_ACTIVE,Fitbit App
2024-07-11T17:04:00Z,LIGHTLY_ACTIVE,Fitbit App
2024-07-11T17:05:00Z,LIGHTLY_ACTIVE,Fitbit App
2024-07-11T17:06:00Z,SEDENTARY,Fitbit App
2024-07-11T17:08:00Z,LIGHTLY_ACTIVE,Fitbit App
2024-07-11T17:09:00Z,LIGHTLY_ACTIVE,Fitbit App
2024-07-11T17:10:00Z,LIGHTLY_ACTIVE,Fitbit App
2024-07-11T17:11:00Z,LIGHTLY_ACTIVE,Fitbit App
2024-07-11T17:12:00Z,LIGHTLY_ACTIVE,Fitbit App
2024-07-11T17:15:00Z,SEDENTARY,Fitbit App
2024-07-11T17:16:00Z,SEDENTARY,Fitbit App
2024-07-11T17:17:00Z,SEDENTARY,Fitbit App
2024-07-11T17:18:00Z,LIGHTLY_ACTIVE,Fitbit App
2024-07-11T17:19:00Z,SEDENTARY,Fitbit App
2024-07-11T17:20:00Z,SEDENTARY,Fitbit App
2024-07-11T17:21:00Z,LIGHTLY_ACTIVE,Fitbit App
2024-07-11T17:22:00Z,SEDENTARY,Fitbit App
2024-07-11T17:23:00Z,SEDENTARY,Fitbit App
2024-07-11T17:24:00Z,SEDENTARY,Fitbit App
2024-07-11T17:25:00Z,SEDENTARY,Fitbit App
2024-07-11T17:26:00Z,SEDENTARY,Fitbit App
2024-07-11T17:28:00Z,SEDENTARY,Fitbit App
2024-07-11T17:29:00Z,SEDENTARY,Fitbit App
2024-07-11T17:30:00Z,SEDENTARY,Fitbit App
2024-07-11T17:31:00Z,SEDENTARY,Fitbit App
2024-07-11T17:32:00Z,SEDENTARY,Fitbit App
2024-07-11T17:33:00Z,SEDENTARY,Fitbit App
2024-07-11T17:34:00Z,LIGHTLY_ACTIVE,Fitbit App
2024-07-11T17:36:00Z,SEDENTARY,Fitbit App
2024-07-11T17:37:00Z,SEDENTARY,Fitbit App
2024-07-11T17:38:00Z,SEDENTARY,Fitbit App
2024-07-11T17:39:00Z,SEDENTARY,Fitbit App
2024-07-11T17:40:00Z,SEDENTARY,Fitbit App
2024-07-11T17:41:00Z,SEDENTARY,Fitbit App
2024-07-11T17:43:00Z,SEDENTARY,Fitbit App
2024-07-11T17:44:00Z,SEDENTARY,Fitbit App
2024-07-11T17:45:00Z,SEDENTARY,Fitbit App
2024-07-11T17:46:00Z,SEDENTARY,Fitbit App
2024-07-11T17:47:00Z,SEDENTARY,Fitbit App
2024-07-11T17:48:00Z,SEDENTARY,Fitbit App
2024-07-11T17:49:00Z,SEDENTARY,Fitbit App
2024-07-11T17:50:00Z,SEDENTARY,Fitbit App
2024-07-11T17:52:00Z,SEDENTARY,Fitbit App
2024-07-11T17:54:00Z,SEDENTARY,Fitbit App
2024-07-11T17:55:00Z,SEDENTARY,Fitbit App
2024-07-11T17:56:00Z,SEDENTARY,Fitbit App
2024-07-11T17:57:00Z,SEDENTARY,Fitbit App
2024-07-11T17:58:00Z,SEDENTARY,Fitbit App
2024-07-11T18:00:00Z,LIGHTLY_ACTIVE,Fitbit App
2024-07-11T18:01:00Z,SEDENTARY,Fitbit App
2024-07-11T18:02:00Z,SEDENTARY,Fitbit App
2024-07-11T18:03:00Z,SEDENTARY,Fitbit App
2024-07-11T18:04:00Z,SEDENTARY,Fitbit App
2024-07-11T18:05:00Z,SEDENTARY,Fitbit App
2024-07-11T18:06:00Z,SEDENTARY,Fitbit App
2024-07-11T18:07:00Z,LIGHTLY_ACTIVE,Fitbit App
2024-07-11T18:08:00Z,LIGHTLY_ACTIVE,Fitbit App
2024-07-11T18:09:00Z,LIGHTLY_ACTIVE,Fitbit App
2024-07-11T18:10:00Z,MODERATELY_ACTIVE,Fitbit App
2024-07-11T18:11:00Z,LIGHTLY_ACTIVE,Fitbit App
2024-07-11T18:12:00Z,LIGHTLY_ACTIVE,Fitbit App
2024-07-11T18:19:00Z,LIGHTLY_ACTIVE,Fitbit App
2024-07-11T18:20:00Z,LIGHTLY_ACTIVE,Fitbit App
2024-07-11T18:21:00Z,LIGHTLY_ACTIVE,Fitbit App
2024-07-11T18:22:00Z,LIGHTLY_ACTIVE,Fitbit App
2024-07-11T18:23:00Z,LIGHTLY_ACTIVE,Fitbit App
2024-07-11T18:24:00Z,SEDENTARY,Fitbit App
2024-07-11T18:25:00Z,LIGHTLY_ACTIVE,Fitbit App
2024-07-11T18:26:00Z,SEDENTARY,Fitbit App
2024-07-11T18:27:00Z,SEDENTARY,Fitbit App
2024-07-11T18:28:00Z,SEDENTARY,Fitbit App
2024-07-11T18:30:00Z,LIGHTLY_ACTIVE,Fitbit App
2024-07-11T18:31:00Z,LIGHTLY_ACTIVE,Fitbit App
2024-07-11T18:32:00Z,SEDENTARY,Fitbit App
2024-07-11T18:33:00Z,LIGHTLY_ACTIVE,Fitbit App
2024-07-11T18:34:00Z,SEDENTARY,Fitbit App
2024-07-11T18:35:00Z,SEDENTARY,Fitbit App
2024-07-11T18:36:00Z,SEDENTARY,Fitbit App
2024-07-11T18:37:00Z,SEDENTARY,Fitbit App
2024-07-11T18:38:00Z,SEDENTARY,Fitbit App
2024-07-11T18:39:00Z,SEDENTARY,Fitbit App
2024-07-11T18:40:00Z,SEDENTARY,Fitbit App
2024-07-11T18:41:00Z,SEDENTARY,Fitbit App
2024-07-11T18:42:00Z,SEDENTARY,Fitbit App
2024-07-11T18:43:00Z,SEDENTARY,Fitbit App
2024-07-11T18:44:00Z,SEDENTARY,Fitbit App
2024-07-11T18:45:00Z,LIGHTLY_ACTIVE,Fitbit App
2024-07-11T18:46:00Z,SEDENTARY,Fitbit App
2024-07-11T18:47:00Z,SEDENTARY,Fitbit App
2024-07-11T18:48:00Z,SEDENTARY,Fitbit App
2024-07-11T18:50:00Z,SEDENTARY,Fitbit App
2024-07-11T18:51:00Z,SEDENTARY,Fitbit App
2024-07-11T18:53:00Z,LIGHTLY_ACTIVE,Fitbit App
2024-07-11T18:54:00Z,SEDENTARY,Fitbit App
2024-07-11T18:55:00Z,SEDENTARY,Fitbit App
2024-07-11T18:56:00Z,SEDENTARY,Fitbit App
2024-07-11T18:57:00Z,SEDENTARY,Fitbit App
2024-07-11T19:06:00Z,SEDENTARY,Fitbit App
2024-07-11T19:07:00Z,SEDENTARY,Fitbit App
2024-07-11T19:08:00Z,SEDENTARY,Fitbit App
2024-07-11T19:09:00Z,SEDENTARY,Fitbit App
2024-07-11T19:10:00Z,SEDENTARY,Fitbit App
2024-07-11T19:11:00Z,SEDENTARY,Fitbit App
2024-07-11T19:12:00Z,SEDENTARY,Fitbit App
2024-07-11T19:13:00Z,SEDENTARY,Fitbit App
2024-07-11T19:14:00Z,SEDENTARY,Fitbit App
2024-07-11T19:15:00Z,SEDENTARY,Fitbit App
2024-07-11T19:16:00Z,SEDENTARY,Fitbit App
2024-07-11T19:17:00Z,SEDENTARY,Fitbit App
2024-07-11T19:18:00Z,SEDENTARY,Fitbit App
2024-07-11T19:19:00Z,SEDENTARY,Fitbit App
2024-07-11T19:20:00Z,SEDENTARY,Fitbit App
2024-07-11T19:21:00Z,SEDENTARY,Fitbit App
2024-07-11T19:22:00Z,SEDENTARY,Fitbit App
2024-07-11T19:23:00Z,SEDENTARY,Fitbit App
2024-07-11T19:24:00Z,SEDENTARY,Fitbit App
2024-07-11T19:25:00Z,SEDENTARY,Fitbit App
2024-07-11T19:26:00Z,LIGHTLY_ACTIVE,Fitbit App
2024-07-11T19:27:00Z,SEDENTARY,Fitbit App
2024-07-11T19:28:00Z,SEDENTARY,Fitbit App
2024-07-11T19:29:00Z,SEDENTARY,Fitbit App
2024-07-11T19:30:00Z,SEDENTARY,Fitbit App
2024-07-11T19:31:00Z,LIGHTLY_ACTIVE,Fitbit App
2024-07-11T19:32:00Z,SEDENTARY,Fitbit App
2024-07-11T19:33:00Z,SEDENTARY,Fitbit App
2024-07-11T19:34:00Z,LIGHTLY_ACTIVE,Fitbit App
2024-07-11T19:35:00Z,LIGHTLY_ACTIVE,Fitbit App
2024-07-11T19:36:00Z,LIGHTLY_ACTIVE,Fitbit App
2024-07-11T19:37:00Z,SEDENTARY,Fitbit App
2024-07-11T19:38:00Z,SEDENTARY,Fitbit App
2024-07-11T19:39:00Z,LIGHTLY_ACTIVE,Fitbit App
2024-07-11T19:40:00Z,SEDENTARY,Fitbit App
2024-07-11T19:41:00Z,LIGHTLY_ACTIVE,Fitbit App
2024-07-11T19:42:00Z,LIGHTLY_ACTIVE,Fitbit App
2024-07-11T19:43:00Z,LIGHTLY_ACTIVE,Fitbit App
2024-07-11T19:44:00Z,SEDENTARY,Fitbit App
2024-07-11T19:45:00Z,SEDENTARY,Fitbit App
2024-07-11T19:46:00Z,LIGHTLY_ACTIVE,Fitbit App
2024-07-11T19:47:00Z,SEDENTARY,Fitbit App
2024-07-11T19:49:00Z,SEDENTARY,Fitbit App
2024-07-11T19:50:00Z,SEDENTARY,Fitbit App
2024-07-11T19:51:00Z,SEDENTARY,Fitbit App
2024-07-11T19:52:00Z,SEDENTARY,Fitbit App
2024-07-11T19:53:00Z,LIGHTLY_ACTIVE,Fitbit App
2024-07-11T19:54:00Z,LIGHTLY_ACTIVE,Fitbit App
2024-07-11T19:55:00Z,LIGHTLY_ACTIVE,Fitbit App
2024-07-11T19:56:00Z,LIGHTLY_ACTIVE,Fitbit App
2024-07-11T19:57:00Z,SEDENTARY,Fitbit App
2024-07-11T19:58:00Z,SEDENTARY,Fitbit App
2024-07-11T19:59:00Z,SEDENTARY,Fitbit App
2024-07-11T20:00:00Z,SEDENTARY,Fitbit App
2024-07-11T20:01:00Z,SEDENTARY,Fitbit App
2024-07-11T20:02:00Z,LIGHTLY_ACTIVE,Fitbit App
2024-07-11T20:23:00Z,SEDENTARY,Fitbit App
2024-07-11T20:25:00Z,LIGHTLY_ACTIVE,Fitbit App
2024-07-11T20:26:00Z,SEDENTARY,Fitbit App
2024-07-11T20:27:00Z,SEDENTARY,Fitbit App
2024-07-11T20:40:00Z,SEDENTARY,Fitbit App
2024-07-11T20:41:00Z,SEDENTARY,Fitbit App
2024-07-11T20:42:00Z,SEDENTARY,Fitbit App
2024-07-11T20:43:00Z,SEDENTARY,Fitbit App
2024-07-11T20:44:00Z,SEDENTARY,Fitbit App
2024-07-11T20:45:00Z,SEDENTARY,Fitbit App
2024-07-11T20:46:00Z,SEDENTARY,Fitbit App
2024-07-11T20:47:00Z,SEDENTARY,Fitbit App
2024-07-11T20:48:00Z,SEDENTARY,Fitbit App
2024-07-11T20:49:00Z,SEDENTARY,Fitbit App
2024-07-11T20:51:00Z,SEDENTARY,Fitbit App
2024-07-11T20:52:00Z,SEDENTARY,Fitbit App
2024-07-11T20:53:00Z,SEDENTARY,Fitbit App
2024-07-11T20:54:00Z,SEDENTARY,Fitbit App
2024-07-11T20:55:00Z,SEDENTARY,Fitbit App
2024-07-11T20:56:00Z,SEDENTARY,Fitbit App
2024-07-11T21:00:00Z,SEDENTARY,Fitbit App
2024-07-11T21:02:00Z,SEDENTARY,Fitbit App
2024-07-11T21:03:00Z,SEDENTARY,Fitbit App
2024-07-11T21:04:00Z,SEDENTARY,Fitbit App
2024-07-11T21:05:00Z,SEDENTARY,Fitbit App
2024-07-11T21:06:00Z,SEDENTARY,Fitbit App
2024-07-11T21:07:00Z,SEDENTARY,Fitbit App
2024-07-11T21:08:00Z,SEDENTARY,Fitbit App
2024-07-11T21:09:00Z,SEDENTARY,Fitbit App
2024-07-11T21:10:00Z,SEDENTARY,Fitbit App
2024-07-11T21:11:00Z,SEDENTARY,Fitbit App
2024-07-11T21:12:00Z,SEDENTARY,Fitbit App
2024-07-11T21:13:00Z,SEDENTARY,Fitbit App
2024-07-11T21:14:00Z,SEDENTARY,Fitbit App
2024-07-11T21:15:00Z,SEDENTARY,Fitbit App
2024-07-11T21:16:00Z,SEDENTARY,Fitbit App
2024-07-11T21:22:00Z,SEDENTARY,Fitbit App
2024-07-11T21:23:00Z,SEDENTARY,Fitbit App
2024-07-11T21:27:00Z,SEDENTARY,Fitbit App
2024-07-11T21:28:00Z,SEDENTARY,Fitbit App
2024-07-11T21:29:00Z,SEDENTARY,Fitbit App
2024-07-11T21:30:00Z,LIGHTLY_ACTIVE,Fitbit App
2024-07-11T21:31:00Z,SEDENTARY,Fitbit App
2024-07-11T21:32:00Z,SEDENTARY,Fitbit App
2024-07-11T21:37:00Z,SEDENTARY,Fitbit App
2024-07-11T21:41:00Z,SEDENTARY,Fitbit App
2024-07-11T21:42:00Z,SEDENTARY,Fitbit App
2024-07-11T21:43:00Z,SEDENTARY,Fitbit App
2024-07-11T21:50:00Z,SEDENTARY,Fitbit App
2024-07-11T21:53:00Z,SEDENTARY,Fitbit App
2024-07-11T21:54:00Z,SEDENTARY,Fitbit App
2024-07-11T21:55:00Z,LIGHTLY_ACTIVE,Fitbit App
2024-07-11T21:56:00Z,SEDENTARY,Fitbit App
2024-07-11T21:58:00Z,SEDENTARY,Fitbit App
2024-07-11T22:00:00Z,SEDENTARY,Fitbit App
2024-07-11T22:17:00Z,SEDENTARY,Fitbit App
2024-07-11T22:18:00Z,SEDENTARY,Fitbit App
2024-07-11T22:19:00Z,LIGHTLY_ACTIVE,Fitbit App
2024-07-11T22:20:00Z,SEDENTARY,Fitbit App
2024-07-11T22:21:00Z,SEDENTARY,Fitbit App
2024-07-11T22:30:00Z,SEDENTARY,Fitbit App
2024-07-11T22:42:00Z,SEDENTARY,Fitbit App
2024-07-11T22:49:00Z,SEDENTARY,Fitbit App
2024-07-11T22:50:00Z,SEDENTARY,Fitbit App
2024-07-11T23:06:00Z,LIGHTLY_ACTIVE,Fitbit App
2024-07-11T23:07:00Z,SEDENTARY,Fitbit App
2024-07-11T23:10:00Z,SEDENTARY,Fitbit App
2024-07-11T23:11:00Z,SEDENTARY,Fitbit App
2024-07-11T23:12:00Z,SEDENTARY,Fitbit App
2024-07-11T23:15:00Z,SEDENTARY,Fitbit App
2024-07-11T23:17:00Z,SEDENTARY,Fitbit App
2024-07-11T23:19:00Z,SEDENTARY,Fitbit App
2024-07-11T23:20:00Z,LIGHTLY_ACTIVE,Fitbit App
2024-07-11T23:21:00Z,LIGHTLY_ACTIVE,Fitbit App
2024-07-11T23:22:00Z,LIGHTLY_ACTIVE,Fitbit App
2024-07-11T23:23:00Z,SEDENTARY,Fitbit App
2024-07-12T01:43:00Z,SEDENTARY,Fitbit App
2024-07-12T02:27:00Z,LIGHTLY_ACTIVE,Fitbit App
2024-07-12T02:56:00Z,SEDENTARY,Fitbit App
2024-07-12T04:06:00Z,SEDENTARY,Fitbit App
2024-07-12T04:20:00Z,SEDENTARY,Fitbit App
2024-07-12T05:13:00Z,SEDENTARY,Fitbit App
2024-07-12T05:15:00Z,SEDENTARY,Fitbit App
2024-07-12T05:40:00Z,SEDENTARY,Fitbit App
2024-07-12T05:51:00Z,SEDENTARY,Fitbit App
2024-07-12T06:12:00Z,SEDENTARY,Fitbit App
2024-07-12T06:17:00Z,SEDENTARY,Fitbit App
2024-07-12T06:22:00Z,SEDENTARY,Fitbit App
2024-07-12T06:23:00Z,SEDENTARY,Fitbit App
2024-07-12T06:24:00Z,SEDENTARY,Fitbit App
2024-07-12T06:25:00Z,SEDENTARY,Fitbit App
2024-07-12T06:26:00Z,SEDENTARY,Fitbit App
2024-07-12T06:27:00Z,SEDENTARY,Fitbit App
2024-07-12T06:28:00Z,SEDENTARY,Fitbit App
2024-07-12T06:29:00Z,SEDENTARY,Fitbit App
2024-07-12T06:30:00Z,SEDENTARY,Fitbit App
2024-07-12T06:31:00Z,LIGHTLY_ACTIVE,Fitbit App
2024-07-12T06:32:00Z,LIGHTLY_ACTIVE,Fitbit App
2024-07-12T06:33:00Z,LIGHTLY_ACTIVE,Fitbit App
2024-07-12T06:34:00Z,LIGHTLY_ACTIVE,Fitbit App
2024-07-12T06:35:00Z,LIGHTLY_ACTIVE,Fitbit App
2024-07-12T06:41:00Z,SEDENTARY,Fitbit App
2024-07-12T06:42:00Z,SEDENTARY,Fitbit App
2024-07-12T06:52:00Z,SEDENTARY,Fitbit App
2024-07-12T06:53:00Z,SEDENTARY,Fitbit App
2024-07-12T06:54:00Z,SEDENTARY,Fitbit App
2024-07-12T06:55:00Z,SEDENTARY,Fitbit App
2024-07-12T07:03:00Z,SEDENTARY,Fitbit App
2024-07-12T07:04:00Z,SEDENTARY,Fitbit App
2024-07-12T07:05:00Z,SEDENTARY,Fitbit App
2024-07-12T07:07:00Z,SEDENTARY,Fitbit App
2024-07-12T07:09:00Z,SEDENTARY,Fitbit App
2024-07-12T07:10:00Z,SEDENTARY,Fitbit App
2024-07-12T07:11:00Z,SEDENTARY,Fitbit App
2024-07-12T07:12:00Z,SEDENTARY,Fitbit App
2024-07-12T07:13:00Z,SEDENTARY,Fitbit App
2024-07-12T07:14:00Z,SEDENTARY,Fitbit App
2024-07-12T07:19:00Z,SEDENTARY,Fitbit App
2024-07-12T07:29:00Z,SEDENTARY,Fitbit App
2024-07-12T07:33:00Z,SEDENTARY,Fitbit App
2024-07-12T07:42:00Z,LIGHTLY_ACTIVE,Fitbit App
2024-07-12T07:43:00Z,LIGHTLY_ACTIVE,Fitbit App
2024-07-12T07:44:00Z,LIGHTLY_ACTIVE,Fitbit App
2024-07-12T07:45:00Z,LIGHTLY_ACTIVE,Fitbit App
2024-07-12T07:46:00Z,LIGHTLY_ACTIVE,Fitbit App
2024-07-12T07:47:00Z,LIGHTLY_ACTIVE,Fitbit App
2024-07-12T07:48:00Z,LIGHTLY_ACTIVE,Fitbit App
2024-07-12T07:49:00Z,LIGHTLY_ACTIVE,Fitbit App
2024-07-12T07:50:00Z,LIGHTLY_ACTIVE,Fitbit App
2024-07-12T07:51:00Z,LIGHTLY_ACTIVE,Fitbit App
2024-07-12T07:52:00Z,MODERATELY_ACTIVE,Fitbit App
2024-07-12T07:53:00Z,VERY_ACTIVE,Fitbit App
2024-07-12T07:54:00Z,VERY_ACTIVE,Fitbit App
2024-07-12T07:55:00Z,MODERATELY_ACTIVE,Fitbit App
2024-07-12T07:56:00Z,MODERATELY_ACTIVE,Fitbit App
2024-07-12T07:57:00Z,LIGHTLY_ACTIVE,Fitbit App
2024-07-12T07:58:00Z,LIGHTLY_ACTIVE,Fitbit App
2024-07-12T07:59:00Z,LIGHTLY_ACTIVE,Fitbit App
2024-07-12T08:00:00Z,SEDENTARY,Fitbit App
2024-07-12T08:01:00Z,MODERATELY_ACTIVE,Fitbit App
2024-07-12T08:02:00Z,MODERATELY_ACTIVE,Fitbit App
2024-07-12T08:03:00Z,MODERATELY_ACTIVE,Fitbit App
2024-07-12T08:04:00Z,VERY_ACTIVE,Fitbit App
2024-07-12T08:05:00Z,MODERATELY_ACTIVE,Fitbit App
2024-07-12T08:06:00Z,LIGHTLY_ACTIVE,Fitbit App
2024-07-12T08:07:00Z,LIGHTLY_ACTIVE,Fitbit App
2024-07-12T08:08:00Z,LIGHTLY_ACTIVE,Fitbit App
2024-07-12T08:09:00Z,MODERATELY_ACTIVE,Fitbit App
2024-07-12T08:10:00Z,LIGHTLY_ACTIVE,Fitbit App
2024-07-12T08:11:00Z,SEDENTARY,Fitbit App
2024-07-12T08:12:00Z,MODERATELY_ACTIVE,Fitbit App
2024-07-12T08:13:00Z,MODERATELY_ACTIVE,Fitbit App
2024-07-12T08:14:00Z,MODERATELY_ACTIVE,Fitbit App
2024-07-12T08:15:00Z,SEDENTARY,Fitbit App
2024-07-12T08:16:00Z,VERY_ACTIVE,Fitbit App
2024-07-12T08:17:00Z,VERY_ACTIVE,Fitbit App
2024-07-12T08:18:00Z,MODERATELY_ACTIVE,Fitbit App
2024-07-12T08:19:00Z,LIGHTLY_ACTIVE,Fitbit App
2024-07-12T08:20:00Z,MODERATELY_ACTIVE,Fitbit App
2024-07-12T08:21:00Z,VERY_ACTIVE,Fitbit App
2024-07-12T08:22:00Z,SEDENTARY,Fitbit App
2024-07-12T08:23:00Z,MODERATELY_ACTIVE,Fitbit App
2024-07-12T08:24:00Z,VERY_ACTIVE,Fitbit App
2024-07-12T08:25:00Z,VERY_ACTIVE,Fitbit App
2024-07-12T08:26:00Z,MODERATELY_ACTIVE,Fitbit App
2024-07-12T08:27:00Z,MODERATELY_ACTIVE,Fitbit App
2024-07-12T08:28:00Z,VERY_ACTIVE,Fitbit App
2024-07-12T08:29:00Z,VERY_ACTIVE,Fitbit App
2024-07-12T08:30:00Z,VERY_ACTIVE,Fitbit App
2024-07-12T08:31:00Z,VERY_ACTIVE,Fitbit App
2024-07-12T08:32:00Z,VERY_ACTIVE,Fitbit App
2024-07-12T08:33:00Z,MODERATELY_ACTIVE,Fitbit App
2024-07-12T08:34:00Z,VERY_ACTIVE,Fitbit App
2024-07-12T08:35:00Z,VERY_ACTIVE,Fitbit App
2024-07-12T08:36:00Z,VERY_ACTIVE,Fitbit App
2024-07-12T08:37:00Z,VERY_ACTIVE,Fitbit App
2024-07-12T08:38:00Z,MODERATELY_ACTIVE,Fitbit App
2024-07-12T08:39:00Z,VERY_ACTIVE,Fitbit App
2024-07-12T08:40:00Z,VERY_ACTIVE,Fitbit App
2024-07-12T08:41:00Z,VERY_ACTIVE,Fitbit App
2024-07-12T08:42:00Z,MODERATELY_ACTIVE,Fitbit App
2024-07-12T08:43:00Z,MODERATELY_ACTIVE,Fitbit App
2024-07-12T08:44:00Z,VERY_ACTIVE,Fitbit App
2024-07-12T08:45:00Z,VERY_ACTIVE,Fitbit App
2024-07-12T08:46:00Z,VERY_ACTIVE,Fitbit App
2024-07-12T08:47:00Z,VERY_ACTIVE,Fitbit App
2024-07-12T08:48:00Z,VERY_ACTIVE,Fitbit App
2024-07-12T08:49:00Z,VERY_ACTIVE,Fitbit App
2024-07-12T08:50:00Z,VERY_ACTIVE,Fitbit App
2024-07-12T08:51:00Z,MODERATELY_ACTIVE,Fitbit App
2024-07-12T08:52:00Z,MODERATELY_ACTIVE,Fitbit App
2024-07-12T08:53:00Z,MODERATELY_ACTIVE,Fitbit App
2024-07-12T08:54:00Z,VERY_ACTIVE,Fitbit App
2024-07-12T08:55:00Z,VERY_ACTIVE,Fitbit App
2024-07-12T08:56:00Z,MODERATELY_ACTIVE,Fitbit App
2024-07-12T08:57:00Z,MODERATELY_ACTIVE,Fitbit App
2024-07-12T08:58:00Z,VERY_ACTIVE,Fitbit App
2024-07-12T08:59:00Z,VERY_ACTIVE,Fitbit App
2024-07-12T09:00:00Z,VERY_ACTIVE,Fitbit App
2024-07-12T09:01:00Z,VERY_ACTIVE,Fitbit App
2024-07-12T09:02:00Z,VERY_ACTIVE,Fitbit App
2024-07-12T09:03:00Z,VERY_ACTIVE,Fitbit App
2024-07-12T09:04:00Z,VERY_ACTIVE,Fitbit App
2024-07-12T09:05:00Z,VERY_ACTIVE,Fitbit App
2024-07-12T09:06:00Z,MODERATELY_ACTIVE,Fitbit App
2024-07-12T09:07:00Z,VERY_ACTIVE,Fitbit App
2024-07-12T09:08:00Z,VERY_ACTIVE,Fitbit App
2024-07-12T09:09:00Z,VERY_ACTIVE,Fitbit App
2024-07-12T09:10:00Z,VERY_ACTIVE,Fitbit App
2024-07-12T09:11:00Z,VERY_ACTIVE,Fitbit App
2024-07-12T09:12:00Z,VERY_ACTIVE,Fitbit App
2024-07-12T09:13:00Z,VERY_ACTIVE,Fitbit App
2024-07-12T09:14:00Z,MODERATELY_ACTIVE,Fitbit App
2024-07-12T09:15:00Z,VERY_ACTIVE,Fitbit App
2024-07-12T09:16:00Z,VERY_ACTIVE,Fitbit App
2024-07-12T09:17:00Z,VERY_ACTIVE,Fitbit App
2024-07-12T09:18:00Z,VERY_ACTIVE,Fitbit App
2024-07-12T09:19:00Z,LIGHTLY_ACTIVE,Fitbit App
2024-07-12T09:20:00Z,SEDENTARY,Fitbit App
2024-07-12T09:21:00Z,LIGHTLY_ACTIVE,Fitbit App
2024-07-12T09:22:00Z,VERY_ACTIVE,Fitbit App
2024-07-12T09:23:00Z,VERY_ACTIVE,Fitbit App
2024-07-12T09:24:00Z,MODERATELY_ACTIVE,Fitbit App
2024-07-12T09:25:00Z,SEDENTARY,Fitbit App
2024-07-12T09:26:00Z,MODERATELY_ACTIVE,Fitbit App
2024-07-12T09:27:00Z,VERY_ACTIVE,Fitbit App
2024-07-12T09:28:00Z,MODERATELY_ACTIVE,Fitbit App
2024-07-12T09:29:00Z,SEDENTARY,Fitbit App
2024-07-12T09:30:00Z,LIGHTLY_ACTIVE,Fitbit App
2024-07-12T09:31:00Z,VERY_ACTIVE,Fitbit App
2024-07-12T09:32:00Z,VERY_ACTIVE,Fitbit App
2024-07-12T09:33:00Z,MODERATELY_ACTIVE,Fitbit App
2024-07-12T09:34:00Z,MODERATELY_ACTIVE,Fitbit App
2024-07-12T09:35:00Z,SEDENTARY,Fitbit App
2024-07-12T09:36:00Z,SEDENTARY,Fitbit App
2024-07-12T09:37:00Z,VERY_ACTIVE,Fitbit App
2024-07-12T09:38:00Z,MODERATELY_ACTIVE,Fitbit App
2024-07-12T09:40:00Z,SEDENTARY,Fitbit App
2024-07-12T09:41:00Z,MODERATELY_ACTIVE,Fitbit App
2024-07-12T09:42:00Z,LIGHTLY_ACTIVE,Fitbit App
2024-07-12T09:43:00Z,SEDENTARY,Fitbit App
2024-07-12T09:44:00Z,LIGHTLY_ACTIVE,Fitbit App
2024-07-12T09:45:00Z,MODERATELY_ACTIVE,Fitbit App
2024-07-12T09:46:00Z,SEDENTARY,Fitbit App
2024-07-12T09:47:00Z,MODERATELY_ACTIVE,Fitbit App
2024-07-12T09:48:00Z,MODERATELY_ACTIVE,Fitbit App
2024-07-12T09:49:00Z,VERY_ACTIVE,Fitbit App
2024-07-12T09:50:00Z,MODERATELY_ACTIVE,Fitbit App
2024-07-12T09:51:00Z,MODERATELY_ACTIVE,Fitbit App
2024-07-12T09:52:00Z,LIGHTLY_ACTIVE,Fitbit App
2024-07-12T09:53:00Z,MODERATELY_ACTIVE,Fitbit App
2024-07-12T09:54:00Z,LIGHTLY_ACTIVE,Fitbit App
2024-07-12T09:55:00Z,SEDENTARY,Fitbit App
2024-07-12T09:56:00Z,MODERATELY_ACTIVE,Fitbit App
2024-07-12T09:57:00Z,MODERATELY_ACTIVE,Fitbit App
2024-07-12T09:58:00Z,VERY_ACTIVE,Fitbit App
2024-07-12T09:59:00Z,VERY_ACTIVE,Fitbit App
2024-07-12T10:00:00Z,VERY_ACTIVE,Fitbit App
2024-07-12T10:01:00Z,VERY_ACTIVE,Fitbit App
2024-07-12T10:02:00Z,VERY_ACTIVE,Fitbit App
2024-07-12T10:03:00Z,VERY_ACTIVE,Fitbit App
2024-07-12T10:04:00Z,VERY_ACTIVE,Fitbit App
2024-07-12T10:05:00Z,VERY_ACTIVE,Fitbit App
2024-07-12T10:06:00Z,MODERATELY_ACTIVE,Fitbit App
2024-07-12T10:07:00Z,VERY_ACTIVE,Fitbit App
2024-07-12T10:08:00Z,VERY_ACTIVE,Fitbit App
2024-07-12T10:09:00Z,MODERATELY_ACTIVE,Fitbit App
2024-07-12T10:10:00Z,MODERATELY_ACTIVE,Fitbit App
2024-07-12T10:11:00Z,VERY_ACTIVE,Fitbit App
2024-07-12T10:12:00Z,VERY_ACTIVE,Fitbit App
2024-07-12T10:13:00Z,MODERATELY_ACTIVE,Fitbit App
2024-07-12T10:14:00Z,VERY_ACTIVE,Fitbit App
2024-07-12T10:15:00Z,VERY_ACTIVE,Fitbit App
2024-07-12T10:16:00Z,VERY_ACTIVE,Fitbit App
2024-07-12T10:17:00Z,VERY_ACTIVE,Fitbit App
2024-07-12T10:18:00Z,VERY_ACTIVE,Fitbit App
2024-07-12T10:19:00Z,VERY_ACTIVE,Fitbit App
2024-07-12T10:20:00Z,MODERATELY_ACTIVE,Fitbit App
2024-07-12T10:21:00Z,VERY_ACTIVE,Fitbit App
2024-07-12T10:22:00Z,VERY_ACTIVE,Fitbit App
2024-07-12T10:23:00Z,VERY_ACTIVE,Fitbit App
2024-07-12T10:24:00Z,VERY_ACTIVE,Fitbit App
2024-07-12T10:25:00Z,VERY_ACTIVE,Fitbit App
2024-07-12T10:26:00Z,VERY_ACTIVE,Fitbit App
2024-07-12T10:27:00Z,MODERATELY_ACTIVE,Fitbit App
2024-07-12T10:28:00Z,MODERATELY_ACTIVE,Fitbit App
2024-07-12T10:29:00Z,VERY_ACTIVE,Fitbit App
2024-07-12T10:30:00Z,MODERATELY_ACTIVE,Fitbit App
2024-07-12T10:31:00Z,MODERATELY_ACTIVE,Fitbit App
2024-07-12T10:32:00Z,MODERATELY_ACTIVE,Fitbit App
2024-07-12T10:33:00Z,MODERATELY_ACTIVE,Fitbit App
2024-07-12T10:34:00Z,MODERATELY_ACTIVE,Fitbit App
2024-07-12T10:35:00Z,MODERATELY_ACTIVE,Fitbit App
2024-07-12T10:36:00Z,MODERATELY_ACTIVE,Fitbit App
2024-07-12T10:37:00Z,MODERATELY_ACTIVE,Fitbit App
2024-07-12T10:38:00Z,MODERATELY_ACTIVE,Fitbit App
2024-07-12T10:39:00Z,MODERATELY_ACTIVE,Fitbit App
2024-07-12T10:40:00Z,VERY_ACTIVE,Fitbit App
2024-07-12T10:41:00Z,MODERATELY_ACTIVE,Fitbit App
2024-07-12T10:42:00Z,VERY_ACTIVE,Fitbit App
2024-07-12T10:43:00Z,VERY_ACTIVE,Fitbit App
2024-07-12T10:44:00Z,MODERATELY_ACTIVE,Fitbit App
2024-07-12T10:45:00Z,VERY_ACTIVE,Fitbit App
2024-07-12T10:46:00Z,VERY_ACTIVE,Fitbit App
2024-07-12T10:47:00Z,VERY_ACTIVE,Fitbit App
2024-07-12T10:48:00Z,MODERATELY_ACTIVE,Fitbit App
2024-07-12T10:49:00Z,LIGHTLY_ACTIVE,Fitbit App
2024-07-12T10:50:00Z,SEDENTARY,Fitbit App
2024-07-12T10:51:00Z,SEDENTARY,Fitbit App
2024-07-12T10:52:00Z,SEDENTARY,Fitbit App
2024-07-12T10:53:00Z,SEDENTARY,Fitbit App
2024-07-12T10:54:00Z,SEDENTARY,Fitbit App
2024-07-12T10:55:00Z,SEDENTARY,Fitbit App
2024-07-12T10:56:00Z,SEDENTARY,Fitbit App
2024-07-12T10:57:00Z,MODERATELY_ACTIVE,Fitbit App
2024-07-12T10:58:00Z,SEDENTARY,Fitbit App
2024-07-12T10:59:00Z,SEDENTARY,Fitbit App
2024-07-12T11:00:00Z,SEDENTARY,Fitbit App
2024-07-12T11:01:00Z,SEDENTARY,Fitbit App
2024-07-12T11:02:00Z,LIGHTLY_ACTIVE,Fitbit App
2024-07-12T11:03:00Z,VERY_ACTIVE,Fitbit App
2024-07-12T11:04:00Z,VERY_ACTIVE,Fitbit App
2024-07-12T11:05:00Z,VERY_ACTIVE,Fitbit App
2024-07-12T11:06:00Z,VERY_ACTIVE,Fitbit App
2024-07-12T11:07:00Z,VERY_ACTIVE,Fitbit App
2024-07-12T11:08:00Z,MODERATELY_ACTIVE,Fitbit App
2024-07-12T11:09:00Z,SEDENTARY,Fitbit App
2024-07-12T11:10:00Z,MODERATELY_ACTIVE,Fitbit App
2024-07-12T11:11:00Z,MODERATELY_ACTIVE,Fitbit App
2024-07-12T11:12:00Z,MODERATELY_ACTIVE,Fitbit App
2024-07-12T11:13:00Z,LIGHTLY_ACTIVE,Fitbit App
2024-07-12T11:14:00Z,MODERATELY_ACTIVE,Fitbit App
2024-07-12T11:15:00Z,SEDENTARY,Fitbit App
2024-07-12T11:16:00Z,SEDENTARY,Fitbit App
2024-07-12T11:17:00Z,SEDENTARY,Fitbit App
2024-07-12T11:18:00Z,SEDENTARY,Fitbit App
2024-07-12T11:19:00Z,SEDENTARY,Fitbit App
2024-07-12T11:20:00Z,SEDENTARY,Fitbit App
2024-07-12T11:21:00Z,SEDENTARY,Fitbit App
2024-07-12T11:22:00Z,SEDENTARY,Fitbit App
2024-07-12T11:23:00Z,SEDENTARY,Fitbit App
2024-07-12T11:24:00Z,SEDENTARY,Fitbit App
2024-07-12T11:25:00Z,SEDENTARY,Fitbit App
2024-07-12T11:26:00Z,SEDENTARY,Fitbit App
2024-07-12T11:27:00Z,SEDENTARY,Fitbit App
2024-07-12T11:28:00Z,SEDENTARY,Fitbit App
2024-07-12T11:29:00Z,SEDENTARY,Fitbit App
2024-07-12T11:30:00Z,SEDENTARY,Fitbit App
2024-07-12T11:31:00Z,SEDENTARY,Fitbit App
2024-07-12T11:32:00Z,SEDENTARY,Fitbit App
2024-07-12T11:33:00Z,SEDENTARY,Fitbit App
2024-07-12T11:34:00Z,SEDENTARY,Fitbit App
2024-07-12T11:35:00Z,LIGHTLY_ACTIVE,Fitbit App
2024-07-12T11:36:00Z,LIGHTLY_ACTIVE,Fitbit App
2024-07-12T11:37:00Z,SEDENTARY,Fitbit App
2024-07-12T11:38:00Z,SEDENTARY,Fitbit App
2024-07-12T11:39:00Z,SEDENTARY,Fitbit App
2024-07-12T11:40:00Z,SEDENTARY,Fitbit App
2024-07-12T11:41:00Z,SEDENTARY,Fitbit App
2024-07-12T11:42:00Z,SEDENTARY,Fitbit App
2024-07-12T11:43:00Z,SEDENTARY,Fitbit App
2024-07-12T11:44:00Z,SEDENTARY,Fitbit App
2024-07-12T11:45:00Z,SEDENTARY,Fitbit App
2024-07-12T11:46:00Z,SEDENTARY,Fitbit App
2024-07-12T11:47:00Z,SEDENTARY,Fitbit App
2024-07-12T11:48:00Z,SEDENTARY,Fitbit App
2024-07-12T11:49:00Z,SEDENTARY,Fitbit App
2024-07-12T11:50:00Z,SEDENTARY,Fitbit App
2024-07-12T11:51:00Z,SEDENTARY,Fitbit App
2024-07-12T11:52:00Z,LIGHTLY_ACTIVE,Fitbit App
2024-07-12T11:53:00Z,SEDENTARY,Fitbit App
2024-07-12T11:54:00Z,SEDENTARY,Fitbit App
2024-07-12T11:55:00Z,SEDENTARY,Fitbit App
2024-07-12T11:56:00Z,SEDENTARY,Fitbit App
2024-07-12T11:57:00Z,SEDENTARY,Fitbit App
2024-07-12T11:58:00Z,SEDENTARY,Fitbit App
2024-07-12T11:59:00Z,MODERATELY_ACTIVE,Fitbit App
2024-07-12T12:00:00Z,MODERATELY_ACTIVE,Fitbit App
2024-07-12T12:01:00Z,SEDENTARY,Fitbit App
2024-07-12T12:02:00Z,SEDENTARY,Fitbit App
2024-07-12T12:03:00Z,SEDENTARY,Fitbit App
2024-07-12T12:04:00Z,SEDENTARY,Fitbit App
2024-07-12T12:05:00Z,SEDENTARY,Fitbit App
2024-07-12T12:06:00Z,SEDENTARY,Fitbit App
2024-07-12T12:07:00Z,SEDENTARY,Fitbit App
2024-07-12T12:08:00Z,SEDENTARY,Fitbit App
2024-07-12T12:09:00Z,SEDENTARY,Fitbit App
2024-07-12T12:10:00Z,SEDENTARY,Fitbit App
2024-07-12T12:11:00Z,SEDENTARY,Fitbit App
2024-07-12T12:12:00Z,SEDENTARY,Fitbit App
2024-07-12T12:13:00Z,SEDENTARY,Fitbit App
2024-07-12T12:14:00Z,SEDENTARY,Fitbit App
2024-07-12T12:15:00Z,SEDENTARY,Fitbit App
2024-07-12T12:16:00Z,SEDENTARY,Fitbit App
2024-07-12T12:17:00Z,SEDENTARY,Fitbit App
2024-07-12T12:18:00Z,SEDENTARY,Fitbit App
2024-07-12T12:19:00Z,SEDENTARY,Fitbit App
2024-07-12T12:20:00Z,SEDENTARY,Fitbit App
2024-07-12T12:21:00Z,SEDENTARY,Fitbit App
2024-07-12T12:22:00Z,SEDENTARY,Fitbit App
2024-07-12T12:23:00Z,SEDENTARY,Fitbit App
2024-07-12T12:24:00Z,SEDENTARY,Fitbit App
2024-07-12T12:25:00Z,SEDENTARY,Fitbit App
2024-07-12T12:26:00Z,SEDENTARY,Fitbit App
2024-07-12T12:27:00Z,SEDENTARY,Fitbit App
2024-07-12T12:28:00Z,SEDENTARY,Fitbit App
2024-07-12T12:29:00Z,SEDENTARY,Fitbit App
2024-07-12T12:30:00Z,SEDENTARY,Fitbit App
2024-07-12T12:31:00Z,SEDENTARY,Fitbit App
2024-07-12T12:32:00Z,SEDENTARY,Fitbit App
2024-07-12T12:33:00Z,SEDENTARY,Fitbit App
2024-07-12T12:34:00Z,SEDENTARY,Fitbit App
2024-07-12T12:35:00Z,SEDENTARY,Fitbit App
2024-07-12T12:36:00Z,SEDENTARY,Fitbit App
2024-07-12T12:37:00Z,SEDENTARY,Fitbit App
2024-07-12T12:38:00Z,SEDENTARY,Fitbit App
2024-07-12T12:39:00Z,SEDENTARY,Fitbit App
2024-07-12T12:40:00Z,SEDENTARY,Fitbit App
2024-07-12T12:41:00Z,SEDENTARY,Fitbit App
2024-07-12T12:42:00Z,SEDENTARY,Fitbit App
2024-07-12T12:43:00Z,SEDENTARY,Fitbit App
2024-07-12T12:44:00Z,SEDENTARY,Fitbit App
2024-07-12T12:45:00Z,SEDENTARY,Fitbit App
2024-07-12T12:46:00Z,SEDENTARY,Fitbit App
2024-07-12T12:51:00Z,SEDENTARY,Fitbit App
2024-07-12T12:52:00Z,SEDENTARY,Fitbit App
2024-07-12T12:53:00Z,SEDENTARY,Fitbit App
2024-07-12T12:54:00Z,SEDENTARY,Fitbit App
2024-07-12T12:55:00Z,SEDENTARY,Fitbit App
2024-07-12T12:56:00Z,SEDENTARY,Fitbit App
2024-07-12T12:57:00Z,SEDENTARY,Fitbit App
2024-07-12T12:58:00Z,SEDENTARY,Fitbit App
2024-07-12T12:59:00Z,SEDENTARY,Fitbit App
2024-07-12T13:00:00Z,SEDENTARY,Fitbit App
2024-07-12T13:01:00Z,SEDENTARY,Fitbit App
2024-07-12T13:02:00Z,SEDENTARY,Fitbit App
2024-07-12T13:03:00Z,SEDENTARY,Fitbit App
2024-07-12T13:04:00Z,SEDENTARY,Fitbit App
2024-07-12T13:05:00Z,SEDENTARY,Fitbit App
2024-07-12T13:06:00Z,SEDENTARY,Fitbit App
2024-07-12T13:07:00Z,LIGHTLY_ACTIVE,Fitbit App
2024-07-12T13:08:00Z,SEDENTARY,Fitbit App
2024-07-12T13:09:00Z,SEDENTARY,Fitbit App
2024-07-12T13:10:00Z,SEDENTARY,Fitbit App
2024-07-12T13:11:00Z,SEDENTARY,Fitbit App
2024-07-12T13:12:00Z,SEDENTARY,Fitbit App
2024-07-12T13:13:00Z,SEDENTARY,Fitbit App
2024-07-12T13:14:00Z,SEDENTARY,Fitbit App
2024-07-12T13:15:00Z,SEDENTARY,Fitbit App
2024-07-12T13:16:00Z,SEDENTARY,Fitbit App
2024-07-12T13:17:00Z,SEDENTARY,Fitbit App
2024-07-12T13:18:00Z,SEDENTARY,Fitbit App
2024-07-12T13:19:00Z,SEDENTARY,Fitbit App
2024-07-12T13:20:00Z,SEDENTARY,Fitbit App
2024-07-12T13:21:00Z,SEDENTARY,Fitbit App
2024-07-12T13:22:00Z,SEDENTARY,Fitbit App
2024-07-12T13:23:00Z,SEDENTARY,Fitbit App
2024-07-12T13:24:00Z,SEDENTARY,Fitbit App
2024-07-12T13:25:00Z,SEDENTARY,Fitbit App
2024-07-12T13:26:00Z,SEDENTARY,Fitbit App
2024-07-12T13:27:00Z,SEDENTARY,Fitbit App
2024-07-12T13:28:00Z,SEDENTARY,Fitbit App
2024-07-12T13:29:00Z,SEDENTARY,Fitbit App
2024-07-12T13:30:00Z,SEDENTARY,Fitbit App
2024-07-12T13:31:00Z,SEDENTARY,Fitbit App
2024-07-12T13:32:00Z,SEDENTARY,Fitbit App
2024-07-12T13:33:00Z,SEDENTARY,Fitbit App
2024-07-12T13:34:00Z,SEDENTARY,Fitbit App
2024-07-12T13:35:00Z,LIGHTLY_ACTIVE,Fitbit App
2024-07-12T13:36:00Z,LIGHTLY_ACTIVE,Fitbit App
2024-07-12T13:37:00Z,SEDENTARY,Fitbit App
2024-07-12T13:38:00Z,MODERATELY_ACTIVE,Fitbit App
2024-07-12T13:39:00Z,SEDENTARY,Fitbit App
2024-07-12T13:40:00Z,SEDENTARY,Fitbit App
2024-07-12T13:41:00Z,SEDENTARY,Fitbit App
2024-07-12T13:42:00Z,SEDENTARY,Fitbit App
2024-07-12T13:43:00Z,SEDENTARY,Fitbit App
2024-07-12T13:44:00Z,SEDENTARY,Fitbit App
2024-07-12T13:46:00Z,SEDENTARY,Fitbit App
2024-07-12T13:47:00Z,SEDENTARY,Fitbit App
2024-07-12T13:48:00Z,SEDENTARY,Fitbit App
2024-07-12T13:49:00Z,SEDENTARY,Fitbit App
2024-07-12T13:50:00Z,SEDENTARY,Fitbit App
2024-07-12T13:51:00Z,SEDENTARY,Fitbit App
2024-07-12T13:52:00Z,SEDENTARY,Fitbit App
2024-07-12T13:53:00Z,SEDENTARY,Fitbit App
2024-07-12T13:54:00Z,SEDENTARY,Fitbit App
2024-07-12T13:55:00Z,SEDENTARY,Fitbit App
2024-07-12T13:56:00Z,SEDENTARY,Fitbit App
2024-07-12T13:57:00Z,SEDENTARY,Fitbit App
2024-07-12T13:58:00Z,SEDENTARY,Fitbit App
2024-07-12T13:59:00Z,SEDENTARY,Fitbit App
2024-07-12T14:00:00Z,SEDENTARY,Fitbit App
2024-07-12T14:01:00Z,SEDENTARY,Fitbit App
2024-07-12T14:02:00Z,SEDENTARY,Fitbit App
2024-07-12T14:03:00Z,SEDENTARY,Fitbit App
2024-07-12T14:04:00Z,SEDENTARY,Fitbit App
2024-07-12T14:05:00Z,SEDENTARY,Fitbit App
2024-07-12T14:06:00Z,SEDENTARY,Fitbit App
2024-07-12T14:12:00Z,SEDENTARY,Fitbit App
2024-07-12T14:14:00Z,LIGHTLY_ACTIVE,Fitbit App
2024-07-12T14:15:00Z,SEDENTARY,Fitbit App
2024-07-12T14:17:00Z,LIGHTLY_ACTIVE,Fitbit App
2024-07-12T14:19:00Z,LIGHTLY_ACTIVE,Fitbit App
2024-07-12T14:21:00Z,SEDENTARY,Fitbit App
2024-07-12T14:22:00Z,LIGHTLY_ACTIVE,Fitbit App
2024-07-12T14:23:00Z,SEDENTARY,Fitbit App
2024-07-12T14:25:00Z,SEDENTARY,Fitbit App
2024-07-12T14:26:00Z,SEDENTARY,Fitbit App
2024-07-12T14:27:00Z,SEDENTARY,Fitbit App
2024-07-12T14:28:00Z,SEDENTARY,Fitbit App
2024-07-12T14:29:00Z,SEDENTARY,Fitbit App
2024-07-12T14:30:00Z,SEDENTARY,Fitbit App
2024-07-12T14:31:00Z,LIGHTLY_ACTIVE,Fitbit App
2024-07-12T14:32:00Z,SEDENTARY,Fitbit App
2024-07-12T14:33:00Z,SEDENTARY,Fitbit App
2024-07-12T14:34:00Z,SEDENTARY,Fitbit App
2024-07-12T14:35:00Z,SEDENTARY,Fitbit App
2024-07-12T14:36:00Z,SEDENTARY,Fitbit App
2024-07-12T14:37:00Z,SEDENTARY,Fitbit App
2024-07-12T14:38:00Z,SEDENTARY,Fitbit App
2024-07-12T14:39:00Z,SEDENTARY,Fitbit App
2024-07-12T14:41:00Z,SEDENTARY,Fitbit App
2024-07-12T14:43:00Z,LIGHTLY_ACTIVE,Fitbit App
2024-07-12T14:44:00Z,SEDENTARY,Fitbit App
2024-07-12T14:45:00Z,LIGHTLY_ACTIVE,Fitbit App
2024-07-12T14:49:00Z,SEDENTARY,Fitbit App
2024-07-12T14:50:00Z,SEDENTARY,Fitbit App
2024-07-12T14:51:00Z,SEDENTARY,Fitbit App
2024-07-12T14:52:00Z,SEDENTARY,Fitbit App
2024-07-12T14:53:00Z,SEDENTARY,Fitbit App
2024-07-12T14:54:00Z,SEDENTARY,Fitbit App
2024-07-12T14:55:00Z,SEDENTARY,Fitbit App
2024-07-12T14:56:00Z,LIGHTLY_ACTIVE,Fitbit App
2024-07-12T14:57:00Z,SEDENTARY,Fitbit App
2024-07-12T14:58:00Z,SEDENTARY,Fitbit App
2024-07-12T14:59:00Z,SEDENTARY,Fitbit App
2024-07-12T15:00:00Z,SEDENTARY,Fitbit App
2024-07-12T15:01:00Z,SEDENTARY,Fitbit App
2024-07-12T15:02:00Z,SEDENTARY,Fitbit App
2024-07-12T15:03:00Z,SEDENTARY,Fitbit App
2024-07-12T15:04:00Z,SEDENTARY,Fitbit App
2024-07-12T15:05:00Z,LIGHTLY_ACTIVE,Fitbit App
2024-07-12T15:06:00Z,LIGHTLY_ACTIVE,Fitbit App
2024-07-12T15:07:00Z,SEDENTARY,Fitbit App
2024-07-12T15:08:00Z,SEDENTARY,Fitbit App
2024-07-12T15:09:00Z,SEDENTARY,Fitbit App
2024-07-12T15:10:00Z,SEDENTARY,Fitbit App
2024-07-12T15:11:00Z,SEDENTARY,Fitbit App
2024-07-12T15:12:00Z,SEDENTARY,Fitbit App
2024-07-12T15:13:00Z,SEDENTARY,Fitbit App
2024-07-12T15:14:00Z,SEDENTARY,Fitbit App
2024-07-12T15:16:00Z,SEDENTARY,Fitbit App
2024-07-12T15:17:00Z,SEDENTARY,Fitbit App
2024-07-12T15:18:00Z,SEDENTARY,Fitbit App
2024-07-12T15:19:00Z,SEDENTARY,Fitbit App
2024-07-12T15:20:00Z,SEDENTARY,Fitbit App
2024-07-12T15:21:00Z,SEDENTARY,Fitbit App
2024-07-12T15:22:00Z,SEDENTARY,Fitbit App
2024-07-12T15:23:00Z,SEDENTARY,Fitbit App
2024-07-12T15:24:00Z,SEDENTARY,Fitbit App
2024-07-12T15:25:00Z,SEDENTARY,Fitbit App
2024-07-12T15:26:00Z,SEDENTARY,Fitbit App
2024-07-12T15:27:00Z,SEDENTARY,Fitbit App
2024-07-12T15:28:00Z,SEDENTARY,Fitbit App
2024-07-12T15:29:00Z,SEDENTARY,Fitbit App
2024-07-12T15:30:00Z,LIGHTLY_ACTIVE,Fitbit App
2024-07-12T15:31:00Z,LIGHTLY_ACTIVE,Fitbit App
2024-07-12T15:32:00Z,LIGHTLY_ACTIVE,Fitbit App
2024-07-12T15:34:00Z,SEDENTARY,Fitbit App
2024-07-12T15:35:00Z,SEDENTARY,Fitbit App
2024-07-12T15:36:00Z,SEDENTARY,Fitbit App
2024-07-12T15:38:00Z,SEDENTARY,Fitbit App
2024-07-12T15:39:00Z,SEDENTARY,Fitbit App
2024-07-12T15:40:00Z,LIGHTLY_ACTIVE,Fitbit App
2024-07-12T15:42:00Z,SEDENTARY,Fitbit App
2024-07-12T15:43:00Z,SEDENTARY,Fitbit App
2024-07-12T16:04:00Z,LIGHTLY_ACTIVE,Fitbit App
2024-07-12T16:05:00Z,LIGHTLY_ACTIVE,Fitbit App
2024-07-12T16:06:00Z,LIGHTLY_ACTIVE,Fitbit App
2024-07-12T16:08:00Z,SEDENTARY,Fitbit App
2024-07-12T16:09:00Z,LIGHTLY_ACTIVE,Fitbit App
2024-07-12T16:10:00Z,LIGHTLY_ACTIVE,Fitbit App
2024-07-12T16:11:00Z,LIGHTLY_ACTIVE,Fitbit App
2024-07-12T16:12:00Z,LIGHTLY_ACTIVE,Fitbit App
2024-07-12T16:13:00Z,SEDENTARY,Fitbit App
2024-07-12T16:14:00Z,SEDENTARY,Fitbit App
2024-07-12T16:17:00Z,LIGHTLY_ACTIVE,Fitbit App
2024-07-12T16:18:00Z,LIGHTLY_ACTIVE,Fitbit App
2024-07-12T16:19:00Z,LIGHTLY_ACTIVE,Fitbit App
2024-07-12T16:20:00Z,SEDENTARY,Fitbit App
2024-07-12T16:22:00Z,SEDENTARY,Fitbit App
2024-07-12T16:23:00Z,SEDENTARY,Fitbit App
2024-07-12T16:24:00Z,SEDENTARY,Fitbit App
2024-07-12T16:25:00Z,LIGHTLY_ACTIVE,Fitbit App
2024-07-12T16:26:00Z,SEDENTARY,Fitbit App
2024-07-12T16:27:00Z,SEDENTARY,Fitbit App
2024-07-12T16:28:00Z,SEDENTARY,Fitbit App
2024-07-12T16:31:00Z,SEDENTARY,Fitbit App
2024-07-12T16:32:00Z,LIGHTLY_ACTIVE,Fitbit App
2024-07-12T16:33:00Z,LIGHTLY_ACTIVE,Fitbit App
2024-07-12T16:34:00Z,SEDENTARY,Fitbit App
2024-07-12T16:35:00Z,SEDENTARY,Fitbit App
2024-07-12T16:36:00Z,SEDENTARY,Fitbit App
2024-07-12T16:37:00Z,LIGHTLY_ACTIVE,Fitbit App
2024-07-12T16:38:00Z,SEDENTARY,Fitbit App
2024-07-12T16:39:00Z,LIGHTLY_ACTIVE,Fitbit App
2024-07-12T16:40:00Z,LIGHTLY_ACTIVE,Fitbit App
2024-07-12T16:41:00Z,SEDENTARY,Fitbit App
2024-07-12T16:42:00Z,LIGHTLY_ACTIVE,Fitbit App
2024-07-12T16:43:00Z,SEDENTARY,Fitbit App
2024-07-12T16:44:00Z,SEDENTARY,Fitbit App
2024-07-12T16:45:00Z,SEDENTARY,Fitbit App
2024-07-12T16:46:00Z,SEDENTARY,Fitbit App
2024-07-12T16:47:00Z,SEDENTARY,Fitbit App
2024-07-12T16:48:00Z,SEDENTARY,Fitbit App
2024-07-12T16:49:00Z,SEDENTARY,Fitbit App
2024-07-12T16:50:00Z,LIGHTLY_ACTIVE,Fitbit App
2024-07-12T16:51:00Z,SEDENTARY,Fitbit App
2024-07-12T16:52:00Z,SEDENTARY,Fitbit App
2024-07-12T16:53:00Z,SEDENTARY,Fitbit App
2024-07-12T16:54:00Z,SEDENTARY,Fitbit App
2024-07-12T16:55:00Z,SEDENTARY,Fitbit App
2024-07-12T16:56:00Z,SEDENTARY,Fitbit App
2024-07-12T16:57:00Z,SEDENTARY,Fitbit App
2024-07-12T16:58:00Z,SEDENTARY,Fitbit App
2024-07-12T16:59:00Z,SEDENTARY,Fitbit App
2024-07-12T17:00:00Z,SEDENTARY,Fitbit App
2024-07-12T17:01:00Z,SEDENTARY,Fitbit App
2024-07-12T17:02:00Z,SEDENTARY,Fitbit App
2024-07-12T17:03:00Z,SEDENTARY,Fitbit App
2024-07-12T17:04:00Z,SEDENTARY,Fitbit App
2024-07-12T17:05:00Z,SEDENTARY,Fitbit App
2024-07-12T17:06:00Z,SEDENTARY,Fitbit App
2024-07-12T17:07:00Z,SEDENTARY,Fitbit App
2024-07-12T17:08:00Z,SEDENTARY,Fitbit App
2024-07-12T17:09:00Z,SEDENTARY,Fitbit App
2024-07-12T17:10:00Z,SEDENTARY,Fitbit App
2024-07-12T17:11:00Z,LIGHTLY_ACTIVE,Fitbit App
2024-07-12T17:12:00Z,LIGHTLY_ACTIVE,Fitbit App
2024-07-12T17:13:00Z,SEDENTARY,Fitbit App
2024-07-12T17:14:00Z,SEDENTARY,Fitbit App
2024-07-12T17:15:00Z,SEDENTARY,Fitbit App
2024-07-12T17:16:00Z,SEDENTARY,Fitbit App
2024-07-12T17:17:00Z,SEDENTARY,Fitbit App
2024-07-12T17:18:00Z,SEDENTARY,Fitbit App
2024-07-12T17:19:00Z,SEDENTARY,Fitbit App
2024-07-12T17:20:00Z,SEDENTARY,Fitbit App
2024-07-12T17:21:00Z,SEDENTARY,Fitbit App
2024-07-12T17:22:00Z,SEDENTARY,Fitbit App
2024-07-12T17:23:00Z,SEDENTARY,Fitbit App
2024-07-12T17:24:00Z,SEDENTARY,Fitbit App
2024-07-12T17:25:00Z,SEDENTARY,Fitbit App
2024-07-12T17:26:00Z,SEDENTARY,Fitbit App
2024-07-12T17:27:00Z,SEDENTARY,Fitbit App
2024-07-12T17:28:00Z,SEDENTARY,Fitbit App
2024-07-12T17:29:00Z,SEDENTARY,Fitbit App
2024-07-12T17:30:00Z,SEDENTARY,Fitbit App
2024-07-12T17:31:00Z,SEDENTARY,Fitbit App
2024-07-12T17:32:00Z,SEDENTARY,Fitbit App
2024-07-12T17:33:00Z,SEDENTARY,Fitbit App
2024-07-12T17:34:00Z,SEDENTARY,Fitbit App
2024-07-12T17:35:00Z,SEDENTARY,Fitbit App
2024-07-12T17:36:00Z,SEDENTARY,Fitbit App
2024-07-12T17:37:00Z,LIGHTLY_ACTIVE,Fitbit App
2024-07-12T17:38:00Z,SEDENTARY,Fitbit App
2024-07-12T17:39:00Z,LIGHTLY_ACTIVE,Fitbit App
2024-07-12T17:40:00Z,SEDENTARY,Fitbit App
2024-07-12T17:41:00Z,LIGHTLY_ACTIVE,Fitbit App
2024-07-12T17:42:00Z,SEDENTARY,Fitbit App
2024-07-12T17:43:00Z,SEDENTARY,Fitbit App
2024-07-12T17:44:00Z,SEDENTARY,Fitbit App
2024-07-12T17:45:00Z,SEDENTARY,Fitbit App
2024-07-12T17:46:00Z,SEDENTARY,Fitbit App
2024-07-12T17:47:00Z,SEDENTARY,Fitbit App
2024-07-12T17:48:00Z,LIGHTLY_ACTIVE,Fitbit App
2024-07-12T17:49:00Z,SEDENTARY,Fitbit App
2024-07-12T17:50:00Z,SEDENTARY,Fitbit App
2024-07-12T17:51:00Z,SEDENTARY,Fitbit App
2024-07-12T17:52:00Z,SEDENTARY,Fitbit App
2024-07-12T17:53:00Z,SEDENTARY,Fitbit App
2024-07-12T17:54:00Z,SEDENTARY,Fitbit App
2024-07-12T17:55:00Z,SEDENTARY,Fitbit App
2024-07-12T17:56:00Z,SEDENTARY,Fitbit App
2024-07-12T17:58:00Z,LIGHTLY_ACTIVE,Fitbit App
2024-07-12T17:59:00Z,LIGHTLY_ACTIVE,Fitbit App
2024-07-12T18:00:00Z,LIGHTLY_ACTIVE,Fitbit App
2024-07-12T18:01:00Z,LIGHTLY_ACTIVE,Fitbit App
2024-07-12T18:02:00Z,LIGHTLY_ACTIVE,Fitbit App
2024-07-12T18:03:00Z,SEDENTARY,Fitbit App
2024-07-12T18:04:00Z,SEDENTARY,Fitbit App
2024-07-12T18:05:00Z,SEDENTARY,Fitbit App
2024-07-12T18:06:00Z,SEDENTARY,Fitbit App
2024-07-12T18:07:00Z,LIGHTLY_ACTIVE,Fitbit App
2024-07-12T18:08:00Z,SEDENTARY,Fitbit App
2024-07-12T18:09:00Z,SEDENTARY,Fitbit App
2024-07-12T18:10:00Z,SEDENTARY,Fitbit App
2024-07-12T18:11:00Z,SEDENTARY,Fitbit App
2024-07-12T18:12:00Z,SEDENTARY,Fitbit App
2024-07-12T18:13:00Z,SEDENTARY,Fitbit App
2024-07-12T18:14:00Z,SEDENTARY,Fitbit App
2024-07-12T18:15:00Z,SEDENTARY,Fitbit App
2024-07-12T18:16:00Z,SEDENTARY,Fitbit App
2024-07-12T18:17:00Z,LIGHTLY_ACTIVE,Fitbit App
2024-07-12T18:18:00Z,SEDENTARY,Fitbit App
2024-07-12T18:19:00Z,SEDENTARY,Fitbit App
2024-07-12T18:20:00Z,SEDENTARY,Fitbit App
2024-07-12T18:21:00Z,SEDENTARY,Fitbit App
2024-07-12T18:23:00Z,SEDENTARY,Fitbit App
2024-07-12T18:24:00Z,SEDENTARY,Fitbit App
2024-07-12T18:25:00Z,SEDENTARY,Fitbit App
2024-07-12T18:28:00Z,SEDENTARY,Fitbit App
2024-07-12T18:29:00Z,SEDENTARY,Fitbit App
2024-07-12T18:30:00Z,SEDENTARY,Fitbit App
2024-07-12T18:31:00Z,SEDENTARY,Fitbit App
2024-07-12T18:32:00Z,LIGHTLY_ACTIVE,Fitbit App
2024-07-12T18:33:00Z,LIGHTLY_ACTIVE,Fitbit App
2024-07-12T18:34:00Z,LIGHTLY_ACTIVE,Fitbit App
2024-07-12T18:35:00Z,LIGHTLY_ACTIVE,Fitbit App
2024-07-12T18:36:00Z,SEDENTARY,Fitbit App
2024-07-12T18:37:00Z,SEDENTARY,Fitbit App
2024-07-12T18:38:00Z,SEDENTARY,Fitbit App
2024-07-12T18:39:00Z,SEDENTARY,Fitbit App
2024-07-12T18:40:00Z,SEDENTARY,Fitbit App
2024-07-12T18:41:00Z,LIGHTLY_ACTIVE,Fitbit App
2024-07-12T18:42:00Z,LIGHTLY_ACTIVE,Fitbit App
2024-07-12T18:43:00Z,LIGHTLY_ACTIVE,Fitbit App
2024-07-12T18:44:00Z,LIGHTLY_ACTIVE,Fitbit App
2024-07-12T18:45:00Z,LIGHTLY_ACTIVE,Fitbit App
2024-07-12T18:46:00Z,LIGHTLY_ACTIVE,Fitbit App
2024-07-12T18:47:00Z,SEDENTARY,Fitbit App
2024-07-12T18:48:00Z,SEDENTARY,Fitbit App
2024-07-12T18:49:00Z,LIGHTLY_ACTIVE,Fitbit App
2024-07-12T18:50:00Z,SEDENTARY,Fitbit App
2024-07-12T18:51:00Z,SEDENTARY,Fitbit App
2024-07-12T18:52:00Z,SEDENTARY,Fitbit App
2024-07-12T18:53:00Z,SEDENTARY,Fitbit App
2024-07-12T18:54:00Z,SEDENTARY,Fitbit App
2024-07-12T18:55:00Z,SEDENTARY,Fitbit App
2024-07-12T18:56:00Z,SEDENTARY,Fitbit App
2024-07-12T18:58:00Z,SEDENTARY,Fitbit App
2024-07-12T18:59:00Z,SEDENTARY,Fitbit App
2024-07-12T19:00:00Z,SEDENTARY,Fitbit App
2024-07-12T19:01:00Z,SEDENTARY,Fitbit App
2024-07-12T19:02:00Z,SEDENTARY,Fitbit App
2024-07-12T19:03:00Z,SEDENTARY,Fitbit App
2024-07-12T19:04:00Z,SEDENTARY,Fitbit App
2024-07-12T19:05:00Z,SEDENTARY,Fitbit App
2024-07-12T19:06:00Z,SEDENTARY,Fitbit App
2024-07-12T19:07:00Z,SEDENTARY,Fitbit App
2024-07-12T19:08:00Z,SEDENTARY,Fitbit App
2024-07-12T19:09:00Z,SEDENTARY,Fitbit App
2024-07-12T19:10:00Z,SEDENTARY,Fitbit App
2024-07-12T19:11:00Z,SEDENTARY,Fitbit App
2024-07-12T19:12:00Z,SEDENTARY,Fitbit App
2024-07-12T19:13:00Z,SEDENTARY,Fitbit App
2024-07-12T19:14:00Z,SEDENTARY,Fitbit App
2024-07-12T19:15:00Z,SEDENTARY,Fitbit App
2024-07-12T19:17:00Z,SEDENTARY,Fitbit App
2024-07-12T19:18:00Z,SEDENTARY,Fitbit App
2024-07-12T19:19:00Z,SEDENTARY,Fitbit App
2024-07-12T19:20:00Z,SEDENTARY,Fitbit App
2024-07-12T19:22:00Z,SEDENTARY,Fitbit App
2024-07-12T19:30:00Z,SEDENTARY,Fitbit App
2024-07-12T19:31:00Z,LIGHTLY_ACTIVE,Fitbit App
2024-07-12T19:32:00Z,LIGHTLY_ACTIVE,Fitbit App
2024-07-12T19:33:00Z,LIGHTLY_ACTIVE,Fitbit App
2024-07-12T19:34:00Z,SEDENTARY,Fitbit App
2024-07-12T19:35:00Z,LIGHTLY_ACTIVE,Fitbit App
2024-07-12T19:36:00Z,SEDENTARY,Fitbit App
2024-07-12T19:37:00Z,SEDENTARY,Fitbit App
2024-07-12T19:38:00Z,LIGHTLY_ACTIVE,Fitbit App
2024-07-12T19:39:00Z,SEDENTARY,Fitbit App
2024-07-12T19:40:00Z,SEDENTARY,Fitbit App
2024-07-12T19:41:00Z,SEDENTARY,Fitbit App
2024-07-12T19:42:00Z,LIGHTLY_ACTIVE,Fitbit App
2024-07-12T19:43:00Z,SEDENTARY,Fitbit App
2024-07-12T19:44:00Z,SEDENTARY,Fitbit App
2024-07-12T19:45:00Z,LIGHTLY_ACTIVE,Fitbit App
2024-07-12T19:46:00Z,SEDENTARY,Fitbit App
2024-07-12T19:47:00Z,SEDENTARY,Fitbit App
2024-07-12T19:48:00Z,SEDENTARY,Fitbit App
2024-07-12T19:49:00Z,SEDENTARY,Fitbit App
2024-07-12T19:50:00Z,LIGHTLY_ACTIVE,Fitbit App
2024-07-12T19:51:00Z,LIGHTLY_ACTIVE,Fitbit App
2024-07-12T19:52:00Z,SEDENTARY,Fitbit App
2024-07-12T19:53:00Z,SEDENTARY,Fitbit App
2024-07-12T19:54:00Z,SEDENTARY,Fitbit App
2024-07-12T19:55:00Z,SEDENTARY,Fitbit App
2024-07-12T19:56:00Z,SEDENTARY,Fitbit App
2024-07-12T19:57:00Z,SEDENTARY,Fitbit App
2024-07-12T19:58:00Z,LIGHTLY_ACTIVE,Fitbit App
2024-07-12T19:59:00Z,LIGHTLY_ACTIVE,Fitbit App
2024-07-12T20:00:00Z,SEDENTARY,Fitbit App
2024-07-12T20:01:00Z,SEDENTARY,Fitbit App
2024-07-12T20:02:00Z,SEDENTARY,Fitbit App
2024-07-12T20:03:00Z,LIGHTLY_ACTIVE,Fitbit App
2024-07-12T20:04:00Z,SEDENTARY,Fitbit App
2024-07-12T20:07:00Z,SEDENTARY,Fitbit App
2024-07-12T20:08:00Z,SEDENTARY,Fitbit App
2024-07-12T20:09:00Z,SEDENTARY,Fitbit App
2024-07-12T20:11:00Z,SEDENTARY,Fitbit App
2024-07-12T20:12:00Z,SEDENTARY,Fitbit App
2024-07-12T20:14:00Z,SEDENTARY,Fitbit App
2024-07-12T20:15:00Z,SEDENTARY,Fitbit App
2024-07-12T20:16:00Z,SEDENTARY,Fitbit App
2024-07-12T20:17:00Z,SEDENTARY,Fitbit App
2024-07-12T20:18:00Z,SEDENTARY,Fitbit App
2024-07-12T20:19:00Z,SEDENTARY,Fitbit App
2024-07-12T20:20:00Z,SEDENTARY,Fitbit App
2024-07-12T20:21:00Z,SEDENTARY,Fitbit App
2024-07-12T20:22:00Z,SEDENTARY,Fitbit App
2024-07-12T20:24:00Z,SEDENTARY,Fitbit App
2024-07-12T20:25:00Z,SEDENTARY,Fitbit App
2024-07-12T20:27:00Z,SEDENTARY,Fitbit App
2024-07-12T20:28:00Z,SEDENTARY,Fitbit App
2024-07-12T20:30:00Z,SEDENTARY,Fitbit App
2024-07-12T20:31:00Z,SEDENTARY,Fitbit App
2024-07-12T20:32:00Z,SEDENTARY,Fitbit App
2024-07-12T20:34:00Z,SEDENTARY,Fitbit App
2024-07-12T20:35:00Z,SEDENTARY,Fitbit App
2024-07-12T20:36:00Z,SEDENTARY,Fitbit App
2024-07-12T20:37:00Z,SEDENTARY,Fitbit App
2024-07-12T20:38:00Z,SEDENTARY,Fitbit App
2024-07-12T20:39:00Z,SEDENTARY,Fitbit App
2024-07-12T20:40:00Z,SEDENTARY,Fitbit App
2024-07-12T20:41:00Z,SEDENTARY,Fitbit App
2024-07-12T20:42:00Z,SEDENTARY,Fitbit App
2024-07-12T20:43:00Z,SEDENTARY,Fitbit App
2024-07-12T20:44:00Z,SEDENTARY,Fitbit App
2024-07-12T20:45:00Z,SEDENTARY,Fitbit App
2024-07-12T20:46:00Z,SEDENTARY,Fitbit App
2024-07-12T20:47:00Z,SEDENTARY,Fitbit App
2024-07-12T20:48:00Z,SEDENTARY,Fitbit App
2024-07-12T20:49:00Z,SEDENTARY,Fitbit App
2024-07-12T20:50:00Z,SEDENTARY,Fitbit App
2024-07-12T20:51:00Z,SEDENTARY,Fitbit App
2024-07-12T20:52:00Z,SEDENTARY,Fitbit App
2024-07-12T20:53:00Z,SEDENTARY,Fitbit App
2024-07-12T20:54:00Z,SEDENTARY,Fitbit App
2024-07-12T20:55:00Z,SEDENTARY,Fitbit App
2024-07-12T20:56:00Z,LIGHTLY_ACTIVE,Fitbit App
2024-07-12T20:57:00Z,LIGHTLY_ACTIVE,Fitbit App
2024-07-12T20:58:00Z,SEDENTARY,Fitbit App
2024-07-12T21:00:00Z,SEDENTARY,Fitbit App
2024-07-12T21:06:00Z,SEDENTARY,Fitbit App
2024-07-12T21:07:00Z,SEDENTARY,Fitbit App
2024-07-12T21:10:00Z,SEDENTARY,Fitbit App
2024-07-12T21:11:00Z,SEDENTARY,Fitbit App
2024-07-12T21:12:00Z,SEDENTARY,Fitbit App
2024-07-12T21:13:00Z,SEDENTARY,Fitbit App
2024-07-12T21:14:00Z,SEDENTARY,Fitbit App
2024-07-12T21:15:00Z,SEDENTARY,Fitbit App
2024-07-12T21:16:00Z,SEDENTARY,Fitbit App
2024-07-12T21:17:00Z,SEDENTARY,Fitbit App
2024-07-12T21:18:00Z,SEDENTARY,Fitbit App
2024-07-12T21:19:00Z,SEDENTARY,Fitbit App
2024-07-12T21:20:00Z,SEDENTARY,Fitbit App
2024-07-12T21:21:00Z,SEDENTARY,Fitbit App
2024-07-12T21:22:00Z,LIGHTLY_ACTIVE,Fitbit App
2024-07-12T21:23:00Z,SEDENTARY,Fitbit App
2024-07-12T21:24:00Z,SEDENTARY,Fitbit App
2024-07-12T21:25:00Z,SEDENTARY,Fitbit App
2024-07-12T21:26:00Z,SEDENTARY,Fitbit App
2024-07-12T21:28:00Z,SEDENTARY,Fitbit App
2024-07-12T21:29:00Z,SEDENTARY,Fitbit App
2024-07-12T21:30:00Z,SEDENTARY,Fitbit App
2024-07-12T21:33:00Z,SEDENTARY,Fitbit App
2024-07-12T21:34:00Z,SEDENTARY,Fitbit App
2024-07-12T21:35:00Z,SEDENTARY,Fitbit App
2024-07-12T21:36:00Z,SEDENTARY,Fitbit App
2024-07-12T21:37:00Z,SEDENTARY,Fitbit App
2024-07-12T21:39:00Z,SEDENTARY,Fitbit App
2024-07-12T21:40:00Z,SEDENTARY,Fitbit App
2024-07-12T21:41:00Z,SEDENTARY,Fitbit App
2024-07-12T21:42:00Z,SEDENTARY,Fitbit App
2024-07-12T21:43:00Z,SEDENTARY,Fitbit App
2024-07-12T21:44:00Z,SEDENTARY,Fitbit App
2024-07-12T21:45:00Z,SEDENTARY,Fitbit App
2024-07-12T21:46:00Z,LIGHTLY_ACTIVE,Fitbit App
2024-07-12T21:47:00Z,SEDENTARY,Fitbit App
2024-07-12T21:49:00Z,SEDENTARY,Fitbit App
2024-07-12T21:50:00Z,SEDENTARY,Fitbit App
2024-07-12T21:51:00Z,SEDENTARY,Fitbit App
2024-07-12T21:52:00Z,LIGHTLY_ACTIVE,Fitbit App
2024-07-12T21:53:00Z,LIGHTLY_ACTIVE,Fitbit App
2024-07-12T21:54:00Z,LIGHTLY_ACTIVE,Fitbit App
2024-07-12T21:55:00Z,LIGHTLY_ACTIVE,Fitbit App
2024-07-12T21:56:00Z,LIGHTLY_ACTIVE,Fitbit App
2024-07-12T21:57:00Z,SEDENTARY,Fitbit App
2024-07-12T21:58:00Z,SEDENTARY,Fitbit App
2024-07-12T21:59:00Z,SEDENTARY,Fitbit App
2024-07-12T22:00:00Z,SEDENTARY,Fitbit App
2024-07-12T22:03:00Z,SEDENTARY,Fitbit App
2024-07-12T22:09:00Z,SEDENTARY,Fitbit App
2024-07-12T22:49:00Z,SEDENTARY,Fitbit App
2024-07-12T22:50:00Z,SEDENTARY,Fitbit App
2024-07-12T23:10:00Z,SEDENTARY,Fitbit App
2024-07-12T23:33:00Z,SEDENTARY,Fitbit App
2024-07-13T00:05:00Z,SEDENTARY,Fitbit App
2024-07-13T00:06:00Z,SEDENTARY,Fitbit App
2024-07-13T00:38:00Z,SEDENTARY,Fitbit App
2024-07-13T00:46:00Z,SEDENTARY,Fitbit App
2024-07-13T01:36:00Z,SEDENTARY,Fitbit App
2024-07-13T02:19:00Z,SEDENTARY,Fitbit App
2024-07-13T02:20:00Z,SEDENTARY,Fitbit App
2024-07-13T02:47:00Z,SEDENTARY,Fitbit App
2024-07-13T03:18:00Z,SEDENTARY,Fitbit App
2024-07-13T04:03:00Z,SEDENTARY,Fitbit App
2024-07-13T04:09:00Z,SEDENTARY,Fitbit App
2024-07-13T04:19:00Z,SEDENTARY,Fitbit App
2024-07-13T04:20:00Z,SEDENTARY,Fitbit App
2024-07-13T04:24:00Z,SEDENTARY,Fitbit App
2024-07-13T04:35:00Z,SEDENTARY,Fitbit App
2024-07-13T04:39:00Z,SEDENTARY,Fitbit App
2024-07-13T04:40:00Z,SEDENTARY,Fitbit App
2024-07-13T04:41:00Z,SEDENTARY,Fitbit App
2024-07-13T04:42:00Z,SEDENTARY,Fitbit App
2024-07-13T04:43:00Z,LIGHTLY_ACTIVE,Fitbit App
2024-07-13T04:44:00Z,SEDENTARY,Fitbit App
2024-07-13T04:45:00Z,SEDENTARY,Fitbit App
2024-07-13T04:46:00Z,SEDENTARY,Fitbit App
2024-07-13T04:47:00Z,SEDENTARY,Fitbit App
2024-07-13T04:48:00Z,SEDENTARY,Fitbit App
2024-07-13T04:49:00Z,SEDENTARY,Fitbit App
2024-07-13T04:50:00Z,LIGHTLY_ACTIVE,Fitbit App
2024-07-13T05:00:00Z,LIGHTLY_ACTIVE,Fitbit App
2024-07-13T05:01:00Z,LIGHTLY_ACTIVE,Fitbit App
2024-07-13T05:02:00Z,SEDENTARY,Fitbit App
2024-07-13T05:03:00Z,SEDENTARY,Fitbit App
2024-07-13T05:04:00Z,SEDENTARY,Fitbit App
2024-07-13T05:05:00Z,SEDENTARY,Fitbit App
2024-07-13T05:06:00Z,LIGHTLY_ACTIVE,Fitbit App
2024-07-13T05:07:00Z,LIGHTLY_ACTIVE,Fitbit App
2024-07-13T05:08:00Z,LIGHTLY_ACTIVE,Fitbit App
2024-07-13T06:26:00Z,SEDENTARY,Fitbit App
2024-07-13T06:27:00Z,LIGHTLY_ACTIVE,Fitbit App
2024-07-13T06:28:00Z,LIGHTLY_ACTIVE,Fitbit App
2024-07-13T06:29:00Z,SEDENTARY,Fitbit App
2024-07-13T06:30:00Z,SEDENTARY,Fitbit App
2024-07-13T06:32:00Z,SEDENTARY,Fitbit App
2024-07-13T06:33:00Z,SEDENTARY,Fitbit App
2024-07-13T06:34:00Z,SEDENTARY,Fitbit App
2024-07-13T06:35:00Z,SEDENTARY,Fitbit App
2024-07-13T06:40:00Z,SEDENTARY,Fitbit App
2024-07-13T06:42:00Z,SEDENTARY,Fitbit App
2024-07-13T06:43:00Z,LIGHTLY_ACTIVE,Fitbit App
2024-07-13T06:44:00Z,SEDENTARY,Fitbit App
2024-07-13T06:45:00Z,SEDENTARY,Fitbit App
2024-07-13T06:46:00Z,LIGHTLY_ACTIVE,Fitbit App
2024-07-13T06:47:00Z,LIGHTLY_ACTIVE,Fitbit App
2024-07-13T06:48:00Z,LIGHTLY_ACTIVE,Fitbit App
2024-07-13T06:49:00Z,LIGHTLY_ACTIVE,Fitbit App
2024-07-13T06:50:00Z,SEDENTARY,Fitbit App
2024-07-13T06:51:00Z,LIGHTLY_ACTIVE,Fitbit App
2024-07-13T06:52:00Z,LIGHTLY_ACTIVE,Fitbit App
2024-07-13T06:53:00Z,LIGHTLY_ACTIVE,Fitbit App
2024-07-13T06:54:00Z,LIGHTLY_ACTIVE,Fitbit App
2024-07-13T06:55:00Z,LIGHTLY_ACTIVE,Fitbit App
2024-07-13T06:56:00Z,LIGHTLY_ACTIVE,Fitbit App
2024-07-13T06:57:00Z,SEDENTARY,Fitbit App
2024-07-13T06:58:00Z,SEDENTARY,Fitbit App
2024-07-13T06:59:00Z,SEDENTARY,Fitbit App
2024-07-13T07:00:00Z,LIGHTLY_ACTIVE,Fitbit App
2024-07-13T07:01:00Z,MODERATELY_ACTIVE,Fitbit App
2024-07-13T07:02:00Z,VERY_ACTIVE,Fitbit App
2024-07-13T07:03:00Z,VERY_ACTIVE,Fitbit App
2024-07-13T07:04:00Z,VERY_ACTIVE,Fitbit App
2024-07-13T07:05:00Z,MODERATELY_ACTIVE,Fitbit App
2024-07-13T07:06:00Z,MODERATELY_ACTIVE,Fitbit App
2024-07-13T07:07:00Z,SEDENTARY,Fitbit App
2024-07-13T07:08:00Z,SEDENTARY,Fitbit App
2024-07-13T07:09:00Z,LIGHTLY_ACTIVE,Fitbit App
2024-07-13T07:10:00Z,SEDENTARY,Fitbit App
2024-07-13T07:11:00Z,SEDENTARY,Fitbit App
2024-07-13T07:12:00Z,SEDENTARY,Fitbit App
2024-07-13T07:13:00Z,SEDENTARY,Fitbit App
2024-07-13T07:14:00Z,SEDENTARY,Fitbit App
2024-07-13T07:15:00Z,SEDENTARY,Fitbit App
2024-07-13T07:16:00Z,SEDENTARY,Fitbit App
2024-07-13T07:17:00Z,SEDENTARY,Fitbit App
2024-07-13T07:18:00Z,SEDENTARY,Fitbit App
2024-07-13T07:19:00Z,SEDENTARY,Fitbit App
2024-07-13T07:20:00Z,LIGHTLY_ACTIVE,Fitbit App
2024-07-13T07:21:00Z,SEDENTARY,Fitbit App
2024-07-13T07:22:00Z,SEDENTARY,Fitbit App
2024-07-13T07:23:00Z,SEDENTARY,Fitbit App
2024-07-13T07:24:00Z,SEDENTARY,Fitbit App
2024-07-13T07:25:00Z,LIGHTLY_ACTIVE,Fitbit App
2024-07-13T07:26:00Z,MODERATELY_ACTIVE,Fitbit App
2024-07-13T07:27:00Z,VERY_ACTIVE,Fitbit App
2024-07-13T07:28:00Z,MODERATELY_ACTIVE,Fitbit App
2024-07-13T07:29:00Z,VERY_ACTIVE,Fitbit App
2024-07-13T07:30:00Z,VERY_ACTIVE,Fitbit App
2024-07-13T07:31:00Z,VERY_ACTIVE,Fitbit App
2024-07-13T07:32:00Z,VERY_ACTIVE,Fitbit App
2024-07-13T07:33:00Z,VERY_ACTIVE,Fitbit App
2024-07-13T07:34:00Z,VERY_ACTIVE,Fitbit App
2024-07-13T07:35:00Z,SEDENTARY,Fitbit App
2024-07-13T07:36:00Z,SEDENTARY,Fitbit App
2024-07-13T07:37:00Z,LIGHTLY_ACTIVE,Fitbit App
2024-07-13T07:38:00Z,SEDENTARY,Fitbit App
2024-07-13T07:39:00Z,SEDENTARY,Fitbit App
2024-07-13T07:40:00Z,LIGHTLY_ACTIVE,Fitbit App
2024-07-13T07:41:00Z,LIGHTLY_ACTIVE,Fitbit App
2024-07-13T07:42:00Z,LIGHTLY_ACTIVE,Fitbit App
2024-07-13T07:43:00Z,SEDENTARY,Fitbit App
2024-07-13T07:44:00Z,SEDENTARY,Fitbit App
2024-07-13T07:45:00Z,LIGHTLY_ACTIVE,Fitbit App
2024-07-13T07:46:00Z,MODERATELY_ACTIVE,Fitbit App
2024-07-13T07:47:00Z,MODERATELY_ACTIVE,Fitbit App
2024-07-13T07:48:00Z,MODERATELY_ACTIVE,Fitbit App
2024-07-13T07:49:00Z,SEDENTARY,Fitbit App
2024-07-13T07:50:00Z,SEDENTARY,Fitbit App
2024-07-13T07:51:00Z,SEDENTARY,Fitbit App
2024-07-13T07:52:00Z,SEDENTARY,Fitbit App
2024-07-13T07:53:00Z,SEDENTARY,Fitbit App
2024-07-13T07:54:00Z,SEDENTARY,Fitbit App
2024-07-13T07:55:00Z,SEDENTARY,Fitbit App
2024-07-13T07:56:00Z,SEDENTARY,Fitbit App
2024-07-13T07:57:00Z,SEDENTARY,Fitbit App
2024-07-13T07:58:00Z,LIGHTLY_ACTIVE,Fitbit App
2024-07-13T07:59:00Z,SEDENTARY,Fitbit App
2024-07-13T08:00:00Z,SEDENTARY,Fitbit App
2024-07-13T08:01:00Z,SEDENTARY,Fitbit App
2024-07-13T08:02:00Z,SEDENTARY,Fitbit App
2024-07-13T08:03:00Z,SEDENTARY,Fitbit App
2024-07-13T08:04:00Z,SEDENTARY,Fitbit App
2024-07-13T08:05:00Z,SEDENTARY,Fitbit App
2024-07-13T08:06:00Z,SEDENTARY,Fitbit App
2024-07-13T08:07:00Z,SEDENTARY,Fitbit App
2024-07-13T08:08:00Z,SEDENTARY,Fitbit App
2024-07-13T08:09:00Z,SEDENTARY,Fitbit App
2024-07-13T08:10:00Z,SEDENTARY,Fitbit App
2024-07-13T08:11:00Z,LIGHTLY_ACTIVE,Fitbit App
2024-07-13T08:12:00Z,SEDENTARY,Fitbit App
2024-07-13T08:13:00Z,SEDENTARY,Fitbit App
2024-07-13T08:14:00Z,LIGHTLY_ACTIVE,Fitbit App
2024-07-13T08:15:00Z,SEDENTARY,Fitbit App
2024-07-13T08:16:00Z,SEDENTARY,Fitbit App
2024-07-13T08:17:00Z,SEDENTARY,Fitbit App
2024-07-13T08:18:00Z,SEDENTARY,Fitbit App
2024-07-13T08:19:00Z,SEDENTARY,Fitbit App
2024-07-13T08:20:00Z,SEDENTARY,Fitbit App
2024-07-13T08:21:00Z,SEDENTARY,Fitbit App
2024-07-13T08:22:00Z,SEDENTARY,Fitbit App
2024-07-13T08:23:00Z,LIGHTLY_ACTIVE,Fitbit App
2024-07-13T08:24:00Z,VERY_ACTIVE,Fitbit App
2024-07-13T08:25:00Z,VERY_ACTIVE,Fitbit App
2024-07-13T08:26:00Z,VERY_ACTIVE,Fitbit App
2024-07-13T08:27:00Z,VERY_ACTIVE,Fitbit App
2024-07-13T08:28:00Z,VERY_ACTIVE,Fitbit App
2024-07-13T08:29:00Z,VERY_ACTIVE,Fitbit App
2024-07-13T08:30:00Z,VERY_ACTIVE,Fitbit App
2024-07-13T08:31:00Z,VERY_ACTIVE,Fitbit App
2024-07-13T08:32:00Z,MODERATELY_ACTIVE,Fitbit App
2024-07-13T08:33:00Z,VERY_ACTIVE,Fitbit App
2024-07-13T08:34:00Z,VERY_ACTIVE,Fitbit App
2024-07-13T08:35:00Z,VERY_ACTIVE,Fitbit App
2024-07-13T08:36:00Z,VERY_ACTIVE,Fitbit App
2024-07-13T08:37:00Z,VERY_ACTIVE,Fitbit App
2024-07-13T08:38:00Z,VERY_ACTIVE,Fitbit App
2024-07-13T08:39:00Z,VERY_ACTIVE,Fitbit App
2024-07-13T08:40:00Z,VERY_ACTIVE,Fitbit App
2024-07-13T08:41:00Z,LIGHTLY_ACTIVE,Fitbit App
2024-07-13T08:42:00Z,VERY_ACTIVE,Fitbit App
2024-07-13T08:43:00Z,SEDENTARY,Fitbit App
2024-07-13T08:44:00Z,SEDENTARY,Fitbit App
2024-07-13T08:45:00Z,SEDENTARY,Fitbit App
2024-07-13T08:46:00Z,LIGHTLY_ACTIVE,Fitbit App
2024-07-13T08:47:00Z,VERY_ACTIVE,Fitbit App
2024-07-13T08:48:00Z,VERY_ACTIVE,Fitbit App
2024-07-13T08:49:00Z,MODERATELY_ACTIVE,Fitbit App
2024-07-13T08:50:00Z,SEDENTARY,Fitbit App
2024-07-13T08:51:00Z,MODERATELY_ACTIVE,Fitbit App
2024-07-13T08:52:00Z,VERY_ACTIVE,Fitbit App
2024-07-13T08:53:00Z,VERY_ACTIVE,Fitbit App
2024-07-13T08:54:00Z,MODERATELY_ACTIVE,Fitbit App
2024-07-13T08:55:00Z,SEDENTARY,Fitbit App
2024-07-13T08:56:00Z,SEDENTARY,Fitbit App
2024-07-13T08:57:00Z,SEDENTARY,Fitbit App
2024-07-13T08:58:00Z,SEDENTARY,Fitbit App
2024-07-13T08:59:00Z,SEDENTARY,Fitbit App
2024-07-13T09:00:00Z,SEDENTARY,Fitbit App
2024-07-13T09:01:00Z,SEDENTARY,Fitbit App
2024-07-13T09:03:00Z,SEDENTARY,Fitbit App
2024-07-13T09:04:00Z,SEDENTARY,Fitbit App
2024-07-13T09:05:00Z,SEDENTARY,Fitbit App
2024-07-13T09:06:00Z,SEDENTARY,Fitbit App
2024-07-13T09:07:00Z,SEDENTARY,Fitbit App
2024-07-13T09:08:00Z,SEDENTARY,Fitbit App
2024-07-13T09:09:00Z,SEDENTARY,Fitbit App
2024-07-13T09:10:00Z,SEDENTARY,Fitbit App
2024-07-13T09:11:00Z,SEDENTARY,Fitbit App
2024-07-13T09:12:00Z,SEDENTARY,Fitbit App
2024-07-13T09:13:00Z,SEDENTARY,Fitbit App
2024-07-13T09:14:00Z,SEDENTARY,Fitbit App
2024-07-13T09:15:00Z,SEDENTARY,Fitbit App
2024-07-13T09:16:00Z,SEDENTARY,Fitbit App
2024-07-13T09:17:00Z,SEDENTARY,Fitbit App
2024-07-13T09:18:00Z,SEDENTARY,Fitbit App
2024-07-13T09:19:00Z,SEDENTARY,Fitbit App
2024-07-13T09:20:00Z,SEDENTARY,Fitbit App
2024-07-13T09:21:00Z,SEDENTARY,Fitbit App
2024-07-13T09:22:00Z,SEDENTARY,Fitbit App
2024-07-13T09:23:00Z,SEDENTARY,Fitbit App
2024-07-13T09:24:00Z,SEDENTARY,Fitbit App
2024-07-13T09:25:00Z,SEDENTARY,Fitbit App
2024-07-13T09:26:00Z,SEDENTARY,Fitbit App
2024-07-13T09:27:00Z,SEDENTARY,Fitbit App
2024-07-13T09:28:00Z,SEDENTARY,Fitbit App
2024-07-13T09:29:00Z,SEDENTARY,Fitbit App
2024-07-13T09:30:00Z,SEDENTARY,Fitbit App
2024-07-13T09:31:00Z,SEDENTARY,Fitbit App
2024-07-13T09:32:00Z,SEDENTARY,Fitbit App
2024-07-13T09:33:00Z,SEDENTARY,Fitbit App
2024-07-13T09:34:00Z,SEDENTARY,Fitbit App
2024-07-13T09:35:00Z,SEDENTARY,Fitbit App
2024-07-13T09:36:00Z,SEDENTARY,Fitbit App
2024-07-13T09:37:00Z,SEDENTARY,Fitbit App
2024-07-13T09:38:00Z,SEDENTARY,Fitbit App
2024-07-13T09:39:00Z,SEDENTARY,Fitbit App
2024-07-13T09:40:00Z,SEDENTARY,Fitbit App
2024-07-13T09:41:00Z,SEDENTARY,Fitbit App
2024-07-13T09:42:00Z,SEDENTARY,Fitbit App
2024-07-13T09:43:00Z,SEDENTARY,Fitbit App
2024-07-13T09:44:00Z,SEDENTARY,Fitbit App
2024-07-13T09:45:00Z,SEDENTARY,Fitbit App
2024-07-13T09:46:00Z,SEDENTARY,Fitbit App
2024-07-13T09:47:00Z,SEDENTARY,Fitbit App
2024-07-13T09:48:00Z,SEDENTARY,Fitbit App
2024-07-13T09:49:00Z,SEDENTARY,Fitbit App
2024-07-13T09:50:00Z,SEDENTARY,Fitbit App
2024-07-13T09:51:00Z,SEDENTARY,Fitbit App
2024-07-13T09:52:00Z,SEDENTARY,Fitbit App
2024-07-13T09:53:00Z,SEDENTARY,Fitbit App
2024-07-13T09:54:00Z,SEDENTARY,Fitbit App
2024-07-13T09:55:00Z,SEDENTARY,Fitbit App
2024-07-13T09:56:00Z,SEDENTARY,Fitbit App
2024-07-13T09:57:00Z,SEDENTARY,Fitbit App
2024-07-13T09:58:00Z,SEDENTARY,Fitbit App
2024-07-13T09:59:00Z,SEDENTARY,Fitbit App
2024-07-13T10:00:00Z,SEDENTARY,Fitbit App
2024-07-13T10:01:00Z,SEDENTARY,Fitbit App
2024-07-13T10:02:00Z,SEDENTARY,Fitbit App
2024-07-13T10:03:00Z,SEDENTARY,Fitbit App
2024-07-13T10:04:00Z,SEDENTARY,Fitbit App
2024-07-13T10:05:00Z,SEDENTARY,Fitbit App
2024-07-13T10:06:00Z,SEDENTARY,Fitbit App
2024-07-13T10:07:00Z,SEDENTARY,Fitbit App
2024-07-13T10:08:00Z,SEDENTARY,Fitbit App
2024-07-13T10:09:00Z,SEDENTARY,Fitbit App
2024-07-13T10:10:00Z,SEDENTARY,Fitbit App
2024-07-13T10:11:00Z,SEDENTARY,Fitbit App
2024-07-13T10:12:00Z,SEDENTARY,Fitbit App
2024-07-13T10:13:00Z,SEDENTARY,Fitbit App
2024-07-13T10:14:00Z,SEDENTARY,Fitbit App
2024-07-13T10:15:00Z,SEDENTARY,Fitbit App
2024-07-13T10:16:00Z,SEDENTARY,Fitbit App
2024-07-13T10:17:00Z,SEDENTARY,Fitbit App
2024-07-13T10:18:00Z,SEDENTARY,Fitbit App
2024-07-13T10:19:00Z,SEDENTARY,Fitbit App
2024-07-13T10:20:00Z,SEDENTARY,Fitbit App
2024-07-13T10:21:00Z,SEDENTARY,Fitbit App
2024-07-13T10:22:00Z,SEDENTARY,Fitbit App
2024-07-13T10:23:00Z,SEDENTARY,Fitbit App
2024-07-13T10:24:00Z,SEDENTARY,Fitbit App
2024-07-13T10:25:00Z,SEDENTARY,Fitbit App
2024-07-13T10:26:00Z,SEDENTARY,Fitbit App
2024-07-13T10:27:00Z,SEDENTARY,Fitbit App
2024-07-13T10:28:00Z,SEDENTARY,Fitbit App
2024-07-13T10:29:00Z,SEDENTARY,Fitbit App
2024-07-13T10:30:00Z,SEDENTARY,Fitbit App
2024-07-13T10:31:00Z,SEDENTARY,Fitbit App
2024-07-13T10:32:00Z,SEDENTARY,Fitbit App
2024-07-13T10:34:00Z,SEDENTARY,Fitbit App
2024-07-13T10:35:00Z,SEDENTARY,Fitbit App
2024-07-13T10:36:00Z,SEDENTARY,Fitbit App
2024-07-13T10:37:00Z,SEDENTARY,Fitbit App
2024-07-13T10:38:00Z,SEDENTARY,Fitbit App
2024-07-13T10:39:00Z,SEDENTARY,Fitbit App
2024-07-13T10:40:00Z,SEDENTARY,Fitbit App
2024-07-13T10:41:00Z,SEDENTARY,Fitbit App
2024-07-13T10:42:00Z,SEDENTARY,Fitbit App
2024-07-13T10:43:00Z,SEDENTARY,Fitbit App
2024-07-13T10:44:00Z,SEDENTARY,Fitbit App
2024-07-13T10:45:00Z,SEDENTARY,Fitbit App
2024-07-13T10:46:00Z,SEDENTARY,Fitbit App
2024-07-13T10:47:00Z,SEDENTARY,Fitbit App
2024-07-13T10:48:00Z,SEDENTARY,Fitbit App
2024-07-13T10:49:00Z,SEDENTARY,Fitbit App
2024-07-13T10:50:00Z,SEDENTARY,Fitbit App
2024-07-13T10:51:00Z,SEDENTARY,Fitbit App
2024-07-13T10:52:00Z,SEDENTARY,Fitbit App
2024-07-13T10:53:00Z,SEDENTARY,Fitbit App
2024-07-13T10:54:00Z,SEDENTARY,Fitbit App
2024-07-13T10:55:00Z,SEDENTARY,Fitbit App
2024-07-13T10:56:00Z,SEDENTARY,Fitbit App
2024-07-13T10:57:00Z,SEDENTARY,Fitbit App
2024-07-13T10:58:00Z,SEDENTARY,Fitbit App
2024-07-13T10:59:00Z,SEDENTARY,Fitbit App
2024-07-13T11:00:00Z,SEDENTARY,Fitbit App
2024-07-13T11:01:00Z,SEDENTARY,Fitbit App
2024-07-13T11:02:00Z,SEDENTARY,Fitbit App
2024-07-13T11:03:00Z,SEDENTARY,Fitbit App
2024-07-13T11:04:00Z,SEDENTARY,Fitbit App
2024-07-13T11:05:00Z,SEDENTARY,Fitbit App
2024-07-13T11:06:00Z,SEDENTARY,Fitbit App
2024-07-13T11:07:00Z,SEDENTARY,Fitbit App
2024-07-13T11:08:00Z,SEDENTARY,Fitbit App
2024-07-13T11:09:00Z,SEDENTARY,Fitbit App
2024-07-13T11:10:00Z,SEDENTARY,Fitbit App
2024-07-13T11:11:00Z,SEDENTARY,Fitbit App
2024-07-13T11:12:00Z,SEDENTARY,Fitbit App
2024-07-13T11:13:00Z,SEDENTARY,Fitbit App
2024-07-13T11:14:00Z,SEDENTARY,Fitbit App
2024-07-13T11:15:00Z,SEDENTARY,Fitbit App
2024-07-13T11:16:00Z,SEDENTARY,Fitbit App
2024-07-13T11:17:00Z,SEDENTARY,Fitbit App
2024-07-13T11:18:00Z,SEDENTARY,Fitbit App
2024-07-13T11:19:00Z,SEDENTARY,Fitbit App
2024-07-13T11:20:00Z,SEDENTARY,Fitbit App
2024-07-13T11:21:00Z,SEDENTARY,Fitbit App
2024-07-13T11:22:00Z,SEDENTARY,Fitbit App
2024-07-13T11:23:00Z,SEDENTARY,Fitbit App
2024-07-13T11:24:00Z,SEDENTARY,Fitbit App
2024-07-13T11:25:00Z,SEDENTARY,Fitbit App
2024-07-13T11:26:00Z,SEDENTARY,Fitbit App
2024-07-13T11:27:00Z,SEDENTARY,Fitbit App
2024-07-13T11:28:00Z,SEDENTARY,Fitbit App
2024-07-13T11:29:00Z,SEDENTARY,Fitbit App
2024-07-13T11:30:00Z,LIGHTLY_ACTIVE,Fitbit App
2024-07-13T11:31:00Z,LIGHTLY_ACTIVE,Fitbit App
2024-07-13T11:32:00Z,SEDENTARY,Fitbit App
2024-07-13T11:33:00Z,SEDENTARY,Fitbit App
2024-07-13T11:34:00Z,SEDENTARY,Fitbit App
2024-07-13T11:35:00Z,SEDENTARY,Fitbit App
2024-07-13T11:36:00Z,SEDENTARY,Fitbit App
2024-07-13T11:37:00Z,SEDENTARY,Fitbit App
2024-07-13T11:38:00Z,SEDENTARY,Fitbit App
2024-07-13T11:39:00Z,SEDENTARY,Fitbit App
2024-07-13T11:40:00Z,SEDENTARY,Fitbit App
2024-07-13T11:41:00Z,SEDENTARY,Fitbit App
2024-07-13T11:42:00Z,SEDENTARY,Fitbit App
2024-07-13T11:43:00Z,SEDENTARY,Fitbit App
2024-07-13T11:44:00Z,SEDENTARY,Fitbit App
2024-07-13T11:45:00Z,MODERATELY_ACTIVE,Fitbit App
2024-07-13T11:46:00Z,SEDENTARY,Fitbit App
2024-07-13T11:47:00Z,SEDENTARY,Fitbit App
2024-07-13T11:48:00Z,SEDENTARY,Fitbit App
2024-07-13T11:49:00Z,SEDENTARY,Fitbit App
2024-07-13T11:50:00Z,SEDENTARY,Fitbit App
2024-07-13T11:51:00Z,SEDENTARY,Fitbit App
2024-07-13T11:52:00Z,SEDENTARY,Fitbit App
2024-07-13T11:53:00Z,SEDENTARY,Fitbit App
2024-07-13T11:54:00Z,SEDENTARY,Fitbit App
2024-07-13T11:55:00Z,SEDENTARY,Fitbit App
2024-07-13T11:56:00Z,SEDENTARY,Fitbit App
2024-07-13T11:57:00Z,SEDENTARY,Fitbit App
2024-07-13T11:58:00Z,SEDENTARY,Fitbit App
2024-07-13T11:59:00Z,SEDENTARY,Fitbit App
2024-07-13T12:00:00Z,SEDENTARY,Fitbit App
2024-07-13T12:01:00Z,SEDENTARY,Fitbit App
2024-07-13T12:02:00Z,SEDENTARY,Fitbit App
2024-07-13T12:03:00Z,SEDENTARY,Fitbit App
2024-07-13T12:05:00Z,SEDENTARY,Fitbit App
2024-07-13T12:06:00Z,SEDENTARY,Fitbit App
2024-07-13T12:07:00Z,SEDENTARY,Fitbit App
2024-07-13T12:08:00Z,SEDENTARY,Fitbit App
2024-07-13T12:11:00Z,SEDENTARY,Fitbit App
2024-07-13T12:12:00Z,SEDENTARY,Fitbit App
2024-07-13T12:13:00Z,LIGHTLY_ACTIVE,Fitbit App
2024-07-13T12:14:00Z,LIGHTLY_ACTIVE,Fitbit App
2024-07-13T12:15:00Z,SEDENTARY,Fitbit App
2024-07-13T12:16:00Z,SEDENTARY,Fitbit App
2024-07-13T12:17:00Z,MODERATELY_ACTIVE,Fitbit App
2024-07-13T12:18:00Z,SEDENTARY,Fitbit App
2024-07-13T12:19:00Z,SEDENTARY,Fitbit App
2024-07-13T12:20:00Z,SEDENTARY,Fitbit App
2024-07-13T12:21:00Z,SEDENTARY,Fitbit App
2024-07-13T12:22:00Z,SEDENTARY,Fitbit App
2024-07-13T12:23:00Z,SEDENTARY,Fitbit App
2024-07-13T12:24:00Z,SEDENTARY,Fitbit App
2024-07-13T12:25:00Z,LIGHTLY_ACTIVE,Fitbit App
2024-07-13T12:26:00Z,MODERATELY_ACTIVE,Fitbit App
2024-07-13T12:27:00Z,VERY_ACTIVE,Fitbit App
2024-07-13T12:28:00Z,VERY_ACTIVE,Fitbit App
2024-07-13T12:29:00Z,VERY_ACTIVE,Fitbit App
2024-07-13T12:30:00Z,MODERATELY_ACTIVE,Fitbit App
2024-07-13T12:31:00Z,MODERATELY_ACTIVE,Fitbit App
2024-07-13T12:32:00Z,MODERATELY_ACTIVE,Fitbit App
2024-07-13T12:33:00Z,VERY_ACTIVE,Fitbit App
2024-07-13T12:34:00Z,MODERATELY_ACTIVE,Fitbit App
2024-07-13T12:35:00Z,VERY_ACTIVE,Fitbit App
2024-07-13T12:36:00Z,VERY_ACTIVE,Fitbit App
2024-07-13T12:37:00Z,VERY_ACTIVE,Fitbit App
2024-07-13T12:38:00Z,VERY_ACTIVE,Fitbit App
2024-07-13T12:39:00Z,VERY_ACTIVE,Fitbit App
2024-07-13T12:40:00Z,MODERATELY_ACTIVE,Fitbit App
2024-07-13T12:41:00Z,SEDENTARY,Fitbit App
2024-07-13T12:42:00Z,SEDENTARY,Fitbit App
2024-07-13T12:43:00Z,SEDENTARY,Fitbit App
2024-07-13T12:44:00Z,SEDENTARY,Fitbit App
2024-07-13T12:45:00Z,SEDENTARY,Fitbit App
2024-07-13T12:46:00Z,SEDENTARY,Fitbit App
2024-07-13T12:47:00Z,SEDENTARY,Fitbit App
2024-07-13T12:48:00Z,LIGHTLY_ACTIVE,Fitbit App
2024-07-13T12:49:00Z,SEDENTARY,Fitbit App
2024-07-13T12:50:00Z,SEDENTARY,Fitbit App
2024-07-13T12:51:00Z,LIGHTLY_ACTIVE,Fitbit App
2024-07-13T12:52:00Z,MODERATELY_ACTIVE,Fitbit App
2024-07-13T12:53:00Z,MODERATELY_ACTIVE,Fitbit App
2024-07-13T12:54:00Z,SEDENTARY,Fitbit App
2024-07-13T12:55:00Z,SEDENTARY,Fitbit App
2024-07-13T12:56:00Z,MODERATELY_ACTIVE,Fitbit App
2024-07-13T12:57:00Z,MODERATELY_ACTIVE,Fitbit App
2024-07-13T12:58:00Z,MODERATELY_ACTIVE,Fitbit App
2024-07-13T12:59:00Z,SEDENTARY,Fitbit App
2024-07-13T13:00:00Z,SEDENTARY,Fitbit App
2024-07-13T13:01:00Z,SEDENTARY,Fitbit App
2024-07-13T13:02:00Z,LIGHTLY_ACTIVE,Fitbit App
2024-07-13T13:03:00Z,LIGHTLY_ACTIVE,Fitbit App
2024-07-13T13:04:00Z,MODERATELY_ACTIVE,Fitbit App
2024-07-13T13:05:00Z,MODERATELY_ACTIVE,Fitbit App
2024-07-13T13:06:00Z,MODERATELY_ACTIVE,Fitbit App
2024-07-13T13:07:00Z,MODERATELY_ACTIVE,Fitbit App
2024-07-13T13:08:00Z,VERY_ACTIVE,Fitbit App
2024-07-13T13:09:00Z,VERY_ACTIVE,Fitbit App
2024-07-13T13:10:00Z,VERY_ACTIVE,Fitbit App
2024-07-13T13:11:00Z,VERY_ACTIVE,Fitbit App
2024-07-13T13:12:00Z,VERY_ACTIVE,Fitbit App
2024-07-13T13:13:00Z,VERY_ACTIVE,Fitbit App
2024-07-13T13:14:00Z,MODERATELY_ACTIVE,Fitbit App
2024-07-13T13:15:00Z,VERY_ACTIVE,Fitbit App
2024-07-13T13:16:00Z,VERY_ACTIVE,Fitbit App
2024-07-13T13:17:00Z,MODERATELY_ACTIVE,Fitbit App
2024-07-13T13:18:00Z,VERY_ACTIVE,Fitbit App
2024-07-13T13:19:00Z,VERY_ACTIVE,Fitbit App
2024-07-13T13:20:00Z,VERY_ACTIVE,Fitbit App
2024-07-13T13:21:00Z,VERY_ACTIVE,Fitbit App
2024-07-13T13:22:00Z,VERY_ACTIVE,Fitbit App
2024-07-13T13:23:00Z,VERY_ACTIVE,Fitbit App
2024-07-13T13:24:00Z,VERY_ACTIVE,Fitbit App
2024-07-13T13:25:00Z,VERY_ACTIVE,Fitbit App
2024-07-13T13:26:00Z,VERY_ACTIVE,Fitbit App
2024-07-13T13:27:00Z,VERY_ACTIVE,Fitbit App
2024-07-13T13:28:00Z,VERY_ACTIVE,Fitbit App
2024-07-13T13:29:00Z,MODERATELY_ACTIVE,Fitbit App
2024-07-13T13:30:00Z,MODERATELY_ACTIVE,Fitbit App
2024-07-13T13:31:00Z,MODERATELY_ACTIVE,Fitbit App
2024-07-13T13:32:00Z,SEDENTARY,Fitbit App
2024-07-13T13:33:00Z,MODERATELY_ACTIVE,Fitbit App
2024-07-13T13:34:00Z,VERY_ACTIVE,Fitbit App
2024-07-13T13:35:00Z,VERY_ACTIVE,Fitbit App
2024-07-13T13:36:00Z,VERY_ACTIVE,Fitbit App
2024-07-13T13:37:00Z,MODERATELY_ACTIVE,Fitbit App
2024-07-13T13:38:00Z,VERY_ACTIVE,Fitbit App
2024-07-13T13:39:00Z,VERY_ACTIVE,Fitbit App
2024-07-13T13:40:00Z,VERY_ACTIVE,Fitbit App
2024-07-13T13:41:00Z,VERY_ACTIVE,Fitbit App
2024-07-13T13:42:00Z,MODERATELY_ACTIVE,Fitbit App
2024-07-13T13:43:00Z,MODERATELY_ACTIVE,Fitbit App
2024-07-13T13:44:00Z,MODERATELY_ACTIVE,Fitbit App
2024-07-13T13:45:00Z,MODERATELY_ACTIVE,Fitbit App
2024-07-13T13:46:00Z,VERY_ACTIVE,Fitbit App
2024-07-13T13:47:00Z,VERY_ACTIVE,Fitbit App
2024-07-13T13:48:00Z,VERY_ACTIVE,Fitbit App
2024-07-13T13:49:00Z,VERY_ACTIVE,Fitbit App
2024-07-13T13:50:00Z,MODERATELY_ACTIVE,Fitbit App
2024-07-13T13:51:00Z,MODERATELY_ACTIVE,Fitbit App
2024-07-13T13:52:00Z,VERY_ACTIVE,Fitbit App
2024-07-13T13:53:00Z,VERY_ACTIVE,Fitbit App
2024-07-13T13:54:00Z,VERY_ACTIVE,Fitbit App
2024-07-13T13:55:00Z,MODERATELY_ACTIVE,Fitbit App
2024-07-13T13:56:00Z,VERY_ACTIVE,Fitbit App
2024-07-13T13:57:00Z,VERY_ACTIVE,Fitbit App
2024-07-13T13:58:00Z,VERY_ACTIVE,Fitbit App
2024-07-13T13:59:00Z,VERY_ACTIVE,Fitbit App
2024-07-13T14:00:00Z,VERY_ACTIVE,Fitbit App
2024-07-13T14:01:00Z,VERY_ACTIVE,Fitbit App
2024-07-13T14:02:00Z,VERY_ACTIVE,Fitbit App
2024-07-13T14:03:00Z,MODERATELY_ACTIVE,Fitbit App
2024-07-13T14:04:00Z,MODERATELY_ACTIVE,Fitbit App
2024-07-13T14:05:00Z,MODERATELY_ACTIVE,Fitbit App
2024-07-13T14:06:00Z,MODERATELY_ACTIVE,Fitbit App
2024-07-13T14:07:00Z,VERY_ACTIVE,Fitbit App
2024-07-13T14:08:00Z,VERY_ACTIVE,Fitbit App
2024-07-13T14:09:00Z,VERY_ACTIVE,Fitbit App
2024-07-13T14:10:00Z,VERY_ACTIVE,Fitbit App
2024-07-13T14:11:00Z,VERY_ACTIVE,Fitbit App
2024-07-13T14:12:00Z,MODERATELY_ACTIVE,Fitbit App
2024-07-13T14:13:00Z,LIGHTLY_ACTIVE,Fitbit App
2024-07-13T14:14:00Z,MODERATELY_ACTIVE,Fitbit App
2024-07-13T14:15:00Z,SEDENTARY,Fitbit App
2024-07-13T14:16:00Z,SEDENTARY,Fitbit App
2024-07-13T14:17:00Z,SEDENTARY,Fitbit App
2024-07-13T14:18:00Z,SEDENTARY,Fitbit App
2024-07-13T14:19:00Z,SEDENTARY,Fitbit App
2024-07-13T14:20:00Z,SEDENTARY,Fitbit App
2024-07-13T14:21:00Z,SEDENTARY,Fitbit App
2024-07-13T14:22:00Z,SEDENTARY,Fitbit App
2024-07-13T14:23:00Z,SEDENTARY,Fitbit App
2024-07-13T14:24:00Z,SEDENTARY,Fitbit App
2024-07-13T14:25:00Z,SEDENTARY,Fitbit App
2024-07-13T14:26:00Z,SEDENTARY,Fitbit App
2024-07-13T14:27:00Z,MODERATELY_ACTIVE,Fitbit App
2024-07-13T14:28:00Z,SEDENTARY,Fitbit App
2024-07-13T14:29:00Z,SEDENTARY,Fitbit App
2024-07-13T14:30:00Z,SEDENTARY,Fitbit App
2024-07-13T14:31:00Z,SEDENTARY,Fitbit App
2024-07-13T14:32:00Z,LIGHTLY_ACTIVE,Fitbit App
2024-07-13T14:33:00Z,SEDENTARY,Fitbit App
2024-07-13T14:34:00Z,SEDENTARY,Fitbit App
2024-07-13T14:35:00Z,LIGHTLY_ACTIVE,Fitbit App
2024-07-13T14:36:00Z,MODERATELY_ACTIVE,Fitbit App
2024-07-13T14:37:00Z,MODERATELY_ACTIVE,Fitbit App
2024-07-13T14:38:00Z,VERY_ACTIVE,Fitbit App
2024-07-13T14:39:00Z,VERY_ACTIVE,Fitbit App
2024-07-13T14:40:00Z,VERY_ACTIVE,Fitbit App
2024-07-13T14:41:00Z,VERY_ACTIVE,Fitbit App
2024-07-13T14:42:00Z,VERY_ACTIVE,Fitbit App
2024-07-13T14:43:00Z,VERY_ACTIVE,Fitbit App
2024-07-13T14:44:00Z,VERY_ACTIVE,Fitbit App
2024-07-13T14:45:00Z,VERY_ACTIVE,Fitbit App
2024-07-13T14:46:00Z,MODERATELY_ACTIVE,Fitbit App
2024-07-13T14:47:00Z,LIGHTLY_ACTIVE,Fitbit App
2024-07-13T14:48:00Z,LIGHTLY_ACTIVE,Fitbit App
2024-07-13T14:49:00Z,SEDENTARY,Fitbit App
2024-07-13T14:50:00Z,SEDENTARY,Fitbit App
2024-07-13T14:51:00Z,SEDENTARY,Fitbit App
2024-07-13T14:52:00Z,SEDENTARY,Fitbit App
2024-07-13T14:53:00Z,SEDENTARY,Fitbit App
2024-07-13T14:54:00Z,SEDENTARY,Fitbit App
2024-07-13T14:55:00Z,SEDENTARY,Fitbit App
2024-07-13T14:56:00Z,SEDENTARY,Fitbit App
2024-07-13T14:57:00Z,MODERATELY_ACTIVE,Fitbit App
2024-07-13T14:58:00Z,VERY_ACTIVE,Fitbit App
2024-07-13T14:59:00Z,VERY_ACTIVE,Fitbit App
2024-07-13T15:00:00Z,VERY_ACTIVE,Fitbit App
2024-07-13T15:01:00Z,VERY_ACTIVE,Fitbit App
2024-07-13T15:02:00Z,VERY_ACTIVE,Fitbit App
2024-07-13T15:03:00Z,VERY_ACTIVE,Fitbit App
2024-07-13T15:04:00Z,VERY_ACTIVE,Fitbit App
2024-07-13T15:05:00Z,MODERATELY_ACTIVE,Fitbit App
2024-07-13T15:06:00Z,MODERATELY_ACTIVE,Fitbit App
2024-07-13T15:07:00Z,MODERATELY_ACTIVE,Fitbit App
2024-07-13T15:08:00Z,LIGHTLY_ACTIVE,Fitbit App
2024-07-13T15:09:00Z,LIGHTLY_ACTIVE,Fitbit App
2024-07-13T15:10:00Z,VERY_ACTIVE,Fitbit App
2024-07-13T15:11:00Z,MODERATELY_ACTIVE,Fitbit App
2024-07-13T15:12:00Z,MODERATELY_ACTIVE,Fitbit App
2024-07-13T15:13:00Z,MODERATELY_ACTIVE,Fitbit App
2024-07-13T15:14:00Z,VERY_ACTIVE,Fitbit App
2024-07-13T15:15:00Z,VERY_ACTIVE,Fitbit App
2024-07-13T15:16:00Z,VERY_ACTIVE,Fitbit App
2024-07-13T15:17:00Z,VERY_ACTIVE,Fitbit App
2024-07-13T15:18:00Z,VERY_ACTIVE,Fitbit App
2024-07-13T15:19:00Z,MODERATELY_ACTIVE,Fitbit App
2024-07-13T15:20:00Z,MODERATELY_ACTIVE,Fitbit App
2024-07-13T15:21:00Z,MODERATELY_ACTIVE,Fitbit App
2024-07-13T15:22:00Z,MODERATELY_ACTIVE,Fitbit App
2024-07-13T15:23:00Z,SEDENTARY,Fitbit App
2024-07-13T15:24:00Z,MODERATELY_ACTIVE,Fitbit App
2024-07-13T15:25:00Z,MODERATELY_ACTIVE,Fitbit App
2024-07-13T15:26:00Z,LIGHTLY_ACTIVE,Fitbit App
2024-07-13T15:27:00Z,SEDENTARY,Fitbit App
2024-07-13T15:28:00Z,SEDENTARY,Fitbit App
2024-07-13T15:29:00Z,SEDENTARY,Fitbit App
2024-07-13T15:30:00Z,SEDENTARY,Fitbit App
2024-07-13T15:31:00Z,SEDENTARY,Fitbit App
2024-07-13T15:32:00Z,SEDENTARY,Fitbit App
2024-07-13T15:33:00Z,LIGHTLY_ACTIVE,Fitbit App
2024-07-13T15:34:00Z,SEDENTARY,Fitbit App
2024-07-13T15:35:00Z,SEDENTARY,Fitbit App
2024-07-13T15:36:00Z,SEDENTARY,Fitbit App
2024-07-13T15:37:00Z,SEDENTARY,Fitbit App
2024-07-13T15:38:00Z,SEDENTARY,Fitbit App
2024-07-13T15:39:00Z,LIGHTLY_ACTIVE,Fitbit App
2024-07-13T15:40:00Z,LIGHTLY_ACTIVE,Fitbit App
2024-07-13T15:41:00Z,SEDENTARY,Fitbit App
2024-07-13T15:42:00Z,SEDENTARY,Fitbit App
2024-07-13T15:43:00Z,SEDENTARY,Fitbit App
2024-07-13T15:44:00Z,SEDENTARY,Fitbit App
2024-07-13T15:45:00Z,SEDENTARY,Fitbit App
2024-07-13T15:46:00Z,SEDENTARY,Fitbit App
2024-07-13T15:47:00Z,SEDENTARY,Fitbit App
2024-07-13T15:48:00Z,SEDENTARY,Fitbit App
2024-07-13T15:49:00Z,MODERATELY_ACTIVE,Fitbit App
2024-07-13T15:50:00Z,MODERATELY_ACTIVE,Fitbit App
2024-07-13T15:51:00Z,LIGHTLY_ACTIVE,Fitbit App
2024-07-13T15:52:00Z,SEDENTARY,Fitbit App
2024-07-13T15:53:00Z,SEDENTARY,Fitbit App
2024-07-13T15:54:00Z,MODERATELY_ACTIVE,Fitbit App
2024-07-13T15:55:00Z,VERY_ACTIVE,Fitbit App
2024-07-13T15:56:00Z,VERY_ACTIVE,Fitbit App
2024-07-13T15:57:00Z,MODERATELY_ACTIVE,Fitbit App
2024-07-13T15:58:00Z,MODERATELY_ACTIVE,Fitbit App
2024-07-13T15:59:00Z,MODERATELY_ACTIVE,Fitbit App
2024-07-13T16:00:00Z,VERY_ACTIVE,Fitbit App
2024-07-13T16:01:00Z,VERY_ACTIVE,Fitbit App
2024-07-13T16:02:00Z,VERY_ACTIVE,Fitbit App
2024-07-13T16:03:00Z,VERY_ACTIVE,Fitbit App
2024-07-13T16:04:00Z,VERY_ACTIVE,Fitbit App
2024-07-13T16:05:00Z,VERY_ACTIVE,Fitbit App
2024-07-13T16:06:00Z,VERY_ACTIVE,Fitbit App
2024-07-13T16:07:00Z,VERY_ACTIVE,Fitbit App
2024-07-13T16:08:00Z,VERY_ACTIVE,Fitbit App
2024-07-13T16:09:00Z,VERY_ACTIVE,Fitbit App
2024-07-13T16:10:00Z,MODERATELY_ACTIVE,Fitbit App
2024-07-13T16:11:00Z,MODERATELY_ACTIVE,Fitbit App
2024-07-13T16:12:00Z,MODERATELY_ACTIVE,Fitbit App
2024-07-13T16:13:00Z,MODERATELY_ACTIVE,Fitbit App
2024-07-13T16:14:00Z,MODERATELY_ACTIVE,Fitbit App
2024-07-13T16:15:00Z,LIGHTLY_ACTIVE,Fitbit App
2024-07-13T16:16:00Z,SEDENTARY,Fitbit App
2024-07-13T16:17:00Z,MODERATELY_ACTIVE,Fitbit App
2024-07-13T16:18:00Z,MODERATELY_ACTIVE,Fitbit App
2024-07-13T16:19:00Z,MODERATELY_ACTIVE,Fitbit App
2024-07-13T16:20:00Z,LIGHTLY_ACTIVE,Fitbit App
2024-07-13T16:21:00Z,LIGHTLY_ACTIVE,Fitbit App
2024-07-13T16:22:00Z,LIGHTLY_ACTIVE,Fitbit App
2024-07-13T16:23:00Z,LIGHTLY_ACTIVE,Fitbit App
2024-07-13T16:24:00Z,MODERATELY_ACTIVE,Fitbit App
2024-07-13T16:25:00Z,VERY_ACTIVE,Fitbit App
2024-07-13T16:26:00Z,VERY_ACTIVE,Fitbit App
2024-07-13T16:27:00Z,VERY_ACTIVE,Fitbit App
2024-07-13T16:28:00Z,VERY_ACTIVE,Fitbit App
2024-07-13T16:29:00Z,MODERATELY_ACTIVE,Fitbit App
2024-07-13T16:30:00Z,SEDENTARY,Fitbit App
2024-07-13T16:31:00Z,SEDENTARY,Fitbit App
2024-07-13T16:32:00Z,SEDENTARY,Fitbit App
2024-07-13T16:33:00Z,SEDENTARY,Fitbit App
2024-07-13T16:35:00Z,SEDENTARY,Fitbit App
2024-07-13T16:36:00Z,SEDENTARY,Fitbit App
2024-07-13T16:37:00Z,SEDENTARY,Fitbit App
2024-07-13T16:38:00Z,SEDENTARY,Fitbit App
2024-07-13T16:39:00Z,SEDENTARY,Fitbit App
2024-07-13T16:40:00Z,SEDENTARY,Fitbit App
2024-07-13T16:41:00Z,SEDENTARY,Fitbit App
2024-07-13T16:42:00Z,SEDENTARY,Fitbit App
2024-07-13T16:43:00Z,SEDENTARY,Fitbit App
2024-07-13T16:44:00Z,SEDENTARY,Fitbit App
2024-07-13T16:45:00Z,SEDENTARY,Fitbit App
2024-07-13T16:46:00Z,SEDENTARY,Fitbit App
2024-07-13T16:47:00Z,SEDENTARY,Fitbit App
2024-07-13T16:48:00Z,SEDENTARY,Fitbit App
2024-07-13T16:49:00Z,SEDENTARY,Fitbit App
2024-07-13T16:53:00Z,SEDENTARY,Fitbit App
2024-07-13T16:54:00Z,SEDENTARY,Fitbit App
2024-07-13T16:55:00Z,SEDENTARY,Fitbit App
2024-07-13T16:56:00Z,SEDENTARY,Fitbit App
2024-07-13T16:57:00Z,SEDENTARY,Fitbit App
2024-07-13T16:58:00Z,SEDENTARY,Fitbit App
2024-07-13T16:59:00Z,SEDENTARY,Fitbit App
2024-07-13T17:00:00Z,SEDENTARY,Fitbit App
2024-07-13T17:01:00Z,SEDENTARY,Fitbit App
2024-07-13T17:02:00Z,SEDENTARY,Fitbit App
2024-07-13T17:03:00Z,SEDENTARY,Fitbit App
2024-07-13T17:04:00Z,SEDENTARY,Fitbit App
2024-07-13T17:05:00Z,SEDENTARY,Fitbit App
2024-07-13T17:06:00Z,SEDENTARY,Fitbit App
2024-07-13T17:08:00Z,SEDENTARY,Fitbit App
2024-07-13T17:09:00Z,SEDENTARY,Fitbit App
2024-07-13T17:10:00Z,SEDENTARY,Fitbit App
2024-07-13T17:11:00Z,SEDENTARY,Fitbit App
2024-07-13T17:12:00Z,SEDENTARY,Fitbit App
2024-07-13T17:13:00Z,SEDENTARY,Fitbit App
2024-07-13T17:14:00Z,SEDENTARY,Fitbit App
2024-07-13T17:15:00Z,SEDENTARY,Fitbit App
2024-07-13T17:16:00Z,SEDENTARY,Fitbit App
2024-07-13T17:17:00Z,SEDENTARY,Fitbit App
2024-07-13T17:18:00Z,LIGHTLY_ACTIVE,Fitbit App
2024-07-13T17:19:00Z,LIGHTLY_ACTIVE,Fitbit App
2024-07-13T17:20:00Z,SEDENTARY,Fitbit App
2024-07-13T17:21:00Z,SEDENTARY,Fitbit App
2024-07-13T17:22:00Z,SEDENTARY,Fitbit App
2024-07-13T17:23:00Z,SEDENTARY,Fitbit App
2024-07-13T17:24:00Z,SEDENTARY,Fitbit App
2024-07-13T17:25:00Z,SEDENTARY,Fitbit App
2024-07-13T17:26:00Z,SEDENTARY,Fitbit App
2024-07-13T17:27:00Z,SEDENTARY,Fitbit App
2024-07-13T17:28:00Z,SEDENTARY,Fitbit App
2024-07-13T17:29:00Z,SEDENTARY,Fitbit App
2024-07-13T17:30:00Z,SEDENTARY,Fitbit App
2024-07-13T17:31:00Z,SEDENTARY,Fitbit App
2024-07-13T17:32:00Z,SEDENTARY,Fitbit App
2024-07-13T17:33:00Z,SEDENTARY,Fitbit App
2024-07-13T17:34:00Z,SEDENTARY,Fitbit App
2024-07-13T17:35:00Z,SEDENTARY,Fitbit App
2024-07-13T17:36:00Z,SEDENTARY,Fitbit App
2024-07-13T17:37:00Z,SEDENTARY,Fitbit App
2024-07-13T17:38:00Z,SEDENTARY,Fitbit App
2024-07-13T17:39:00Z,SEDENTARY,Fitbit App
2024-07-13T17:40:00Z,SEDENTARY,Fitbit App
2024-07-13T17:41:00Z,SEDENTARY,Fitbit App
2024-07-13T17:42:00Z,SEDENTARY,Fitbit App
2024-07-13T17:43:00Z,SEDENTARY,Fitbit App
2024-07-13T17:45:00Z,SEDENTARY,Fitbit App
2024-07-13T17:46:00Z,SEDENTARY,Fitbit App
2024-07-13T17:47:00Z,SEDENTARY,Fitbit App
2024-07-13T17:48:00Z,SEDENTARY,Fitbit App
2024-07-13T17:49:00Z,SEDENTARY,Fitbit App
2024-07-13T17:50:00Z,SEDENTARY,Fitbit App
2024-07-13T17:51:00Z,SEDENTARY,Fitbit App
2024-07-13T17:52:00Z,SEDENTARY,Fitbit App
2024-07-13T17:53:00Z,SEDENTARY,Fitbit App
2024-07-13T17:54:00Z,SEDENTARY,Fitbit App
2024-07-13T17:55:00Z,SEDENTARY,Fitbit App
2024-07-13T17:56:00Z,SEDENTARY,Fitbit App
2024-07-13T17:57:00Z,SEDENTARY,Fitbit App
2024-07-13T17:58:00Z,SEDENTARY,Fitbit App
2024-07-13T17:59:00Z,SEDENTARY,Fitbit App
2024-07-13T18:00:00Z,SEDENTARY,Fitbit App
2024-07-13T18:01:00Z,SEDENTARY,Fitbit App
2024-07-13T18:02:00Z,SEDENTARY,Fitbit App
2024-07-13T18:03:00Z,SEDENTARY,Fitbit App
2024-07-13T18:04:00Z,SEDENTARY,Fitbit App
2024-07-13T18:05:00Z,SEDENTARY,Fitbit App
2024-07-13T18:06:00Z,SEDENTARY,Fitbit App
2024-07-13T18:07:00Z,SEDENTARY,Fitbit App
2024-07-13T18:08:00Z,SEDENTARY,Fitbit App
2024-07-13T18:09:00Z,SEDENTARY,Fitbit App
2024-07-13T18:10:00Z,SEDENTARY,Fitbit App
2024-07-13T18:11:00Z,SEDENTARY,Fitbit App
2024-07-13T18:12:00Z,SEDENTARY,Fitbit App
2024-07-13T18:13:00Z,SEDENTARY,Fitbit App
2024-07-13T18:14:00Z,SEDENTARY,Fitbit App
2024-07-13T18:15:00Z,SEDENTARY,Fitbit App
2024-07-13T18:16:00Z,SEDENTARY,Fitbit App
2024-07-13T18:17:00Z,SEDENTARY,Fitbit App
2024-07-13T18:18:00Z,SEDENTARY,Fitbit App
2024-07-13T18:19:00Z,SEDENTARY,Fitbit App
2024-07-13T18:20:00Z,SEDENTARY,Fitbit App
2024-07-13T18:21:00Z,SEDENTARY,Fitbit App
2024-07-13T18:22:00Z,SEDENTARY,Fitbit App
2024-07-13T18:23:00Z,SEDENTARY,Fitbit App
2024-07-13T18:24:00Z,SEDENTARY,Fitbit App
2024-07-13T18:25:00Z,SEDENTARY,Fitbit App
2024-07-13T18:26:00Z,SEDENTARY,Fitbit App
2024-07-13T18:27:00Z,SEDENTARY,Fitbit App
2024-07-13T18:28:00Z,SEDENTARY,Fitbit App
2024-07-13T18:29:00Z,LIGHTLY_ACTIVE,Fitbit App
2024-07-13T18:30:00Z,LIGHTLY_ACTIVE,Fitbit App
2024-07-13T18:31:00Z,LIGHTLY_ACTIVE,Fitbit App
2024-07-13T18:32:00Z,LIGHTLY_ACTIVE,Fitbit App
2024-07-13T18:33:00Z,SEDENTARY,Fitbit App
2024-07-13T18:34:00Z,SEDENTARY,Fitbit App
2024-07-13T18:35:00Z,SEDENTARY,Fitbit App
2024-07-13T18:36:00Z,SEDENTARY,Fitbit App
2024-07-13T18:37:00Z,SEDENTARY,Fitbit App
2024-07-13T18:38:00Z,SEDENTARY,Fitbit App
2024-07-13T18:39:00Z,SEDENTARY,Fitbit App
2024-07-13T18:40:00Z,SEDENTARY,Fitbit App
2024-07-13T18:41:00Z,SEDENTARY,Fitbit App
2024-07-13T18:42:00Z,SEDENTARY,Fitbit App
2024-07-13T18:43:00Z,SEDENTARY,Fitbit App
2024-07-13T18:44:00Z,SEDENTARY,Fitbit App
2024-07-13T18:45:00Z,SEDENTARY,Fitbit App
2024-07-13T18:46:00Z,SEDENTARY,Fitbit App
2024-07-13T18:47:00Z,SEDENTARY,Fitbit App
2024-07-13T18:48:00Z,SEDENTARY,Fitbit App
2024-07-13T18:49:00Z,SEDENTARY,Fitbit App
2024-07-13T18:50:00Z,LIGHTLY_ACTIVE,Fitbit App
2024-07-13T18:51:00Z,LIGHTLY_ACTIVE,Fitbit App
2024-07-13T18:52:00Z,LIGHTLY_ACTIVE,Fitbit App
2024-07-13T18:53:00Z,SEDENTARY,Fitbit App
2024-07-13T18:54:00Z,LIGHTLY_ACTIVE,Fitbit App
2024-07-13T18:55:00Z,LIGHTLY_ACTIVE,Fitbit App
2024-07-13T18:56:00Z,SEDENTARY,Fitbit App
2024-07-13T18:57:00Z,LIGHTLY_ACTIVE,Fitbit App
2024-07-13T18:58:00Z,MODERATELY_ACTIVE,Fitbit App
2024-07-13T18:59:00Z,LIGHTLY_ACTIVE,Fitbit App
2024-07-13T19:00:00Z,LIGHTLY_ACTIVE,Fitbit App
2024-07-13T19:01:00Z,MODERATELY_ACTIVE,Fitbit App
2024-07-13T19:02:00Z,VERY_ACTIVE,Fitbit App
2024-07-13T19:03:00Z,VERY_ACTIVE,Fitbit App
2024-07-13T19:04:00Z,VERY_ACTIVE,Fitbit App
2024-07-13T19:05:00Z,MODERATELY_ACTIVE,Fitbit App
2024-07-13T19:06:00Z,VERY_ACTIVE,Fitbit App
2024-07-13T19:07:00Z,VERY_ACTIVE,Fitbit App
2024-07-13T19:08:00Z,VERY_ACTIVE,Fitbit App
2024-07-13T19:09:00Z,MODERATELY_ACTIVE,Fitbit App
2024-07-13T19:10:00Z,MODERATELY_ACTIVE,Fitbit App
2024-07-13T19:11:00Z,LIGHTLY_ACTIVE,Fitbit App
2024-07-13T19:12:00Z,MODERATELY_ACTIVE,Fitbit App
2024-07-13T19:13:00Z,LIGHTLY_ACTIVE,Fitbit App
2024-07-13T19:14:00Z,LIGHTLY_ACTIVE,Fitbit App
2024-07-13T19:15:00Z,SEDENTARY,Fitbit App
2024-07-13T19:16:00Z,SEDENTARY,Fitbit App
2024-07-13T19:17:00Z,LIGHTLY_ACTIVE,Fitbit App
2024-07-13T19:18:00Z,MODERATELY_ACTIVE,Fitbit App
2024-07-13T19:19:00Z,VERY_ACTIVE,Fitbit App
2024-07-13T19:20:00Z,VERY_ACTIVE,Fitbit App
2024-07-13T19:21:00Z,VERY_ACTIVE,Fitbit App
2024-07-13T19:22:00Z,VERY_ACTIVE,Fitbit App
2024-07-13T19:23:00Z,VERY_ACTIVE,Fitbit App
2024-07-13T19:24:00Z,VERY_ACTIVE,Fitbit App
2024-07-13T19:25:00Z,VERY_ACTIVE,Fitbit App
2024-07-13T19:26:00Z,MODERATELY_ACTIVE,Fitbit App
2024-07-13T19:27:00Z,SEDENTARY,Fitbit App
2024-07-13T19:28:00Z,SEDENTARY,Fitbit App
2024-07-13T19:29:00Z,SEDENTARY,Fitbit App
2024-07-13T19:30:00Z,LIGHTLY_ACTIVE,Fitbit App
2024-07-13T19:31:00Z,SEDENTARY,Fitbit App
2024-07-13T19:32:00Z,SEDENTARY,Fitbit App
2024-07-13T19:33:00Z,SEDENTARY,Fitbit App
2024-07-13T19:34:00Z,SEDENTARY,Fitbit App
2024-07-13T19:35:00Z,SEDENTARY,Fitbit App
2024-07-13T19:36:00Z,MODERATELY_ACTIVE,Fitbit App
2024-07-13T19:37:00Z,MODERATELY_ACTIVE,Fitbit App
2024-07-13T19:38:00Z,LIGHTLY_ACTIVE,Fitbit App
2024-07-13T19:39:00Z,MODERATELY_ACTIVE,Fitbit App
2024-07-13T19:40:00Z,SEDENTARY,Fitbit App
2024-07-13T19:41:00Z,LIGHTLY_ACTIVE,Fitbit App
2024-07-13T19:42:00Z,SEDENTARY,Fitbit App
2024-07-13T19:43:00Z,SEDENTARY,Fitbit App
2024-07-13T19:44:00Z,LIGHTLY_ACTIVE,Fitbit App
2024-07-13T19:45:00Z,SEDENTARY,Fitbit App
2024-07-13T19:46:00Z,SEDENTARY,Fitbit App
2024-07-13T19:47:00Z,SEDENTARY,Fitbit App
2024-07-13T19:48:00Z,SEDENTARY,Fitbit App
2024-07-13T19:49:00Z,SEDENTARY,Fitbit App
2024-07-13T19:50:00Z,SEDENTARY,Fitbit App
2024-07-13T19:51:00Z,SEDENTARY,Fitbit App
2024-07-13T19:52:00Z,SEDENTARY,Fitbit App
2024-07-13T19:53:00Z,SEDENTARY,Fitbit App
2024-07-13T19:54:00Z,SEDENTARY,Fitbit App
2024-07-13T19:55:00Z,SEDENTARY,Fitbit App
2024-07-13T19:56:00Z,LIGHTLY_ACTIVE,Fitbit App
2024-07-13T19:57:00Z,SEDENTARY,Fitbit App
2024-07-13T19:58:00Z,SEDENTARY,Fitbit App
2024-07-13T19:59:00Z,SEDENTARY,Fitbit App
2024-07-13T20:00:00Z,SEDENTARY,Fitbit App
2024-07-13T20:01:00Z,SEDENTARY,Fitbit App
2024-07-13T20:02:00Z,SEDENTARY,Fitbit App
2024-07-13T20:03:00Z,SEDENTARY,Fitbit App
2024-07-13T20:04:00Z,SEDENTARY,Fitbit App
2024-07-13T20:05:00Z,SEDENTARY,Fitbit App
2024-07-13T20:06:00Z,SEDENTARY,Fitbit App
2024-07-13T20:07:00Z,SEDENTARY,Fitbit App
2024-07-13T20:08:00Z,SEDENTARY,Fitbit App
2024-07-13T20:09:00Z,SEDENTARY,Fitbit App
2024-07-13T20:10:00Z,SEDENTARY,Fitbit App
2024-07-13T20:11:00Z,SEDENTARY,Fitbit App
2024-07-13T20:12:00Z,SEDENTARY,Fitbit App
2024-07-13T20:13:00Z,SEDENTARY,Fitbit App
2024-07-13T20:14:00Z,SEDENTARY,Fitbit App
2024-07-13T20:15:00Z,SEDENTARY,Fitbit App
2024-07-13T20:17:00Z,SEDENTARY,Fitbit App
2024-07-13T20:18:00Z,SEDENTARY,Fitbit App
2024-07-13T20:19:00Z,SEDENTARY,Fitbit App
2024-07-13T20:20:00Z,SEDENTARY,Fitbit App
2024-07-13T20:21:00Z,SEDENTARY,Fitbit App
2024-07-13T20:22:00Z,SEDENTARY,Fitbit App
2024-07-13T20:23:00Z,SEDENTARY,Fitbit App
2024-07-13T20:24:00Z,LIGHTLY_ACTIVE,Fitbit App
2024-07-13T20:25:00Z,LIGHTLY_ACTIVE,Fitbit App
2024-07-13T20:26:00Z,SEDENTARY,Fitbit App
2024-07-13T20:27:00Z,SEDENTARY,Fitbit App
2024-07-13T20:28:00Z,SEDENTARY,Fitbit App
2024-07-13T20:29:00Z,SEDENTARY,Fitbit App
2024-07-13T20:30:00Z,SEDENTARY,Fitbit App
2024-07-13T20:31:00Z,SEDENTARY,Fitbit App
2024-07-13T20:32:00Z,SEDENTARY,Fitbit App
2024-07-13T20:33:00Z,SEDENTARY,Fitbit App
2024-07-13T20:34:00Z,SEDENTARY,Fitbit App
2024-07-13T20:35:00Z,SEDENTARY,Fitbit App
2024-07-13T20:36:00Z,MODERATELY_ACTIVE,Fitbit App
2024-07-13T20:37:00Z,MODERATELY_ACTIVE,Fitbit App
2024-07-13T20:38:00Z,MODERATELY_ACTIVE,Fitbit App
2024-07-13T20:39:00Z,SEDENTARY,Fitbit App
2024-07-13T20:40:00Z,SEDENTARY,Fitbit App
2024-07-13T20:41:00Z,SEDENTARY,Fitbit App
2024-07-13T20:42:00Z,SEDENTARY,Fitbit App
2024-07-13T20:43:00Z,SEDENTARY,Fitbit App
2024-07-13T20:44:00Z,SEDENTARY,Fitbit App
2024-07-13T20:45:00Z,LIGHTLY_ACTIVE,Fitbit App
2024-07-13T20:46:00Z,SEDENTARY,Fitbit App
2024-07-13T20:47:00Z,SEDENTARY,Fitbit App
2024-07-13T20:48:00Z,SEDENTARY,Fitbit App
2024-07-13T20:49:00Z,SEDENTARY,Fitbit App
2024-07-13T20:50:00Z,SEDENTARY,Fitbit App
2024-07-13T20:51:00Z,SEDENTARY,Fitbit App
2024-07-13T20:52:00Z,SEDENTARY,Fitbit App
2024-07-13T20:53:00Z,SEDENTARY,Fitbit App
2024-07-13T20:54:00Z,SEDENTARY,Fitbit App
2024-07-13T20:55:00Z,SEDENTARY,Fitbit App
2024-07-13T20:56:00Z,SEDENTARY,Fitbit App
2024-07-13T20:57:00Z,SEDENTARY,Fitbit App
2024-07-13T20:58:00Z,SEDENTARY,Fitbit App
2024-07-13T20:59:00Z,SEDENTARY,Fitbit App
2024-07-13T21:00:00Z,SEDENTARY,Fitbit App
2024-07-13T21:01:00Z,SEDENTARY,Fitbit App
2024-07-13T21:02:00Z,SEDENTARY,Fitbit App
2024-07-13T21:03:00Z,SEDENTARY,Fitbit App
2024-07-13T21:04:00Z,SEDENTARY,Fitbit App
2024-07-13T21:05:00Z,SEDENTARY,Fitbit App
2024-07-13T21:06:00Z,SEDENTARY,Fitbit App
2024-07-13T21:07:00Z,SEDENTARY,Fitbit App
2024-07-13T21:08:00Z,LIGHTLY_ACTIVE,Fitbit App
2024-07-13T21:09:00Z,SEDENTARY,Fitbit App
2024-07-13T21:10:00Z,SEDENTARY,Fitbit App
2024-07-13T21:11:00Z,SEDENTARY,Fitbit App
2024-07-13T21:12:00Z,SEDENTARY,Fitbit App
2024-07-13T21:13:00Z,SEDENTARY,Fitbit App
2024-07-13T21:14:00Z,SEDENTARY,Fitbit App
2024-07-13T21:15:00Z,SEDENTARY,Fitbit App
2024-07-13T21:16:00Z,SEDENTARY,Fitbit App
2024-07-13T21:17:00Z,SEDENTARY,Fitbit App
2024-07-13T21:18:00Z,SEDENTARY,Fitbit App
2024-07-13T21:20:00Z,SEDENTARY,Fitbit App
2024-07-13T21:21:00Z,SEDENTARY,Fitbit App
2024-07-13T21:22:00Z,SEDENTARY,Fitbit App
2024-07-13T21:23:00Z,SEDENTARY,Fitbit App
2024-07-13T21:24:00Z,SEDENTARY,Fitbit App
2024-07-13T21:27:00Z,SEDENTARY,Fitbit App
2024-07-13T21:28:00Z,SEDENTARY,Fitbit App
2024-07-13T21:29:00Z,SEDENTARY,Fitbit App
2024-07-13T21:30:00Z,SEDENTARY,Fitbit App
2024-07-13T21:32:00Z,SEDENTARY,Fitbit App
2024-07-13T21:33:00Z,SEDENTARY,Fitbit App
2024-07-13T21:34:00Z,SEDENTARY,Fitbit App
2024-07-13T21:35:00Z,SEDENTARY,Fitbit App
2024-07-13T21:36:00Z,SEDENTARY,Fitbit App
2024-07-13T21:37:00Z,SEDENTARY,Fitbit App
2024-07-13T21:38:00Z,SEDENTARY,Fitbit App
2024-07-13T21:39:00Z,SEDENTARY,Fitbit App
2024-07-13T21:40:00Z,SEDENTARY,Fitbit App
2024-07-13T21:41:00Z,SEDENTARY,Fitbit App
2024-07-13T21:42:00Z,SEDENTARY,Fitbit App
2024-07-13T21:43:00Z,SEDENTARY,Fitbit App
2024-07-13T21:44:00Z,SEDENTARY,Fitbit App
2024-07-13T21:45:00Z,SEDENTARY,Fitbit App
2024-07-13T21:46:00Z,SEDENTARY,Fitbit App
2024-07-13T21:47:00Z,SEDENTARY,Fitbit App
2024-07-13T21:48:00Z,SEDENTARY,Fitbit App
2024-07-13T21:49:00Z,SEDENTARY,Fitbit App
2024-07-13T21:50:00Z,SEDENTARY,Fitbit App
2024-07-13T21:51:00Z,SEDENTARY,Fitbit App
2024-07-13T21:52:00Z,SEDENTARY,Fitbit App
2024-07-13T21:53:00Z,SEDENTARY,Fitbit App
2024-07-13T21:54:00Z,SEDENTARY,Fitbit App
2024-07-13T21:55:00Z,SEDENTARY,Fitbit App
2024-07-13T21:56:00Z,SEDENTARY,Fitbit App
2024-07-13T21:58:00Z,SEDENTARY,Fitbit App
2024-07-13T21:59:00Z,SEDENTARY,Fitbit App
2024-07-13T22:00:00Z,SEDENTARY,Fitbit App
2024-07-13T22:01:00Z,SEDENTARY,Fitbit App
2024-07-13T22:02:00Z,SEDENTARY,Fitbit App
2024-07-13T22:03:00Z,SEDENTARY,Fitbit App
2024-07-13T22:04:00Z,SEDENTARY,Fitbit App
2024-07-13T22:05:00Z,SEDENTARY,Fitbit App
2024-07-13T22:06:00Z,SEDENTARY,Fitbit App
2024-07-13T22:07:00Z,SEDENTARY,Fitbit App
2024-07-13T22:08:00Z,SEDENTARY,Fitbit App
2024-07-13T22:09:00Z,SEDENTARY,Fitbit App
2024-07-13T22:10:00Z,SEDENTARY,Fitbit App
2024-07-13T22:11:00Z,SEDENTARY,Fitbit App
2024-07-13T22:12:00Z,SEDENTARY,Fitbit App
2024-07-13T22:20:00Z,SEDENTARY,Fitbit App
2024-07-13T22:47:00Z,SEDENTARY,Fitbit App
2024-07-13T22:58:00Z,SEDENTARY,Fitbit App
2024-07-13T23:10:00Z,SEDENTARY,Fitbit App
2024-07-13T23:15:00Z,LIGHTLY_ACTIVE,Fitbit App
2024-07-13T23:16:00Z,SEDENTARY,Fitbit App
2024-07-13T23:31:00Z,SEDENTARY,Fitbit App
2024-07-13T23:35:00Z,SEDENTARY,Fitbit App
2024-07-13T23:41:00Z,SEDENTARY,Fitbit App
2024-07-13T23:48:00Z,SEDENTARY,Fitbit App
2024-07-13T23:59:00Z,SEDENTARY,Fitbit App
2024-07-14T00:29:00Z,SEDENTARY,Fitbit App
2024-07-14T01:18:00Z,SEDENTARY,Fitbit App
2024-07-14T02:13:00Z,SEDENTARY,Fitbit App
2024-07-14T03:04:00Z,LIGHTLY_ACTIVE,Fitbit App
2024-07-14T03:17:00Z,SEDENTARY,Fitbit App
2024-07-14T03:25:00Z,SEDENTARY,Fitbit App
2024-07-14T03:28:00Z,SEDENTARY,Fitbit App
2024-07-14T03:40:00Z,SEDENTARY,Fitbit App
2024-07-14T04:09:00Z,SEDENTARY,Fitbit App
2024-07-14T04:36:00Z,SEDENTARY,Fitbit App
2024-07-14T04:44:00Z,SEDENTARY,Fitbit App
2024-07-14T04:45:00Z,SEDENTARY,Fitbit App
2024-07-14T04:47:00Z,SEDENTARY,Fitbit App
2024-07-14T05:36:00Z,SEDENTARY,Fitbit App
2024-07-14T05:38:00Z,SEDENTARY,Fitbit App
2024-07-14T05:39:00Z,SEDENTARY,Fitbit App
2024-07-14T05:40:00Z,SEDENTARY,Fitbit App
2024-07-14T05:41:00Z,SEDENTARY,Fitbit App
2024-07-14T05:42:00Z,SEDENTARY,Fitbit App
2024-07-14T05:43:00Z,SEDENTARY,Fitbit App
2024-07-14T05:44:00Z,SEDENTARY,Fitbit App
2024-07-14T05:45:00Z,SEDENTARY,Fitbit App
2024-07-14T05:46:00Z,SEDENTARY,Fitbit App
2024-07-14T05:47:00Z,SEDENTARY,Fitbit App
2024-07-14T05:48:00Z,SEDENTARY,Fitbit App
2024-07-14T05:49:00Z,SEDENTARY,Fitbit App
2024-07-14T05:50:00Z,SEDENTARY,Fitbit App
2024-07-14T05:51:00Z,SEDENTARY,Fitbit App
2024-07-14T05:52:00Z,SEDENTARY,Fitbit App
2024-07-14T05:53:00Z,SEDENTARY,Fitbit App
2024-07-14T05:56:00Z,SEDENTARY,Fitbit App
2024-07-14T05:57:00Z,SEDENTARY,Fitbit App
2024-07-14T05:58:00Z,SEDENTARY,Fitbit App
2024-07-14T05:59:00Z,SEDENTARY,Fitbit App
2024-07-14T06:00:00Z,LIGHTLY_ACTIVE,Fitbit App
2024-07-14T06:01:00Z,SEDENTARY,Fitbit App
2024-07-14T06:02:00Z,SEDENTARY,Fitbit App
2024-07-14T06:04:00Z,SEDENTARY,Fitbit App
2024-07-14T06:05:00Z,LIGHTLY_ACTIVE,Fitbit App
2024-07-14T06:06:00Z,SEDENTARY,Fitbit App
2024-07-14T06:08:00Z,SEDENTARY,Fitbit App
2024-07-14T06:09:00Z,SEDENTARY,Fitbit App
2024-07-14T06:11:00Z,SEDENTARY,Fitbit App
2024-07-14T06:13:00Z,SEDENTARY,Fitbit App
2024-07-14T06:14:00Z,SEDENTARY,Fitbit App
2024-07-14T06:15:00Z,LIGHTLY_ACTIVE,Fitbit App
2024-07-14T06:16:00Z,SEDENTARY,Fitbit App
2024-07-14T06:17:00Z,SEDENTARY,Fitbit App
2024-07-14T06:18:00Z,SEDENTARY,Fitbit App
2024-07-14T06:19:00Z,SEDENTARY,Fitbit App
2024-07-14T06:20:00Z,SEDENTARY,Fitbit App
2024-07-14T06:21:00Z,SEDENTARY,Fitbit App
2024-07-14T06:22:00Z,SEDENTARY,Fitbit App
2024-07-14T06:24:00Z,SEDENTARY,Fitbit App
2024-07-14T06:25:00Z,SEDENTARY,Fitbit App
2024-07-14T06:31:00Z,SEDENTARY,Fitbit App
2024-07-14T06:32:00Z,SEDENTARY,Fitbit App
2024-07-14T06:34:00Z,SEDENTARY,Fitbit App
2024-07-14T06:35:00Z,SEDENTARY,Fitbit App
2024-07-14T06:36:00Z,LIGHTLY_ACTIVE,Fitbit App
2024-07-14T06:37:00Z,SEDENTARY,Fitbit App
2024-07-14T06:40:00Z,SEDENTARY,Fitbit App
2024-07-14T06:41:00Z,SEDENTARY,Fitbit App
2024-07-14T06:42:00Z,SEDENTARY,Fitbit App
2024-07-14T06:43:00Z,SEDENTARY,Fitbit App
2024-07-14T06:44:00Z,SEDENTARY,Fitbit App
2024-07-14T06:45:00Z,SEDENTARY,Fitbit App
2024-07-14T06:46:00Z,SEDENTARY,Fitbit App
2024-07-14T06:47:00Z,SEDENTARY,Fitbit App
2024-07-14T06:48:00Z,SEDENTARY,Fitbit App
2024-07-14T06:49:00Z,SEDENTARY,Fitbit App
2024-07-14T06:50:00Z,SEDENTARY,Fitbit App
2024-07-14T06:51:00Z,LIGHTLY_ACTIVE,Fitbit App
2024-07-14T06:52:00Z,SEDENTARY,Fitbit App
2024-07-14T06:53:00Z,SEDENTARY,Fitbit App
2024-07-14T06:54:00Z,SEDENTARY,Fitbit App
2024-07-14T06:55:00Z,SEDENTARY,Fitbit App
2024-07-14T06:56:00Z,SEDENTARY,Fitbit App
2024-07-14T06:57:00Z,SEDENTARY,Fitbit App
2024-07-14T06:58:00Z,SEDENTARY,Fitbit App
2024-07-14T06:59:00Z,SEDENTARY,Fitbit App
2024-07-14T07:00:00Z,LIGHTLY_ACTIVE,Fitbit App
2024-07-14T07:01:00Z,SEDENTARY,Fitbit App
2024-07-14T07:02:00Z,SEDENTARY,Fitbit App
2024-07-14T07:03:00Z,SEDENTARY,Fitbit App
2024-07-14T07:04:00Z,SEDENTARY,Fitbit App
2024-07-14T07:05:00Z,LIGHTLY_ACTIVE,Fitbit App
2024-07-14T07:06:00Z,SEDENTARY,Fitbit App
2024-07-14T07:08:00Z,SEDENTARY,Fitbit App
2024-07-14T07:09:00Z,SEDENTARY,Fitbit App
2024-07-14T07:17:00Z,LIGHTLY_ACTIVE,Fitbit App
2024-07-14T07:18:00Z,MODERATELY_ACTIVE,Fitbit App
2024-07-14T07:19:00Z,LIGHTLY_ACTIVE,Fitbit App
2024-07-14T07:20:00Z,MODERATELY_ACTIVE,Fitbit App
2024-07-14T07:21:00Z,SEDENTARY,Fitbit App
2024-07-14T07:22:00Z,LIGHTLY_ACTIVE,Fitbit App
2024-07-14T07:23:00Z,SEDENTARY,Fitbit App
2024-07-14T07:24:00Z,LIGHTLY_ACTIVE,Fitbit App
2024-07-14T07:25:00Z,LIGHTLY_ACTIVE,Fitbit App
2024-07-14T07:26:00Z,MODERATELY_ACTIVE,Fitbit App
2024-07-14T07:27:00Z,LIGHTLY_ACTIVE,Fitbit App
2024-07-14T07:28:00Z,LIGHTLY_ACTIVE,Fitbit App
2024-07-14T07:29:00Z,SEDENTARY,Fitbit App
2024-07-14T07:30:00Z,LIGHTLY_ACTIVE,Fitbit App
2024-07-14T07:31:00Z,SEDENTARY,Fitbit App
2024-07-14T07:32:00Z,LIGHTLY_ACTIVE,Fitbit App
2024-07-14T07:33:00Z,SEDENTARY,Fitbit App
2024-07-14T07:34:00Z,LIGHTLY_ACTIVE,Fitbit App
2024-07-14T07:35:00Z,MODERATELY_ACTIVE,Fitbit App
2024-07-14T07:36:00Z,VERY_ACTIVE,Fitbit App
2024-07-14T07:37:00Z,VERY_ACTIVE,Fitbit App
2024-07-14T07:38:00Z,VERY_ACTIVE,Fitbit App
2024-07-14T07:39:00Z,VERY_ACTIVE,Fitbit App
2024-07-14T07:40:00Z,MODERATELY_ACTIVE,Fitbit App
2024-07-14T07:41:00Z,VERY_ACTIVE,Fitbit App
2024-07-14T07:42:00Z,VERY_ACTIVE,Fitbit App
2024-07-14T07:43:00Z,VERY_ACTIVE,Fitbit App
2024-07-14T07:44:00Z,VERY_ACTIVE,Fitbit App
2024-07-14T07:45:00Z,VERY_ACTIVE,Fitbit App
2024-07-14T07:46:00Z,LIGHTLY_ACTIVE,Fitbit App
2024-07-14T07:47:00Z,SEDENTARY,Fitbit App
2024-07-14T07:48:00Z,MODERATELY_ACTIVE,Fitbit App
2024-07-14T07:49:00Z,SEDENTARY,Fitbit App
2024-07-14T07:50:00Z,SEDENTARY,Fitbit App
2024-07-14T07:51:00Z,SEDENTARY,Fitbit App
2024-07-14T07:52:00Z,SEDENTARY,Fitbit App
2024-07-14T07:53:00Z,SEDENTARY,Fitbit App
2024-07-14T07:54:00Z,SEDENTARY,Fitbit App
2024-07-14T07:55:00Z,SEDENTARY,Fitbit App
2024-07-14T07:56:00Z,SEDENTARY,Fitbit App
2024-07-14T07:57:00Z,SEDENTARY,Fitbit App
2024-07-14T07:58:00Z,SEDENTARY,Fitbit App
2024-07-14T07:59:00Z,SEDENTARY,Fitbit App
2024-07-14T08:00:00Z,SEDENTARY,Fitbit App
2024-07-14T08:01:00Z,SEDENTARY,Fitbit App
2024-07-14T08:02:00Z,SEDENTARY,Fitbit App
2024-07-14T08:03:00Z,SEDENTARY,Fitbit App
2024-07-14T08:04:00Z,SEDENTARY,Fitbit App
2024-07-14T08:05:00Z,SEDENTARY,Fitbit App
2024-07-14T08:06:00Z,SEDENTARY,Fitbit App
2024-07-14T08:07:00Z,SEDENTARY,Fitbit App
2024-07-14T08:08:00Z,SEDENTARY,Fitbit App
2024-07-14T08:09:00Z,SEDENTARY,Fitbit App
2024-07-14T08:10:00Z,SEDENTARY,Fitbit App
2024-07-14T08:11:00Z,SEDENTARY,Fitbit App
2024-07-14T08:12:00Z,SEDENTARY,Fitbit App
2024-07-14T08:13:00Z,SEDENTARY,Fitbit App
2024-07-14T08:14:00Z,SEDENTARY,Fitbit App
2024-07-14T08:15:00Z,SEDENTARY,Fitbit App
2024-07-14T08:16:00Z,MODERATELY_ACTIVE,Fitbit App
2024-07-14T08:17:00Z,LIGHTLY_ACTIVE,Fitbit App
2024-07-14T08:18:00Z,VERY_ACTIVE,Fitbit App
2024-07-14T08:19:00Z,VERY_ACTIVE,Fitbit App
2024-07-14T08:20:00Z,VERY_ACTIVE,Fitbit App
2024-07-14T08:21:00Z,VERY_ACTIVE,Fitbit App
2024-07-14T08:22:00Z,VERY_ACTIVE,Fitbit App
2024-07-14T08:23:00Z,VERY_ACTIVE,Fitbit App
2024-07-14T08:24:00Z,MODERATELY_ACTIVE,Fitbit App
2024-07-14T08:25:00Z,MODERATELY_ACTIVE,Fitbit App
2024-07-14T08:26:00Z,MODERATELY_ACTIVE,Fitbit App
2024-07-14T08:27:00Z,MODERATELY_ACTIVE,Fitbit App
2024-07-14T08:28:00Z,MODERATELY_ACTIVE,Fitbit App
2024-07-14T08:29:00Z,VERY_ACTIVE,Fitbit App
2024-07-14T08:30:00Z,VERY_ACTIVE,Fitbit App
2024-07-14T08:31:00Z,MODERATELY_ACTIVE,Fitbit App
2024-07-14T08:32:00Z,MODERATELY_ACTIVE,Fitbit App
2024-07-14T08:33:00Z,MODERATELY_ACTIVE,Fitbit App
2024-07-14T08:34:00Z,SEDENTARY,Fitbit App
2024-07-14T08:35:00Z,SEDENTARY,Fitbit App
2024-07-14T08:36:00Z,MODERATELY_ACTIVE,Fitbit App
2024-07-14T08:37:00Z,MODERATELY_ACTIVE,Fitbit App
2024-07-14T08:38:00Z,VERY_ACTIVE,Fitbit App
2024-07-14T08:39:00Z,MODERATELY_ACTIVE,Fitbit App
2024-07-14T08:40:00Z,MODERATELY_ACTIVE,Fitbit App
2024-07-14T08:41:00Z,LIGHTLY_ACTIVE,Fitbit App
2024-07-14T08:42:00Z,LIGHTLY_ACTIVE,Fitbit App
2024-07-14T08:43:00Z,LIGHTLY_ACTIVE,Fitbit App
2024-07-14T08:44:00Z,LIGHTLY_ACTIVE,Fitbit App
2024-07-14T08:45:00Z,LIGHTLY_ACTIVE,Fitbit App
2024-07-14T08:46:00Z,SEDENTARY,Fitbit App
2024-07-14T08:47:00Z,SEDENTARY,Fitbit App
2024-07-14T08:48:00Z,SEDENTARY,Fitbit App
2024-07-14T08:49:00Z,LIGHTLY_ACTIVE,Fitbit App
2024-07-14T08:50:00Z,SEDENTARY,Fitbit App
2024-07-14T08:51:00Z,SEDENTARY,Fitbit App
2024-07-14T08:52:00Z,SEDENTARY,Fitbit App
2024-07-14T08:53:00Z,LIGHTLY_ACTIVE,Fitbit App
2024-07-14T08:54:00Z,LIGHTLY_ACTIVE,Fitbit App
2024-07-14T08:55:00Z,LIGHTLY_ACTIVE,Fitbit App
2024-07-14T08:56:00Z,MODERATELY_ACTIVE,Fitbit App
2024-07-14T08:57:00Z,VERY_ACTIVE,Fitbit App
2024-07-14T08:58:00Z,MODERATELY_ACTIVE,Fitbit App
2024-07-14T08:59:00Z,MODERATELY_ACTIVE,Fitbit App
2024-07-14T09:00:00Z,LIGHTLY_ACTIVE,Fitbit App
2024-07-14T09:01:00Z,SEDENTARY,Fitbit App
2024-07-14T09:02:00Z,LIGHTLY_ACTIVE,Fitbit App
2024-07-14T09:03:00Z,LIGHTLY_ACTIVE,Fitbit App
2024-07-14T09:04:00Z,LIGHTLY_ACTIVE,Fitbit App
2024-07-14T09:05:00Z,SEDENTARY,Fitbit App
2024-07-14T09:06:00Z,SEDENTARY,Fitbit App
2024-07-14T09:07:00Z,SEDENTARY,Fitbit App
2024-07-14T09:08:00Z,SEDENTARY,Fitbit App
2024-07-14T09:09:00Z,SEDENTARY,Fitbit App
2024-07-14T09:10:00Z,SEDENTARY,Fitbit App
2024-07-14T09:11:00Z,SEDENTARY,Fitbit App
2024-07-14T09:12:00Z,SEDENTARY,Fitbit App
2024-07-14T09:13:00Z,SEDENTARY,Fitbit App
2024-07-14T09:14:00Z,SEDENTARY,Fitbit App
2024-07-14T09:15:00Z,SEDENTARY,Fitbit App
2024-07-14T09:16:00Z,SEDENTARY,Fitbit App
2024-07-14T09:17:00Z,SEDENTARY,Fitbit App
2024-07-14T09:18:00Z,SEDENTARY,Fitbit App
2024-07-14T09:19:00Z,SEDENTARY,Fitbit App
2024-07-14T09:20:00Z,SEDENTARY,Fitbit App
2024-07-14T09:21:00Z,SEDENTARY,Fitbit App
2024-07-14T09:22:00Z,SEDENTARY,Fitbit App
2024-07-14T09:23:00Z,SEDENTARY,Fitbit App
2024-07-14T09:24:00Z,SEDENTARY,Fitbit App
2024-07-14T09:25:00Z,SEDENTARY,Fitbit App
2024-07-14T09:26:00Z,SEDENTARY,Fitbit App
2024-07-14T09:27:00Z,SEDENTARY,Fitbit App
2024-07-14T09:28:00Z,LIGHTLY_ACTIVE,Fitbit App
2024-07-14T09:29:00Z,SEDENTARY,Fitbit App
2024-07-14T09:30:00Z,SEDENTARY,Fitbit App
2024-07-14T09:31:00Z,SEDENTARY,Fitbit App
2024-07-14T09:32:00Z,SEDENTARY,Fitbit App
2024-07-14T09:33:00Z,SEDENTARY,Fitbit App
2024-07-14T09:34:00Z,SEDENTARY,Fitbit App
2024-07-14T09:35:00Z,SEDENTARY,Fitbit App
2024-07-14T09:36:00Z,SEDENTARY,Fitbit App
2024-07-14T09:37:00Z,SEDENTARY,Fitbit App
2024-07-14T09:38:00Z,SEDENTARY,Fitbit App
2024-07-14T09:39:00Z,LIGHTLY_ACTIVE,Fitbit App
2024-07-14T09:40:00Z,MODERATELY_ACTIVE,Fitbit App
2024-07-14T09:41:00Z,SEDENTARY,Fitbit App
2024-07-14T09:42:00Z,MODERATELY_ACTIVE,Fitbit App
2024-07-14T09:43:00Z,VERY_ACTIVE,Fitbit App
2024-07-14T09:44:00Z,VERY_ACTIVE,Fitbit App
2024-07-14T09:45:00Z,MODERATELY_ACTIVE,Fitbit App
2024-07-14T09:46:00Z,MODERATELY_ACTIVE,Fitbit App
2024-07-14T09:47:00Z,VERY_ACTIVE,Fitbit App
2024-07-14T09:48:00Z,MODERATELY_ACTIVE,Fitbit App
2024-07-14T09:49:00Z,VERY_ACTIVE,Fitbit App
2024-07-14T09:50:00Z,MODERATELY_ACTIVE,Fitbit App
2024-07-14T09:51:00Z,VERY_ACTIVE,Fitbit App
2024-07-14T09:52:00Z,VERY_ACTIVE,Fitbit App
2024-07-14T09:53:00Z,VERY_ACTIVE,Fitbit App
2024-07-14T09:54:00Z,VERY_ACTIVE,Fitbit App
2024-07-14T09:55:00Z,VERY_ACTIVE,Fitbit App
2024-07-14T09:56:00Z,VERY_ACTIVE,Fitbit App
2024-07-14T09:57:00Z,VERY_ACTIVE,Fitbit App
2024-07-14T09:58:00Z,VERY_ACTIVE,Fitbit App
2024-07-14T09:59:00Z,VERY_ACTIVE,Fitbit App
2024-07-14T10:00:00Z,LIGHTLY_ACTIVE,Fitbit App
2024-07-14T10:01:00Z,SEDENTARY,Fitbit App
2024-07-14T10:02:00Z,MODERATELY_ACTIVE,Fitbit App
2024-07-14T10:03:00Z,SEDENTARY,Fitbit App
2024-07-14T10:04:00Z,SEDENTARY,Fitbit App
2024-07-14T10:05:00Z,SEDENTARY,Fitbit App
2024-07-14T10:06:00Z,SEDENTARY,Fitbit App
2024-07-14T10:07:00Z,SEDENTARY,Fitbit App
2024-07-14T10:08:00Z,SEDENTARY,Fitbit App
2024-07-14T10:09:00Z,MODERATELY_ACTIVE,Fitbit App
2024-07-14T10:10:00Z,SEDENTARY,Fitbit App
2024-07-14T10:11:00Z,SEDENTARY,Fitbit App
2024-07-14T10:12:00Z,SEDENTARY,Fitbit App
2024-07-14T10:13:00Z,SEDENTARY,Fitbit App
2024-07-14T10:14:00Z,SEDENTARY,Fitbit App
2024-07-14T10:15:00Z,SEDENTARY,Fitbit App
2024-07-14T10:16:00Z,SEDENTARY,Fitbit App
2024-07-14T10:17:00Z,SEDENTARY,Fitbit App
2024-07-14T10:18:00Z,SEDENTARY,Fitbit App
2024-07-14T10:19:00Z,SEDENTARY,Fitbit App
2024-07-14T10:20:00Z,SEDENTARY,Fitbit App
2024-07-14T10:21:00Z,SEDENTARY,Fitbit App
2024-07-14T10:22:00Z,SEDENTARY,Fitbit App
2024-07-14T10:23:00Z,SEDENTARY,Fitbit App
2024-07-14T10:24:00Z,SEDENTARY,Fitbit App
2024-07-14T10:25:00Z,SEDENTARY,Fitbit App
2024-07-14T10:26:00Z,SEDENTARY,Fitbit App
2024-07-14T10:27:00Z,LIGHTLY_ACTIVE,Fitbit App
2024-07-14T10:28:00Z,VERY_ACTIVE,Fitbit App
2024-07-14T10:29:00Z,VERY_ACTIVE,Fitbit App
2024-07-14T10:30:00Z,LIGHTLY_ACTIVE,Fitbit App
2024-07-14T10:31:00Z,SEDENTARY,Fitbit App
2024-07-14T10:32:00Z,MODERATELY_ACTIVE,Fitbit App
2024-07-14T10:33:00Z,VERY_ACTIVE,Fitbit App
2024-07-14T10:34:00Z,LIGHTLY_ACTIVE,Fitbit App
2024-07-14T10:35:00Z,VERY_ACTIVE,Fitbit App
2024-07-14T10:36:00Z,MODERATELY_ACTIVE,Fitbit App
2024-07-14T10:37:00Z,MODERATELY_ACTIVE,Fitbit App
2024-07-14T10:38:00Z,MODERATELY_ACTIVE,Fitbit App
2024-07-14T10:39:00Z,MODERATELY_ACTIVE,Fitbit App
2024-07-14T10:40:00Z,SEDENTARY,Fitbit App
2024-07-14T10:41:00Z,SEDENTARY,Fitbit App
2024-07-14T10:42:00Z,SEDENTARY,Fitbit App
2024-07-14T10:43:00Z,SEDENTARY,Fitbit App
2024-07-14T10:44:00Z,SEDENTARY,Fitbit App
2024-07-14T10:45:00Z,SEDENTARY,Fitbit App
2024-07-14T10:46:00Z,SEDENTARY,Fitbit App
2024-07-14T10:47:00Z,SEDENTARY,Fitbit App
2024-07-14T10:48:00Z,SEDENTARY,Fitbit App
2024-07-14T10:49:00Z,SEDENTARY,Fitbit App
2024-07-14T10:50:00Z,SEDENTARY,Fitbit App
2024-07-14T10:51:00Z,SEDENTARY,Fitbit App
2024-07-14T10:52:00Z,SEDENTARY,Fitbit App
2024-07-14T10:53:00Z,SEDENTARY,Fitbit App
2024-07-14T10:54:00Z,SEDENTARY,Fitbit App
2024-07-14T10:55:00Z,LIGHTLY_ACTIVE,Fitbit App
2024-07-14T10:56:00Z,SEDENTARY,Fitbit App
2024-07-14T10:57:00Z,SEDENTARY,Fitbit App
2024-07-14T10:58:00Z,SEDENTARY,Fitbit App
2024-07-14T10:59:00Z,SEDENTARY,Fitbit App
2024-07-14T11:00:00Z,LIGHTLY_ACTIVE,Fitbit App
2024-07-14T11:01:00Z,SEDENTARY,Fitbit App
2024-07-14T11:02:00Z,SEDENTARY,Fitbit App
2024-07-14T11:03:00Z,SEDENTARY,Fitbit App
2024-07-14T11:04:00Z,SEDENTARY,Fitbit App
2024-07-14T11:05:00Z,SEDENTARY,Fitbit App
2024-07-14T11:06:00Z,SEDENTARY,Fitbit App
2024-07-14T11:07:00Z,LIGHTLY_ACTIVE,Fitbit App
2024-07-14T11:08:00Z,LIGHTLY_ACTIVE,Fitbit App
2024-07-14T11:09:00Z,LIGHTLY_ACTIVE,Fitbit App
2024-07-14T11:11:00Z,LIGHTLY_ACTIVE,Fitbit App
2024-07-14T11:12:00Z,SEDENTARY,Fitbit App
2024-07-14T11:13:00Z,SEDENTARY,Fitbit App
2024-07-14T11:14:00Z,SEDENTARY,Fitbit App
2024-07-14T11:15:00Z,SEDENTARY,Fitbit App
2024-07-14T11:16:00Z,SEDENTARY,Fitbit App
2024-07-14T11:17:00Z,SEDENTARY,Fitbit App
2024-07-14T11:18:00Z,SEDENTARY,Fitbit App
2024-07-14T11:19:00Z,SEDENTARY,Fitbit App
2024-07-14T11:20:00Z,SEDENTARY,Fitbit App
2024-07-14T11:21:00Z,SEDENTARY,Fitbit App
2024-07-14T11:22:00Z,SEDENTARY,Fitbit App
2024-07-14T11:23:00Z,SEDENTARY,Fitbit App
2024-07-14T11:24:00Z,SEDENTARY,Fitbit App
2024-07-14T11:25:00Z,SEDENTARY,Fitbit App
2024-07-14T11:26:00Z,SEDENTARY,Fitbit App
2024-07-14T11:27:00Z,SEDENTARY,Fitbit App
2024-07-14T11:28:00Z,SEDENTARY,Fitbit App
2024-07-14T11:29:00Z,SEDENTARY,Fitbit App
2024-07-14T11:30:00Z,SEDENTARY,Fitbit App
2024-07-14T11:31:00Z,SEDENTARY,Fitbit App
2024-07-14T11:32:00Z,LIGHTLY_ACTIVE,Fitbit App
2024-07-14T11:33:00Z,SEDENTARY,Fitbit App
2024-07-14T11:34:00Z,SEDENTARY,Fitbit App
2024-07-14T11:35:00Z,SEDENTARY,Fitbit App
2024-07-14T11:36:00Z,SEDENTARY,Fitbit App
2024-07-14T11:37:00Z,SEDENTARY,Fitbit App
2024-07-14T11:38:00Z,SEDENTARY,Fitbit App
2024-07-14T11:39:00Z,SEDENTARY,Fitbit App
2024-07-14T11:40:00Z,SEDENTARY,Fitbit App
2024-07-14T11:41:00Z,SEDENTARY,Fitbit App
2024-07-14T11:42:00Z,SEDENTARY,Fitbit App
2024-07-14T11:43:00Z,SEDENTARY,Fitbit App
2024-07-14T11:44:00Z,SEDENTARY,Fitbit App
2024-07-14T11:45:00Z,SEDENTARY,Fitbit App
2024-07-14T11:46:00Z,SEDENTARY,Fitbit App
2024-07-14T11:47:00Z,SEDENTARY,Fitbit App
2024-07-14T11:48:00Z,SEDENTARY,Fitbit App
2024-07-14T11:49:00Z,SEDENTARY,Fitbit App
2024-07-14T11:50:00Z,SEDENTARY,Fitbit App
2024-07-14T11:51:00Z,SEDENTARY,Fitbit App
2024-07-14T11:52:00Z,SEDENTARY,Fitbit App
2024-07-14T11:53:00Z,SEDENTARY,Fitbit App
2024-07-14T11:54:00Z,SEDENTARY,Fitbit App
2024-07-14T11:55:00Z,SEDENTARY,Fitbit App
2024-07-14T11:56:00Z,SEDENTARY,Fitbit App
2024-07-14T11:57:00Z,SEDENTARY,Fitbit App
2024-07-14T11:58:00Z,SEDENTARY,Fitbit App
2024-07-14T11:59:00Z,SEDENTARY,Fitbit App
2024-07-14T12:00:00Z,SEDENTARY,Fitbit App
2024-07-14T12:01:00Z,SEDENTARY,Fitbit App
2024-07-14T12:02:00Z,SEDENTARY,Fitbit App
2024-07-14T12:03:00Z,SEDENTARY,Fitbit App
2024-07-14T12:04:00Z,SEDENTARY,Fitbit App
2024-07-14T12:05:00Z,SEDENTARY,Fitbit App
2024-07-14T12:06:00Z,SEDENTARY,Fitbit App
2024-07-14T12:07:00Z,SEDENTARY,Fitbit App
2024-07-14T12:08:00Z,SEDENTARY,Fitbit App
2024-07-14T12:09:00Z,SEDENTARY,Fitbit App
2024-07-14T12:10:00Z,SEDENTARY,Fitbit App
2024-07-14T12:11:00Z,SEDENTARY,Fitbit App
2024-07-14T12:12:00Z,SEDENTARY,Fitbit App
2024-07-14T12:13:00Z,SEDENTARY,Fitbit App
2024-07-14T12:14:00Z,SEDENTARY,Fitbit App
2024-07-14T12:15:00Z,LIGHTLY_ACTIVE,Fitbit App
2024-07-14T12:16:00Z,SEDENTARY,Fitbit App
2024-07-14T12:17:00Z,SEDENTARY,Fitbit App
2024-07-14T12:18:00Z,SEDENTARY,Fitbit App
2024-07-14T12:19:00Z,SEDENTARY,Fitbit App
2024-07-14T12:20:00Z,SEDENTARY,Fitbit App
2024-07-14T12:21:00Z,SEDENTARY,Fitbit App
2024-07-14T12:22:00Z,LIGHTLY_ACTIVE,Fitbit App
2024-07-14T12:23:00Z,SEDENTARY,Fitbit App
2024-07-14T12:24:00Z,SEDENTARY,Fitbit App
2024-07-14T12:25:00Z,SEDENTARY,Fitbit App
2024-07-14T12:26:00Z,SEDENTARY,Fitbit App
2024-07-14T12:27:00Z,SEDENTARY,Fitbit App
2024-07-14T12:28:00Z,SEDENTARY,Fitbit App
2024-07-14T12:29:00Z,SEDENTARY,Fitbit App
2024-07-14T12:30:00Z,SEDENTARY,Fitbit App
2024-07-14T12:31:00Z,SEDENTARY,Fitbit App
2024-07-14T12:32:00Z,SEDENTARY,Fitbit App
2024-07-14T12:33:00Z,SEDENTARY,Fitbit App
2024-07-14T12:34:00Z,SEDENTARY,Fitbit App
2024-07-14T12:35:00Z,SEDENTARY,Fitbit App
2024-07-14T12:36:00Z,SEDENTARY,Fitbit App
2024-07-14T12:37:00Z,SEDENTARY,Fitbit App
2024-07-14T12:38:00Z,SEDENTARY,Fitbit App
2024-07-14T12:39:00Z,SEDENTARY,Fitbit App
2024-07-14T12:40:00Z,SEDENTARY,Fitbit App
2024-07-14T12:41:00Z,SEDENTARY,Fitbit App
2024-07-14T12:42:00Z,SEDENTARY,Fitbit App
2024-07-14T12:43:00Z,SEDENTARY,Fitbit App
2024-07-14T12:44:00Z,SEDENTARY,Fitbit App
2024-07-14T12:45:00Z,SEDENTARY,Fitbit App
2024-07-14T12:46:00Z,SEDENTARY,Fitbit App
2024-07-14T12:47:00Z,SEDENTARY,Fitbit App
2024-07-14T12:48:00Z,SEDENTARY,Fitbit App
2024-07-14T12:49:00Z,SEDENTARY,Fitbit App
2024-07-14T12:50:00Z,SEDENTARY,Fitbit App
2024-07-14T12:51:00Z,SEDENTARY,Fitbit App
2024-07-14T12:52:00Z,SEDENTARY,Fitbit App
2024-07-14T12:53:00Z,SEDENTARY,Fitbit App
2024-07-14T12:54:00Z,SEDENTARY,Fitbit App
2024-07-14T12:55:00Z,SEDENTARY,Fitbit App
2024-07-14T12:56:00Z,SEDENTARY,Fitbit App
2024-07-14T12:57:00Z,SEDENTARY,Fitbit App
2024-07-14T12:58:00Z,SEDENTARY,Fitbit App
2024-07-14T12:59:00Z,SEDENTARY,Fitbit App
2024-07-14T13:00:00Z,SEDENTARY,Fitbit App
2024-07-14T13:01:00Z,SEDENTARY,Fitbit App
2024-07-14T13:02:00Z,SEDENTARY,Fitbit App
2024-07-14T13:03:00Z,SEDENTARY,Fitbit App
2024-07-14T13:04:00Z,SEDENTARY,Fitbit App
2024-07-14T13:05:00Z,SEDENTARY,Fitbit App
2024-07-14T13:06:00Z,SEDENTARY,Fitbit App
2024-07-14T13:07:00Z,SEDENTARY,Fitbit App
2024-07-14T13:08:00Z,SEDENTARY,Fitbit App
2024-07-14T13:09:00Z,SEDENTARY,Fitbit App
2024-07-14T13:10:00Z,SEDENTARY,Fitbit App
2024-07-14T13:11:00Z,SEDENTARY,Fitbit App
2024-07-14T13:12:00Z,LIGHTLY_ACTIVE,Fitbit App
2024-07-14T13:13:00Z,SEDENTARY,Fitbit App
2024-07-14T13:14:00Z,SEDENTARY,Fitbit App
2024-07-14T13:15:00Z,SEDENTARY,Fitbit App
2024-07-14T13:16:00Z,SEDENTARY,Fitbit App
2024-07-14T13:17:00Z,SEDENTARY,Fitbit App
2024-07-14T13:18:00Z,SEDENTARY,Fitbit App
2024-07-14T13:19:00Z,SEDENTARY,Fitbit App
2024-07-14T13:20:00Z,SEDENTARY,Fitbit App
2024-07-14T13:21:00Z,SEDENTARY,Fitbit App
2024-07-14T13:22:00Z,SEDENTARY,Fitbit App
2024-07-14T13:23:00Z,SEDENTARY,Fitbit App
2024-07-14T13:24:00Z,SEDENTARY,Fitbit App
2024-07-14T13:25:00Z,SEDENTARY,Fitbit App
2024-07-14T13:26:00Z,SEDENTARY,Fitbit App
2024-07-14T13:27:00Z,SEDENTARY,Fitbit App
2024-07-14T13:28:00Z,SEDENTARY,Fitbit App
2024-07-14T13:29:00Z,LIGHTLY_ACTIVE,Fitbit App
2024-07-14T13:31:00Z,SEDENTARY,Fitbit App
2024-07-14T13:32:00Z,SEDENTARY,Fitbit App
2024-07-14T13:33:00Z,LIGHTLY_ACTIVE,Fitbit App
2024-07-14T13:34:00Z,MODERATELY_ACTIVE,Fitbit App
2024-07-14T13:35:00Z,MODERATELY_ACTIVE,Fitbit App
2024-07-14T13:36:00Z,MODERATELY_ACTIVE,Fitbit App
2024-07-14T13:37:00Z,MODERATELY_ACTIVE,Fitbit App
2024-07-14T13:38:00Z,LIGHTLY_ACTIVE,Fitbit App
2024-07-14T13:39:00Z,SEDENTARY,Fitbit App
2024-07-14T13:40:00Z,SEDENTARY,Fitbit App
2024-07-14T13:41:00Z,SEDENTARY,Fitbit App
2024-07-14T13:42:00Z,SEDENTARY,Fitbit App
2024-07-14T13:43:00Z,SEDENTARY,Fitbit App
2024-07-14T13:44:00Z,SEDENTARY,Fitbit App
2024-07-14T13:45:00Z,SEDENTARY,Fitbit App
2024-07-14T13:46:00Z,SEDENTARY,Fitbit App
2024-07-14T13:47:00Z,LIGHTLY_ACTIVE,Fitbit App
2024-07-14T13:48:00Z,SEDENTARY,Fitbit App
2024-07-14T13:49:00Z,SEDENTARY,Fitbit App
2024-07-14T13:50:00Z,LIGHTLY_ACTIVE,Fitbit App
2024-07-14T13:51:00Z,LIGHTLY_ACTIVE,Fitbit App
2024-07-14T13:52:00Z,MODERATELY_ACTIVE,Fitbit App
2024-07-14T13:53:00Z,VERY_ACTIVE,Fitbit App
2024-07-14T13:54:00Z,VERY_ACTIVE,Fitbit App
2024-07-14T13:55:00Z,VERY_ACTIVE,Fitbit App
2024-07-14T13:56:00Z,VERY_ACTIVE,Fitbit App
2024-07-14T13:57:00Z,VERY_ACTIVE,Fitbit App
2024-07-14T13:58:00Z,VERY_ACTIVE,Fitbit App
2024-07-14T13:59:00Z,MODERATELY_ACTIVE,Fitbit App
2024-07-14T14:00:00Z,LIGHTLY_ACTIVE,Fitbit App
2024-07-14T14:01:00Z,LIGHTLY_ACTIVE,Fitbit App
2024-07-14T14:02:00Z,MODERATELY_ACTIVE,Fitbit App
2024-07-14T14:03:00Z,MODERATELY_ACTIVE,Fitbit App
2024-07-14T14:04:00Z,VERY_ACTIVE,Fitbit App
2024-07-14T14:05:00Z,VERY_ACTIVE,Fitbit App
2024-07-14T14:06:00Z,LIGHTLY_ACTIVE,Fitbit App
2024-07-14T14:07:00Z,MODERATELY_ACTIVE,Fitbit App
2024-07-14T14:08:00Z,LIGHTLY_ACTIVE,Fitbit App
2024-07-14T14:09:00Z,LIGHTLY_ACTIVE,Fitbit App
2024-07-14T14:10:00Z,SEDENTARY,Fitbit App
2024-07-14T14:11:00Z,SEDENTARY,Fitbit App
2024-07-14T14:12:00Z,SEDENTARY,Fitbit App
2024-07-14T14:13:00Z,SEDENTARY,Fitbit App
2024-07-14T14:14:00Z,SEDENTARY,Fitbit App
2024-07-14T14:15:00Z,SEDENTARY,Fitbit App
2024-07-14T14:16:00Z,SEDENTARY,Fitbit App
2024-07-14T14:17:00Z,SEDENTARY,Fitbit App
2024-07-14T14:18:00Z,SEDENTARY,Fitbit App
2024-07-14T14:19:00Z,SEDENTARY,Fitbit App
2024-07-14T14:20:00Z,SEDENTARY,Fitbit App
2024-07-14T14:21:00Z,SEDENTARY,Fitbit App
2024-07-14T14:22:00Z,SEDENTARY,Fitbit App
2024-07-14T14:23:00Z,SEDENTARY,Fitbit App
2024-07-14T14:24:00Z,SEDENTARY,Fitbit App
2024-07-14T14:25:00Z,SEDENTARY,Fitbit App
2024-07-14T14:26:00Z,SEDENTARY,Fitbit App
2024-07-14T14:27:00Z,LIGHTLY_ACTIVE,Fitbit App
2024-07-14T14:28:00Z,MODERATELY_ACTIVE,Fitbit App
2024-07-14T14:29:00Z,VERY_ACTIVE,Fitbit App
2024-07-14T14:30:00Z,VERY_ACTIVE,Fitbit App
2024-07-14T14:31:00Z,VERY_ACTIVE,Fitbit App
2024-07-14T14:32:00Z,VERY_ACTIVE,Fitbit App
2024-07-14T14:33:00Z,MODERATELY_ACTIVE,Fitbit App
2024-07-14T14:34:00Z,LIGHTLY_ACTIVE,Fitbit App
2024-07-14T14:35:00Z,LIGHTLY_ACTIVE,Fitbit App
2024-07-14T14:36:00Z,SEDENTARY,Fitbit App
2024-07-14T14:37:00Z,LIGHTLY_ACTIVE,Fitbit App
2024-07-14T14:38:00Z,SEDENTARY,Fitbit App
2024-07-14T14:39:00Z,SEDENTARY,Fitbit App
2024-07-14T14:40:00Z,SEDENTARY,Fitbit App
2024-07-14T14:41:00Z,SEDENTARY,Fitbit App
2024-07-14T14:42:00Z,SEDENTARY,Fitbit App
2024-07-14T14:43:00Z,SEDENTARY,Fitbit App
2024-07-14T14:44:00Z,SEDENTARY,Fitbit App
2024-07-14T14:45:00Z,SEDENTARY,Fitbit App
2024-07-14T14:46:00Z,LIGHTLY_ACTIVE,Fitbit App
2024-07-14T14:47:00Z,LIGHTLY_ACTIVE,Fitbit App
2024-07-14T14:48:00Z,LIGHTLY_ACTIVE,Fitbit App
2024-07-14T14:49:00Z,LIGHTLY_ACTIVE,Fitbit App
2024-07-14T14:50:00Z,SEDENTARY,Fitbit App
2024-07-14T14:51:00Z,LIGHTLY_ACTIVE,Fitbit App
2024-07-14T14:52:00Z,LIGHTLY_ACTIVE,Fitbit App
2024-07-14T14:53:00Z,LIGHTLY_ACTIVE,Fitbit App
2024-07-14T14:54:00Z,LIGHTLY_ACTIVE,Fitbit App
2024-07-14T14:55:00Z,SEDENTARY,Fitbit App
2024-07-14T14:56:00Z,LIGHTLY_ACTIVE,Fitbit App
2024-07-14T14:57:00Z,SEDENTARY,Fitbit App
2024-07-14T14:59:00Z,SEDENTARY,Fitbit App
2024-07-14T15:00:00Z,SEDENTARY,Fitbit App
2024-07-14T15:01:00Z,SEDENTARY,Fitbit App
2024-07-14T15:02:00Z,SEDENTARY,Fitbit App
2024-07-14T15:03:00Z,SEDENTARY,Fitbit App
2024-07-14T15:05:00Z,SEDENTARY,Fitbit App
2024-07-14T15:06:00Z,SEDENTARY,Fitbit App
2024-07-14T15:08:00Z,SEDENTARY,Fitbit App
2024-07-14T15:10:00Z,SEDENTARY,Fitbit App
2024-07-14T15:11:00Z,SEDENTARY,Fitbit App
2024-07-14T15:12:00Z,SEDENTARY,Fitbit App
2024-07-14T15:13:00Z,SEDENTARY,Fitbit App
2024-07-14T15:14:00Z,SEDENTARY,Fitbit App
2024-07-14T15:16:00Z,SEDENTARY,Fitbit App
2024-07-14T15:17:00Z,SEDENTARY,Fitbit App
2024-07-14T15:18:00Z,SEDENTARY,Fitbit App
2024-07-14T15:19:00Z,SEDENTARY,Fitbit App
2024-07-14T15:22:00Z,SEDENTARY,Fitbit App
2024-07-14T15:24:00Z,SEDENTARY,Fitbit App
2024-07-14T15:25:00Z,SEDENTARY,Fitbit App
2024-07-14T15:26:00Z,SEDENTARY,Fitbit App
2024-07-14T15:27:00Z,SEDENTARY,Fitbit App
2024-07-14T15:28:00Z,SEDENTARY,Fitbit App
2024-07-14T15:29:00Z,SEDENTARY,Fitbit App
2024-07-14T15:30:00Z,SEDENTARY,Fitbit App
2024-07-14T15:32:00Z,SEDENTARY,Fitbit App
2024-07-14T15:33:00Z,LIGHTLY_ACTIVE,Fitbit App
2024-07-14T15:34:00Z,SEDENTARY,Fitbit App
2024-07-14T15:35:00Z,SEDENTARY,Fitbit App
2024-07-14T15:36:00Z,SEDENTARY,Fitbit App
2024-07-14T15:37:00Z,SEDENTARY,Fitbit App
2024-07-14T15:38:00Z,SEDENTARY,Fitbit App
2024-07-14T15:39:00Z,SEDENTARY,Fitbit App
2024-07-14T15:40:00Z,LIGHTLY_ACTIVE,Fitbit App
2024-07-14T15:41:00Z,SEDENTARY,Fitbit App
2024-07-14T15:42:00Z,SEDENTARY,Fitbit App
2024-07-14T15:43:00Z,SEDENTARY,Fitbit App
2024-07-14T15:48:00Z,SEDENTARY,Fitbit App
2024-07-14T15:52:00Z,SEDENTARY,Fitbit App
2024-07-14T15:53:00Z,SEDENTARY,Fitbit App
2024-07-14T15:54:00Z,SEDENTARY,Fitbit App
2024-07-14T15:55:00Z,SEDENTARY,Fitbit App
2024-07-14T15:56:00Z,SEDENTARY,Fitbit App
2024-07-14T15:58:00Z,SEDENTARY,Fitbit App
2024-07-14T16:00:00Z,SEDENTARY,Fitbit App
2024-07-14T16:01:00Z,SEDENTARY,Fitbit App
2024-07-14T16:02:00Z,SEDENTARY,Fitbit App
2024-07-14T16:03:00Z,SEDENTARY,Fitbit App
2024-07-14T16:04:00Z,SEDENTARY,Fitbit App
2024-07-14T16:06:00Z,SEDENTARY,Fitbit App
2024-07-14T16:07:00Z,SEDENTARY,Fitbit App
2024-07-14T16:08:00Z,SEDENTARY,Fitbit App
2024-07-14T16:09:00Z,SEDENTARY,Fitbit App
2024-07-14T16:10:00Z,SEDENTARY,Fitbit App
2024-07-14T16:11:00Z,SEDENTARY,Fitbit App
2024-07-14T16:12:00Z,SEDENTARY,Fitbit App
2024-07-14T16:13:00Z,SEDENTARY,Fitbit App
2024-07-14T16:14:00Z,SEDENTARY,Fitbit App
2024-07-14T16:15:00Z,SEDENTARY,Fitbit App
2024-07-14T16:16:00Z,SEDENTARY,Fitbit App
2024-07-14T16:17:00Z,SEDENTARY,Fitbit App
2024-07-14T16:18:00Z,SEDENTARY,Fitbit App
2024-07-14T16:19:00Z,SEDENTARY,Fitbit App
2024-07-14T16:20:00Z,LIGHTLY_ACTIVE,Fitbit App
2024-07-14T16:21:00Z,SEDENTARY,Fitbit App
2024-07-14T16:22:00Z,LIGHTLY_ACTIVE,Fitbit App
2024-07-14T16:23:00Z,SEDENTARY,Fitbit App
2024-07-14T16:24:00Z,SEDENTARY,Fitbit App
2024-07-14T16:26:00Z,SEDENTARY,Fitbit App
2024-07-14T16:27:00Z,SEDENTARY,Fitbit App
2024-07-14T16:28:00Z,SEDENTARY,Fitbit App
2024-07-14T16:31:00Z,SEDENTARY,Fitbit App
2024-07-14T16:32:00Z,SEDENTARY,Fitbit App
2024-07-14T16:33:00Z,SEDENTARY,Fitbit App
2024-07-14T16:34:00Z,SEDENTARY,Fitbit App
2024-07-14T16:36:00Z,SEDENTARY,Fitbit App
2024-07-14T16:37:00Z,SEDENTARY,Fitbit App
2024-07-14T16:38:00Z,SEDENTARY,Fitbit App
2024-07-14T16:41:00Z,SEDENTARY,Fitbit App
2024-07-14T16:42:00Z,SEDENTARY,Fitbit App
2024-07-14T16:43:00Z,SEDENTARY,Fitbit App
2024-07-14T16:44:00Z,SEDENTARY,Fitbit App
2024-07-14T16:45:00Z,SEDENTARY,Fitbit App
2024-07-14T16:46:00Z,LIGHTLY_ACTIVE,Fitbit App
2024-07-14T16:47:00Z,LIGHTLY_ACTIVE,Fitbit App
2024-07-14T16:48:00Z,SEDENTARY,Fitbit App
2024-07-14T16:49:00Z,SEDENTARY,Fitbit App
2024-07-14T16:50:00Z,SEDENTARY,Fitbit App
2024-07-14T16:51:00Z,LIGHTLY_ACTIVE,Fitbit App
2024-07-14T16:52:00Z,LIGHTLY_ACTIVE,Fitbit App
2024-07-14T16:53:00Z,SEDENTARY,Fitbit App
2024-07-14T16:54:00Z,SEDENTARY,Fitbit App
2024-07-14T16:55:00Z,SEDENTARY,Fitbit App
2024-07-14T16:56:00Z,SEDENTARY,Fitbit App
2024-07-14T16:57:00Z,SEDENTARY,Fitbit App
2024-07-14T16:58:00Z,SEDENTARY,Fitbit App
2024-07-14T16:59:00Z,SEDENTARY,Fitbit App
2024-07-14T17:00:00Z,SEDENTARY,Fitbit App
2024-07-14T17:01:00Z,SEDENTARY,Fitbit App
2024-07-14T17:02:00Z,SEDENTARY,Fitbit App
2024-07-14T17:03:00Z,SEDENTARY,Fitbit App
2024-07-14T17:04:00Z,SEDENTARY,Fitbit App
2024-07-14T17:05:00Z,SEDENTARY,Fitbit App
2024-07-14T17:06:00Z,SEDENTARY,Fitbit App
2024-07-14T17:07:00Z,SEDENTARY,Fitbit App
2024-07-14T17:08:00Z,SEDENTARY,Fitbit App
2024-07-14T17:09:00Z,SEDENTARY,Fitbit App
2024-07-14T17:10:00Z,SEDENTARY,Fitbit App
2024-07-14T17:11:00Z,SEDENTARY,Fitbit App
2024-07-14T17:12:00Z,SEDENTARY,Fitbit App
2024-07-14T17:13:00Z,SEDENTARY,Fitbit App
2024-07-14T17:14:00Z,SEDENTARY,Fitbit App
2024-07-14T17:15:00Z,LIGHTLY_ACTIVE,Fitbit App
2024-07-14T17:16:00Z,LIGHTLY_ACTIVE,Fitbit App
2024-07-14T17:17:00Z,SEDENTARY,Fitbit App
2024-07-14T17:18:00Z,SEDENTARY,Fitbit App
2024-07-14T17:19:00Z,SEDENTARY,Fitbit App
2024-07-14T17:20:00Z,SEDENTARY,Fitbit App
2024-07-14T17:21:00Z,LIGHTLY_ACTIVE,Fitbit App
2024-07-14T17:22:00Z,SEDENTARY,Fitbit App
2024-07-14T17:23:00Z,SEDENTARY,Fitbit App
2024-07-14T17:24:00Z,SEDENTARY,Fitbit App
2024-07-14T17:25:00Z,SEDENTARY,Fitbit App
2024-07-14T17:26:00Z,LIGHTLY_ACTIVE,Fitbit App
2024-07-14T17:27:00Z,LIGHTLY_ACTIVE,Fitbit App
2024-07-14T17:28:00Z,SEDENTARY,Fitbit App
2024-07-14T17:29:00Z,SEDENTARY,Fitbit App
2024-07-14T17:30:00Z,SEDENTARY,Fitbit App
2024-07-14T17:31:00Z,SEDENTARY,Fitbit App
2024-07-14T17:32:00Z,SEDENTARY,Fitbit App
2024-07-14T17:33:00Z,SEDENTARY,Fitbit App
2024-07-14T17:34:00Z,SEDENTARY,Fitbit App
2024-07-14T17:35:00Z,SEDENTARY,Fitbit App
2024-07-14T17:36:00Z,SEDENTARY,Fitbit App
2024-07-14T17:37:00Z,SEDENTARY,Fitbit App
2024-07-14T17:38:00Z,SEDENTARY,Fitbit App
2024-07-14T17:39:00Z,SEDENTARY,Fitbit App
2024-07-14T17:40:00Z,SEDENTARY,Fitbit App
2024-07-14T17:41:00Z,SEDENTARY,Fitbit App
2024-07-14T17:42:00Z,SEDENTARY,Fitbit App
2024-07-14T17:43:00Z,LIGHTLY_ACTIVE,Fitbit App
2024-07-14T17:44:00Z,SEDENTARY,Fitbit App
2024-07-14T17:45:00Z,SEDENTARY,Fitbit App
2024-07-14T17:46:00Z,SEDENTARY,Fitbit App
2024-07-14T17:47:00Z,LIGHTLY_ACTIVE,Fitbit App
2024-07-14T17:48:00Z,SEDENTARY,Fitbit App
2024-07-14T17:49:00Z,SEDENTARY,Fitbit App
2024-07-14T17:50:00Z,SEDENTARY,Fitbit App
2024-07-14T17:51:00Z,LIGHTLY_ACTIVE,Fitbit App
2024-07-14T17:52:00Z,LIGHTLY_ACTIVE,Fitbit App
2024-07-14T17:53:00Z,LIGHTLY_ACTIVE,Fitbit App
2024-07-14T17:54:00Z,SEDENTARY,Fitbit App
2024-07-14T17:55:00Z,SEDENTARY,Fitbit App
2024-07-14T17:56:00Z,SEDENTARY,Fitbit App
2024-07-14T17:57:00Z,SEDENTARY,Fitbit App
2024-07-14T17:58:00Z,SEDENTARY,Fitbit App
2024-07-14T17:59:00Z,SEDENTARY,Fitbit App
2024-07-14T18:00:00Z,LIGHTLY_ACTIVE,Fitbit App
2024-07-14T18:01:00Z,SEDENTARY,Fitbit App
2024-07-14T18:02:00Z,LIGHTLY_ACTIVE,Fitbit App
2024-07-14T18:03:00Z,SEDENTARY,Fitbit App
2024-07-14T18:04:00Z,SEDENTARY,Fitbit App
2024-07-14T18:05:00Z,SEDENTARY,Fitbit App
2024-07-14T18:06:00Z,SEDENTARY,Fitbit App
2024-07-14T18:07:00Z,SEDENTARY,Fitbit App
2024-07-14T18:08:00Z,SEDENTARY,Fitbit App
2024-07-14T18:09:00Z,SEDENTARY,Fitbit App
2024-07-14T18:10:00Z,SEDENTARY,Fitbit App
2024-07-14T18:11:00Z,SEDENTARY,Fitbit App
2024-07-14T18:13:00Z,SEDENTARY,Fitbit App
2024-07-14T18:14:00Z,SEDENTARY,Fitbit App
2024-07-14T18:18:00Z,SEDENTARY,Fitbit App
2024-07-14T18:20:00Z,SEDENTARY,Fitbit App
2024-07-14T18:21:00Z,SEDENTARY,Fitbit App
2024-07-14T18:22:00Z,SEDENTARY,Fitbit App
2024-07-14T18:23:00Z,SEDENTARY,Fitbit App
2024-07-14T18:24:00Z,SEDENTARY,Fitbit App
2024-07-14T18:25:00Z,LIGHTLY_ACTIVE,Fitbit App
2024-07-14T18:26:00Z,LIGHTLY_ACTIVE,Fitbit App
2024-07-14T18:27:00Z,LIGHTLY_ACTIVE,Fitbit App
2024-07-14T18:28:00Z,SEDENTARY,Fitbit App
2024-07-14T18:29:00Z,LIGHTLY_ACTIVE,Fitbit App
2024-07-14T18:30:00Z,SEDENTARY,Fitbit App
2024-07-14T18:31:00Z,SEDENTARY,Fitbit App
2024-07-14T18:32:00Z,LIGHTLY_ACTIVE,Fitbit App
2024-07-14T18:33:00Z,MODERATELY_ACTIVE,Fitbit App
2024-07-14T18:34:00Z,SEDENTARY,Fitbit App
2024-07-14T18:35:00Z,SEDENTARY,Fitbit App
2024-07-14T18:36:00Z,MODERATELY_ACTIVE,Fitbit App
2024-07-14T18:37:00Z,SEDENTARY,Fitbit App
2024-07-14T18:38:00Z,SEDENTARY,Fitbit App
2024-07-14T18:39:00Z,SEDENTARY,Fitbit App
2024-07-14T18:40:00Z,SEDENTARY,Fitbit App
2024-07-14T18:41:00Z,SEDENTARY,Fitbit App
2024-07-14T18:42:00Z,SEDENTARY,Fitbit App
2024-07-14T18:43:00Z,SEDENTARY,Fitbit App
2024-07-14T18:44:00Z,SEDENTARY,Fitbit App
2024-07-14T18:45:00Z,SEDENTARY,Fitbit App
2024-07-14T18:47:00Z,SEDENTARY,Fitbit App
2024-07-14T18:48:00Z,SEDENTARY,Fitbit App
2024-07-14T18:49:00Z,SEDENTARY,Fitbit App
2024-07-14T18:50:00Z,LIGHTLY_ACTIVE,Fitbit App
2024-07-14T18:51:00Z,SEDENTARY,Fitbit App
2024-07-14T18:52:00Z,SEDENTARY,Fitbit App
2024-07-14T18:53:00Z,SEDENTARY,Fitbit App
2024-07-14T18:54:00Z,SEDENTARY,Fitbit App
2024-07-14T18:55:00Z,LIGHTLY_ACTIVE,Fitbit App
2024-07-14T18:56:00Z,SEDENTARY,Fitbit App
2024-07-14T18:57:00Z,LIGHTLY_ACTIVE,Fitbit App
2024-07-14T18:58:00Z,LIGHTLY_ACTIVE,Fitbit App
2024-07-14T18:59:00Z,SEDENTARY,Fitbit App
2024-07-14T19:00:00Z,LIGHTLY_ACTIVE,Fitbit App
2024-07-14T19:01:00Z,LIGHTLY_ACTIVE,Fitbit App
2024-07-14T19:02:00Z,LIGHTLY_ACTIVE,Fitbit App
2024-07-14T19:03:00Z,MODERATELY_ACTIVE,Fitbit App
2024-07-14T19:04:00Z,MODERATELY_ACTIVE,Fitbit App
2024-07-14T19:05:00Z,VERY_ACTIVE,Fitbit App
2024-07-14T19:06:00Z,VERY_ACTIVE,Fitbit App
2024-07-14T19:07:00Z,VERY_ACTIVE,Fitbit App
2024-07-14T19:08:00Z,VERY_ACTIVE,Fitbit App
2024-07-14T19:09:00Z,VERY_ACTIVE,Fitbit App
2024-07-14T19:10:00Z,MODERATELY_ACTIVE,Fitbit App
2024-07-14T19:11:00Z,MODERATELY_ACTIVE,Fitbit App
2024-07-14T19:12:00Z,MODERATELY_ACTIVE,Fitbit App
2024-07-14T19:13:00Z,VERY_ACTIVE,Fitbit App
2024-07-14T19:14:00Z,VERY_ACTIVE,Fitbit App
2024-07-14T19:15:00Z,VERY_ACTIVE,Fitbit App
2024-07-14T19:16:00Z,VERY_ACTIVE,Fitbit App
2024-07-14T19:17:00Z,VERY_ACTIVE,Fitbit App
2024-07-14T19:18:00Z,VERY_ACTIVE,Fitbit App
2024-07-14T19:19:00Z,VERY_ACTIVE,Fitbit App
2024-07-14T19:20:00Z,VERY_ACTIVE,Fitbit App
2024-07-14T19:21:00Z,VERY_ACTIVE,Fitbit App
2024-07-14T19:22:00Z,VERY_ACTIVE,Fitbit App
2024-07-14T19:23:00Z,MODERATELY_ACTIVE,Fitbit App
2024-07-14T19:24:00Z,LIGHTLY_ACTIVE,Fitbit App
2024-07-14T19:25:00Z,SEDENTARY,Fitbit App
2024-07-14T19:26:00Z,LIGHTLY_ACTIVE,Fitbit App
2024-07-14T19:27:00Z,LIGHTLY_ACTIVE,Fitbit App
2024-07-14T19:28:00Z,LIGHTLY_ACTIVE,Fitbit App
2024-07-14T19:29:00Z,SEDENTARY,Fitbit App
2024-07-14T19:30:00Z,SEDENTARY,Fitbit App
2024-07-14T19:31:00Z,SEDENTARY,Fitbit App
2024-07-14T19:32:00Z,SEDENTARY,Fitbit App
2024-07-14T19:33:00Z,SEDENTARY,Fitbit App
2024-07-14T19:34:00Z,LIGHTLY_ACTIVE,Fitbit App
2024-07-14T19:35:00Z,LIGHTLY_ACTIVE,Fitbit App
2024-07-14T19:36:00Z,LIGHTLY_ACTIVE,Fitbit App
2024-07-14T19:37:00Z,LIGHTLY_ACTIVE,Fitbit App
2024-07-14T19:38:00Z,LIGHTLY_ACTIVE,Fitbit App
2024-07-14T19:39:00Z,LIGHTLY_ACTIVE,Fitbit App
2024-07-14T19:40:00Z,SEDENTARY,Fitbit App
2024-07-14T19:41:00Z,SEDENTARY,Fitbit App
2024-07-14T19:42:00Z,LIGHTLY_ACTIVE,Fitbit App
2024-07-14T19:43:00Z,SEDENTARY,Fitbit App
2024-07-14T19:44:00Z,SEDENTARY,Fitbit App
2024-07-14T19:45:00Z,SEDENTARY,Fitbit App
2024-07-14T19:46:00Z,SEDENTARY,Fitbit App
2024-07-14T19:47:00Z,SEDENTARY,Fitbit App
2024-07-14T19:48:00Z,SEDENTARY,Fitbit App
2024-07-14T19:49:00Z,SEDENTARY,Fitbit App
2024-07-14T19:50:00Z,SEDENTARY,Fitbit App
2024-07-14T19:51:00Z,LIGHTLY_ACTIVE,Fitbit App
2024-07-14T19:52:00Z,SEDENTARY,Fitbit App
2024-07-14T19:55:00Z,SEDENTARY,Fitbit App
2024-07-14T20:08:00Z,SEDENTARY,Fitbit App
2024-07-14T20:09:00Z,SEDENTARY,Fitbit App
2024-07-14T20:10:00Z,SEDENTARY,Fitbit App
2024-07-14T20:11:00Z,LIGHTLY_ACTIVE,Fitbit App
2024-07-14T20:12:00Z,LIGHTLY_ACTIVE,Fitbit App
2024-07-14T20:13:00Z,SEDENTARY,Fitbit App
2024-07-14T20:14:00Z,SEDENTARY,Fitbit App
2024-07-14T20:15:00Z,SEDENTARY,Fitbit App
2024-07-14T20:17:00Z,SEDENTARY,Fitbit App
2024-07-14T20:18:00Z,SEDENTARY,Fitbit App
2024-07-14T20:19:00Z,SEDENTARY,Fitbit App
2024-07-14T20:20:00Z,SEDENTARY,Fitbit App
2024-07-14T20:21:00Z,SEDENTARY,Fitbit App
2024-07-14T20:22:00Z,SEDENTARY,Fitbit App
2024-07-14T20:23:00Z,SEDENTARY,Fitbit App
2024-07-14T20:24:00Z,SEDENTARY,Fitbit App
2024-07-14T20:25:00Z,LIGHTLY_ACTIVE,Fitbit App
2024-07-14T20:26:00Z,LIGHTLY_ACTIVE,Fitbit App
2024-07-14T20:27:00Z,LIGHTLY_ACTIVE,Fitbit App
2024-07-14T20:28:00Z,SEDENTARY,Fitbit App
2024-07-14T20:29:00Z,SEDENTARY,Fitbit App
2024-07-14T20:30:00Z,SEDENTARY,Fitbit App
2024-07-14T20:31:00Z,SEDENTARY,Fitbit App
2024-07-14T20:32:00Z,SEDENTARY,Fitbit App
2024-07-14T20:33:00Z,SEDENTARY,Fitbit App
2024-07-14T20:34:00Z,SEDENTARY,Fitbit App
2024-07-14T20:35:00Z,SEDENTARY,Fitbit App
2024-07-14T20:36:00Z,SEDENTARY,Fitbit App
2024-07-14T20:37:00Z,SEDENTARY,Fitbit App
2024-07-14T20:38:00Z,SEDENTARY,Fitbit App
2024-07-14T20:39:00Z,SEDENTARY,Fitbit App
2024-07-14T20:40:00Z,SEDENTARY,Fitbit App
2024-07-14T20:41:00Z,SEDENTARY,Fitbit App
2024-07-14T20:43:00Z,SEDENTARY,Fitbit App
2024-07-14T20:44:00Z,SEDENTARY,Fitbit App
2024-07-14T20:46:00Z,SEDENTARY,Fitbit App
2024-07-14T20:47:00Z,SEDENTARY,Fitbit App
2024-07-14T20:49:00Z,SEDENTARY,Fitbit App
2024-07-14T20:50:00Z,SEDENTARY,Fitbit App
2024-07-14T20:52:00Z,SEDENTARY,Fitbit App
2024-07-14T20:53:00Z,SEDENTARY,Fitbit App
2024-07-14T20:54:00Z,SEDENTARY,Fitbit App
2024-07-14T20:55:00Z,LIGHTLY_ACTIVE,Fitbit App
2024-07-14T20:56:00Z,SEDENTARY,Fitbit App
2024-07-14T20:57:00Z,SEDENTARY,Fitbit App
2024-07-14T20:59:00Z,SEDENTARY,Fitbit App
2024-07-14T21:00:00Z,SEDENTARY,Fitbit App
2024-07-14T21:02:00Z,SEDENTARY,Fitbit App
2024-07-14T21:04:00Z,SEDENTARY,Fitbit App
2024-07-14T21:05:00Z,SEDENTARY,Fitbit App
2024-07-14T21:06:00Z,SEDENTARY,Fitbit App
2024-07-14T21:07:00Z,SEDENTARY,Fitbit App
2024-07-14T21:08:00Z,SEDENTARY,Fitbit App
2024-07-14T21:09:00Z,SEDENTARY,Fitbit App
2024-07-14T21:10:00Z,SEDENTARY,Fitbit App
2024-07-14T21:11:00Z,SEDENTARY,Fitbit App
2024-07-14T21:12:00Z,SEDENTARY,Fitbit App
2024-07-14T21:14:00Z,SEDENTARY,Fitbit App
2024-07-14T21:15:00Z,SEDENTARY,Fitbit App
2024-07-14T21:16:00Z,SEDENTARY,Fitbit App
2024-07-14T21:18:00Z,SEDENTARY,Fitbit App
2024-07-14T21:19:00Z,SEDENTARY,Fitbit App
2024-07-14T21:20:00Z,SEDENTARY,Fitbit App
2024-07-14T21:21:00Z,SEDENTARY,Fitbit App
2024-07-14T21:22:00Z,LIGHTLY_ACTIVE,Fitbit App
2024-07-14T21:23:00Z,LIGHTLY_ACTIVE,Fitbit App
2024-07-14T21:24:00Z,LIGHTLY_ACTIVE,Fitbit App
2024-07-14T21:25:00Z,LIGHTLY_ACTIVE,Fitbit App
2024-07-14T21:26:00Z,LIGHTLY_ACTIVE,Fitbit App
2024-07-14T21:27:00Z,SEDENTARY,Fitbit App
2024-07-14T21:57:00Z,SEDENTARY,Fitbit App
2024-07-14T21:58:00Z,SEDENTARY,Fitbit App
2024-07-15T00:14:00Z,SEDENTARY,Fitbit App
2024-07-15T01:10:00Z,SEDENTARY,Fitbit App
2024-07-15T01:35:00Z,SEDENTARY,Fitbit App
2024-07-15T02:53:00Z,SEDENTARY,Fitbit App
2024-07-15T03:20:00Z,SEDENTARY,Fitbit App
2024-07-15T03:33:00Z,SEDENTARY,Fitbit App
2024-07-15T03:43:00Z,SEDENTARY,Fitbit App
2024-07-15T03:57:00Z,LIGHTLY_ACTIVE,Fitbit App
2024-07-15T04:55:00Z,SEDENTARY,Fitbit App
2024-07-15T05:44:00Z,SEDENTARY,Fitbit App
2024-07-15T05:56:00Z,SEDENTARY,Fitbit App
2024-07-15T06:01:00Z,SEDENTARY,Fitbit App
2024-07-15T06:09:00Z,SEDENTARY,Fitbit App
2024-07-15T06:10:00Z,SEDENTARY,Fitbit App
2024-07-15T06:11:00Z,SEDENTARY,Fitbit App
2024-07-15T06:12:00Z,SEDENTARY,Fitbit App
2024-07-15T06:14:00Z,SEDENTARY,Fitbit App
2024-07-15T06:15:00Z,SEDENTARY,Fitbit App
2024-07-15T06:16:00Z,SEDENTARY,Fitbit App
2024-07-15T06:17:00Z,LIGHTLY_ACTIVE,Fitbit App
2024-07-15T06:18:00Z,SEDENTARY,Fitbit App
2024-07-15T06:19:00Z,SEDENTARY,Fitbit App
2024-07-15T06:20:00Z,SEDENTARY,Fitbit App
2024-07-15T06:21:00Z,LIGHTLY_ACTIVE,Fitbit App
2024-07-15T06:25:00Z,LIGHTLY_ACTIVE,Fitbit App
2024-07-15T06:26:00Z,SEDENTARY,Fitbit App
2024-07-15T06:27:00Z,SEDENTARY,Fitbit App
2024-07-15T06:28:00Z,SEDENTARY,Fitbit App
2024-07-15T06:29:00Z,SEDENTARY,Fitbit App
2024-07-15T06:30:00Z,SEDENTARY,Fitbit App
2024-07-15T06:31:00Z,SEDENTARY,Fitbit App
2024-07-15T06:32:00Z,SEDENTARY,Fitbit App
2024-07-15T06:33:00Z,LIGHTLY_ACTIVE,Fitbit App
2024-07-15T06:34:00Z,LIGHTLY_ACTIVE,Fitbit App
2024-07-15T06:35:00Z,LIGHTLY_ACTIVE,Fitbit App
2024-07-15T06:36:00Z,LIGHTLY_ACTIVE,Fitbit App
2024-07-15T06:37:00Z,LIGHTLY_ACTIVE,Fitbit App
2024-07-15T06:38:00Z,SEDENTARY,Fitbit App
2024-07-15T06:46:00Z,SEDENTARY,Fitbit App
2024-07-15T06:47:00Z,SEDENTARY,Fitbit App
2024-07-15T06:48:00Z,LIGHTLY_ACTIVE,Fitbit App
2024-07-15T06:49:00Z,LIGHTLY_ACTIVE,Fitbit App
2024-07-15T06:50:00Z,SEDENTARY,Fitbit App
2024-07-15T06:51:00Z,LIGHTLY_ACTIVE,Fitbit App
2024-07-15T06:52:00Z,LIGHTLY_ACTIVE,Fitbit App
2024-07-15T06:53:00Z,SEDENTARY,Fitbit App
2024-07-15T06:54:00Z,LIGHTLY_ACTIVE,Fitbit App
2024-07-15T06:55:00Z,LIGHTLY_ACTIVE,Fitbit App
2024-07-15T06:56:00Z,LIGHTLY_ACTIVE,Fitbit App
2024-07-15T06:57:00Z,LIGHTLY_ACTIVE,Fitbit App
2024-07-15T06:58:00Z,LIGHTLY_ACTIVE,Fitbit App
2024-07-15T06:59:00Z,LIGHTLY_ACTIVE,Fitbit App
2024-07-15T07:00:00Z,LIGHTLY_ACTIVE,Fitbit App
2024-07-15T07:01:00Z,SEDENTARY,Fitbit App
2024-07-15T07:02:00Z,LIGHTLY_ACTIVE,Fitbit App
2024-07-15T07:03:00Z,LIGHTLY_ACTIVE,Fitbit App
2024-07-15T07:04:00Z,LIGHTLY_ACTIVE,Fitbit App
2024-07-15T07:05:00Z,LIGHTLY_ACTIVE,Fitbit App
2024-07-15T07:06:00Z,LIGHTLY_ACTIVE,Fitbit App
2024-07-15T07:07:00Z,LIGHTLY_ACTIVE,Fitbit App
2024-07-15T07:08:00Z,SEDENTARY,Fitbit App
2024-07-15T07:09:00Z,LIGHTLY_ACTIVE,Fitbit App
2024-07-15T07:10:00Z,LIGHTLY_ACTIVE,Fitbit App
2024-07-15T07:11:00Z,SEDENTARY,Fitbit App
2024-07-15T07:12:00Z,LIGHTLY_ACTIVE,Fitbit App
2024-07-15T07:13:00Z,SEDENTARY,Fitbit App
2024-07-15T07:14:00Z,SEDENTARY,Fitbit App
2024-07-15T07:15:00Z,SEDENTARY,Fitbit App
2024-07-15T07:16:00Z,SEDENTARY,Fitbit App
2024-07-15T07:17:00Z,SEDENTARY,Fitbit App
2024-07-15T07:20:00Z,SEDENTARY,Fitbit App
2024-07-15T07:21:00Z,LIGHTLY_ACTIVE,Fitbit App
2024-07-15T07:22:00Z,SEDENTARY,Fitbit App
2024-07-15T07:23:00Z,SEDENTARY,Fitbit App
2024-07-15T07:24:00Z,SEDENTARY,Fitbit App
2024-07-15T07:25:00Z,LIGHTLY_ACTIVE,Fitbit App
2024-07-15T07:26:00Z,SEDENTARY,Fitbit App
2024-07-15T07:27:00Z,SEDENTARY,Fitbit App
2024-07-15T07:28:00Z,SEDENTARY,Fitbit App
2024-07-15T07:29:00Z,SEDENTARY,Fitbit App
2024-07-15T07:32:00Z,LIGHTLY_ACTIVE,Fitbit App
2024-07-15T07:33:00Z,LIGHTLY_ACTIVE,Fitbit App
2024-07-15T07:34:00Z,SEDENTARY,Fitbit App
2024-07-15T07:35:00Z,LIGHTLY_ACTIVE,Fitbit App
2024-07-15T07:36:00Z,LIGHTLY_ACTIVE,Fitbit App
2024-07-15T07:37:00Z,SEDENTARY,Fitbit App
2024-07-15T07:38:00Z,SEDENTARY,Fitbit App
2024-07-15T07:39:00Z,SEDENTARY,Fitbit App
2024-07-15T07:40:00Z,SEDENTARY,Fitbit App
2024-07-15T07:41:00Z,LIGHTLY_ACTIVE,Fitbit App
2024-07-15T07:42:00Z,VERY_ACTIVE,Fitbit App
2024-07-15T07:43:00Z,VERY_ACTIVE,Fitbit App
2024-07-15T07:44:00Z,VERY_ACTIVE,Fitbit App
2024-07-15T07:45:00Z,MODERATELY_ACTIVE,Fitbit App
2024-07-15T07:46:00Z,MODERATELY_ACTIVE,Fitbit App
2024-07-15T07:47:00Z,MODERATELY_ACTIVE,Fitbit App
2024-07-15T07:48:00Z,MODERATELY_ACTIVE,Fitbit App
2024-07-15T07:49:00Z,LIGHTLY_ACTIVE,Fitbit App
2024-07-15T07:50:00Z,LIGHTLY_ACTIVE,Fitbit App
2024-07-15T07:51:00Z,MODERATELY_ACTIVE,Fitbit App
2024-07-15T07:52:00Z,MODERATELY_ACTIVE,Fitbit App
2024-07-15T07:53:00Z,LIGHTLY_ACTIVE,Fitbit App
2024-07-15T07:54:00Z,SEDENTARY,Fitbit App
2024-07-15T07:55:00Z,SEDENTARY,Fitbit App
2024-07-15T07:56:00Z,SEDENTARY,Fitbit App
2024-07-15T07:57:00Z,LIGHTLY_ACTIVE,Fitbit App
2024-07-15T07:58:00Z,SEDENTARY,Fitbit App
2024-07-15T08:00:00Z,LIGHTLY_ACTIVE,Fitbit App
2024-07-15T08:01:00Z,SEDENTARY,Fitbit App
2024-07-15T08:02:00Z,SEDENTARY,Fitbit App
2024-07-15T08:03:00Z,LIGHTLY_ACTIVE,Fitbit App
2024-07-15T08:04:00Z,MODERATELY_ACTIVE,Fitbit App
2024-07-15T08:05:00Z,VERY_ACTIVE,Fitbit App
2024-07-15T08:06:00Z,VERY_ACTIVE,Fitbit App
2024-07-15T08:07:00Z,MODERATELY_ACTIVE,Fitbit App
2024-07-15T08:08:00Z,LIGHTLY_ACTIVE,Fitbit App
2024-07-15T08:09:00Z,SEDENTARY,Fitbit App
2024-07-15T08:10:00Z,LIGHTLY_ACTIVE,Fitbit App
2024-07-15T08:11:00Z,SEDENTARY,Fitbit App
2024-07-15T08:12:00Z,SEDENTARY,Fitbit App
2024-07-15T08:13:00Z,SEDENTARY,Fitbit App
2024-07-15T08:14:00Z,SEDENTARY,Fitbit App
2024-07-15T08:15:00Z,SEDENTARY,Fitbit App
2024-07-15T08:16:00Z,SEDENTARY,Fitbit App
2024-07-15T08:17:00Z,SEDENTARY,Fitbit App
2024-07-15T08:18:00Z,LIGHTLY_ACTIVE,Fitbit App
2024-07-15T08:19:00Z,SEDENTARY,Fitbit App
2024-07-15T08:20:00Z,SEDENTARY,Fitbit App
2024-07-15T08:21:00Z,LIGHTLY_ACTIVE,Fitbit App
2024-07-15T08:22:00Z,SEDENTARY,Fitbit App
2024-07-15T08:23:00Z,SEDENTARY,Fitbit App
2024-07-15T08:24:00Z,SEDENTARY,Fitbit App
2024-07-15T08:25:00Z,LIGHTLY_ACTIVE,Fitbit App
2024-07-15T08:26:00Z,LIGHTLY_ACTIVE,Fitbit App
2024-07-15T08:27:00Z,LIGHTLY_ACTIVE,Fitbit App
2024-07-15T08:28:00Z,LIGHTLY_ACTIVE,Fitbit App
2024-07-15T08:29:00Z,SEDENTARY,Fitbit App
2024-07-15T08:30:00Z,SEDENTARY,Fitbit App
2024-07-15T08:31:00Z,LIGHTLY_ACTIVE,Fitbit App
2024-07-15T08:32:00Z,LIGHTLY_ACTIVE,Fitbit App
2024-07-15T08:33:00Z,LIGHTLY_ACTIVE,Fitbit App
2024-07-15T08:34:00Z,LIGHTLY_ACTIVE,Fitbit App
2024-07-15T08:35:00Z,LIGHTLY_ACTIVE,Fitbit App
2024-07-15T08:36:00Z,SEDENTARY,Fitbit App
2024-07-15T08:37:00Z,SEDENTARY,Fitbit App
2024-07-15T08:38:00Z,SEDENTARY,Fitbit App
2024-07-15T08:39:00Z,LIGHTLY_ACTIVE,Fitbit App
2024-07-15T08:40:00Z,LIGHTLY_ACTIVE,Fitbit App
2024-07-15T08:41:00Z,SEDENTARY,Fitbit App
2024-07-15T08:42:00Z,LIGHTLY_ACTIVE,Fitbit App
2024-07-15T08:43:00Z,SEDENTARY,Fitbit App
2024-07-15T08:44:00Z,SEDENTARY,Fitbit App
2024-07-15T08:45:00Z,SEDENTARY,Fitbit App
2024-07-15T08:46:00Z,LIGHTLY_ACTIVE,Fitbit App
2024-07-15T08:47:00Z,LIGHTLY_ACTIVE,Fitbit App
2024-07-15T08:48:00Z,LIGHTLY_ACTIVE,Fitbit App
2024-07-15T08:49:00Z,SEDENTARY,Fitbit App
2024-07-15T08:50:00Z,LIGHTLY_ACTIVE,Fitbit App
2024-07-15T08:51:00Z,LIGHTLY_ACTIVE,Fitbit App
2024-07-15T08:52:00Z,LIGHTLY_ACTIVE,Fitbit App
2024-07-15T08:53:00Z,LIGHTLY_ACTIVE,Fitbit App
2024-07-15T08:54:00Z,LIGHTLY_ACTIVE,Fitbit App
2024-07-15T08:55:00Z,LIGHTLY_ACTIVE,Fitbit App
2024-07-15T08:56:00Z,LIGHTLY_ACTIVE,Fitbit App
2024-07-15T08:57:00Z,MODERATELY_ACTIVE,Fitbit App
2024-07-15T08:58:00Z,SEDENTARY,Fitbit App
2024-07-15T08:59:00Z,MODERATELY_ACTIVE,Fitbit App
2024-07-15T09:00:00Z,MODERATELY_ACTIVE,Fitbit App
2024-07-15T09:01:00Z,MODERATELY_ACTIVE,Fitbit App
2024-07-15T09:02:00Z,LIGHTLY_ACTIVE,Fitbit App
2024-07-15T09:03:00Z,SEDENTARY,Fitbit App
2024-07-15T09:04:00Z,SEDENTARY,Fitbit App
2024-07-15T09:05:00Z,SEDENTARY,Fitbit App
2024-07-15T09:06:00Z,LIGHTLY_ACTIVE,Fitbit App
2024-07-15T09:07:00Z,SEDENTARY,Fitbit App
2024-07-15T09:08:00Z,LIGHTLY_ACTIVE,Fitbit App
2024-07-15T09:09:00Z,MODERATELY_ACTIVE,Fitbit App
2024-07-15T09:10:00Z,MODERATELY_ACTIVE,Fitbit App
2024-07-15T09:11:00Z,MODERATELY_ACTIVE,Fitbit App
2024-07-15T09:12:00Z,VERY_ACTIVE,Fitbit App
2024-07-15T09:13:00Z,VERY_ACTIVE,Fitbit App
2024-07-15T09:14:00Z,MODERATELY_ACTIVE,Fitbit App
2024-07-15T09:15:00Z,SEDENTARY,Fitbit App
2024-07-15T09:16:00Z,LIGHTLY_ACTIVE,Fitbit App
2024-07-15T09:17:00Z,SEDENTARY,Fitbit App
2024-07-15T09:18:00Z,SEDENTARY,Fitbit App
2024-07-15T09:19:00Z,SEDENTARY,Fitbit App
2024-07-15T09:20:00Z,LIGHTLY_ACTIVE,Fitbit App
2024-07-15T09:21:00Z,SEDENTARY,Fitbit App
2024-07-15T09:22:00Z,SEDENTARY,Fitbit App
2024-07-15T09:23:00Z,LIGHTLY_ACTIVE,Fitbit App
2024-07-15T09:24:00Z,LIGHTLY_ACTIVE,Fitbit App
2024-07-15T09:25:00Z,LIGHTLY_ACTIVE,Fitbit App
2024-07-15T09:26:00Z,SEDENTARY,Fitbit App
2024-07-15T09:27:00Z,LIGHTLY_ACTIVE,Fitbit App
2024-07-15T09:28:00Z,SEDENTARY,Fitbit App
2024-07-15T09:29:00Z,SEDENTARY,Fitbit App
2024-07-15T09:30:00Z,SEDENTARY,Fitbit App
2024-07-15T09:31:00Z,SEDENTARY,Fitbit App
2024-07-15T09:32:00Z,SEDENTARY,Fitbit App
2024-07-15T09:33:00Z,SEDENTARY,Fitbit App
2024-07-15T09:34:00Z,SEDENTARY,Fitbit App
2024-07-15T09:35:00Z,SEDENTARY,Fitbit App
2024-07-15T09:36:00Z,SEDENTARY,Fitbit App
2024-07-15T09:37:00Z,LIGHTLY_ACTIVE,Fitbit App
2024-07-15T09:38:00Z,SEDENTARY,Fitbit App
2024-07-15T09:39:00Z,LIGHTLY_ACTIVE,Fitbit App
2024-07-15T09:40:00Z,LIGHTLY_ACTIVE,Fitbit App
2024-07-15T09:41:00Z,LIGHTLY_ACTIVE,Fitbit App
2024-07-15T09:42:00Z,SEDENTARY,Fitbit App
2024-07-15T09:43:00Z,SEDENTARY,Fitbit App
2024-07-15T09:44:00Z,SEDENTARY,Fitbit App
2024-07-15T09:45:00Z,SEDENTARY,Fitbit App
2024-07-15T09:46:00Z,LIGHTLY_ACTIVE,Fitbit App
2024-07-15T09:47:00Z,SEDENTARY,Fitbit App
2024-07-15T09:49:00Z,LIGHTLY_ACTIVE,Fitbit App
2024-07-15T09:50:00Z,LIGHTLY_ACTIVE,Fitbit App
2024-07-15T09:51:00Z,SEDENTARY,Fitbit App
2024-07-15T09:52:00Z,LIGHTLY_ACTIVE,Fitbit App
2024-07-15T09:53:00Z,MODERATELY_ACTIVE,Fitbit App
2024-07-15T09:54:00Z,MODERATELY_ACTIVE,Fitbit App
2024-07-15T09:55:00Z,VERY_ACTIVE,Fitbit App
2024-07-15T09:56:00Z,VERY_ACTIVE,Fitbit App
2024-07-15T09:57:00Z,VERY_ACTIVE,Fitbit App
2024-07-15T09:58:00Z,LIGHTLY_ACTIVE,Fitbit App
2024-07-15T09:59:00Z,LIGHTLY_ACTIVE,Fitbit App
2024-07-15T10:00:00Z,LIGHTLY_ACTIVE,Fitbit App
2024-07-15T10:01:00Z,LIGHTLY_ACTIVE,Fitbit App
2024-07-15T10:02:00Z,MODERATELY_ACTIVE,Fitbit App
2024-07-15T10:03:00Z,MODERATELY_ACTIVE,Fitbit App
2024-07-15T10:04:00Z,MODERATELY_ACTIVE,Fitbit App
2024-07-15T10:05:00Z,MODERATELY_ACTIVE,Fitbit App
2024-07-15T10:06:00Z,MODERATELY_ACTIVE,Fitbit App
2024-07-15T10:07:00Z,MODERATELY_ACTIVE,Fitbit App
2024-07-15T10:08:00Z,LIGHTLY_ACTIVE,Fitbit App
2024-07-15T10:09:00Z,SEDENTARY,Fitbit App
2024-07-15T10:10:00Z,SEDENTARY,Fitbit App
2024-07-15T10:11:00Z,SEDENTARY,Fitbit App
2024-07-15T10:12:00Z,SEDENTARY,Fitbit App
2024-07-15T10:13:00Z,SEDENTARY,Fitbit App
2024-07-15T10:15:00Z,SEDENTARY,Fitbit App
2024-07-15T10:18:00Z,SEDENTARY,Fitbit App
2024-07-15T10:19:00Z,SEDENTARY,Fitbit App
2024-07-15T10:20:00Z,SEDENTARY,Fitbit App
2024-07-15T10:23:00Z,SEDENTARY,Fitbit App
2024-07-15T10:24:00Z,SEDENTARY,Fitbit App
2024-07-15T10:25:00Z,SEDENTARY,Fitbit App
2024-07-15T10:26:00Z,SEDENTARY,Fitbit App
2024-07-15T10:27:00Z,SEDENTARY,Fitbit App
2024-07-15T10:30:00Z,SEDENTARY,Fitbit App
2024-07-15T10:40:00Z,SEDENTARY,Fitbit App
2024-07-15T10:41:00Z,SEDENTARY,Fitbit App
2024-07-15T10:48:00Z,SEDENTARY,Fitbit App
2024-07-15T10:53:00Z,LIGHTLY_ACTIVE,Fitbit App
2024-07-15T10:54:00Z,SEDENTARY,Fitbit App
2024-07-15T10:55:00Z,SEDENTARY,Fitbit App
2024-07-15T10:56:00Z,LIGHTLY_ACTIVE,Fitbit App
2024-07-15T10:57:00Z,LIGHTLY_ACTIVE,Fitbit App
2024-07-15T10:58:00Z,SEDENTARY,Fitbit App
2024-07-15T10:59:00Z,SEDENTARY,Fitbit App
2024-07-15T11:00:00Z,SEDENTARY,Fitbit App
2024-07-15T11:01:00Z,LIGHTLY_ACTIVE,Fitbit App
2024-07-15T11:02:00Z,SEDENTARY,Fitbit App
2024-07-15T11:03:00Z,SEDENTARY,Fitbit App
2024-07-15T11:04:00Z,SEDENTARY,Fitbit App
2024-07-15T11:05:00Z,LIGHTLY_ACTIVE,Fitbit App
2024-07-15T11:06:00Z,SEDENTARY,Fitbit App
2024-07-15T11:07:00Z,SEDENTARY,Fitbit App
2024-07-15T11:08:00Z,SEDENTARY,Fitbit App
2024-07-15T11:09:00Z,LIGHTLY_ACTIVE,Fitbit App
2024-07-15T11:10:00Z,SEDENTARY,Fitbit App
2024-07-15T11:11:00Z,SEDENTARY,Fitbit App
2024-07-15T11:12:00Z,SEDENTARY,Fitbit App
2024-07-15T11:13:00Z,SEDENTARY,Fitbit App
2024-07-15T11:14:00Z,SEDENTARY,Fitbit App
2024-07-15T11:15:00Z,SEDENTARY,Fitbit App
2024-07-15T11:16:00Z,SEDENTARY,Fitbit App
2024-07-15T11:17:00Z,SEDENTARY,Fitbit App
2024-07-15T11:19:00Z,SEDENTARY,Fitbit App
2024-07-15T11:20:00Z,LIGHTLY_ACTIVE,Fitbit App
2024-07-15T11:21:00Z,SEDENTARY,Fitbit App
2024-07-15T11:22:00Z,SEDENTARY,Fitbit App
2024-07-15T11:23:00Z,SEDENTARY,Fitbit App
2024-07-15T11:24:00Z,SEDENTARY,Fitbit App
2024-07-15T11:25:00Z,SEDENTARY,Fitbit App
2024-07-15T11:26:00Z,SEDENTARY,Fitbit App
2024-07-15T11:27:00Z,LIGHTLY_ACTIVE,Fitbit App
2024-07-15T11:28:00Z,LIGHTLY_ACTIVE,Fitbit App
2024-07-15T11:29:00Z,SEDENTARY,Fitbit App
2024-07-15T11:30:00Z,LIGHTLY_ACTIVE,Fitbit App
2024-07-15T11:31:00Z,SEDENTARY,Fitbit App
2024-07-15T11:32:00Z,SEDENTARY,Fitbit App
2024-07-15T11:34:00Z,SEDENTARY,Fitbit App
2024-07-15T11:35:00Z,SEDENTARY,Fitbit App
2024-07-15T11:36:00Z,SEDENTARY,Fitbit App
2024-07-15T11:37:00Z,LIGHTLY_ACTIVE,Fitbit App
2024-07-15T11:38:00Z,LIGHTLY_ACTIVE,Fitbit App
2024-07-15T11:39:00Z,SEDENTARY,Fitbit App
2024-07-15T11:40:00Z,LIGHTLY_ACTIVE,Fitbit App
2024-07-15T11:41:00Z,LIGHTLY_ACTIVE,Fitbit App
2024-07-15T11:42:00Z,LIGHTLY_ACTIVE,Fitbit App
2024-07-15T11:43:00Z,LIGHTLY_ACTIVE,Fitbit App
2024-07-15T11:44:00Z,SEDENTARY,Fitbit App
2024-07-15T11:45:00Z,SEDENTARY,Fitbit App
2024-07-15T11:46:00Z,SEDENTARY,Fitbit App
2024-07-15T11:47:00Z,LIGHTLY_ACTIVE,Fitbit App
2024-07-15T11:48:00Z,LIGHTLY_ACTIVE,Fitbit App
2024-07-15T11:49:00Z,LIGHTLY_ACTIVE,Fitbit App
2024-07-15T11:50:00Z,SEDENTARY,Fitbit App
2024-07-15T11:59:00Z,SEDENTARY,Fitbit App
2024-07-15T12:10:00Z,LIGHTLY_ACTIVE,Fitbit App
2024-07-15T12:11:00Z,SEDENTARY,Fitbit App
2024-07-15T12:12:00Z,LIGHTLY_ACTIVE,Fitbit App
2024-07-15T12:22:00Z,SEDENTARY,Fitbit App
2024-07-15T12:24:00Z,SEDENTARY,Fitbit App
2024-07-15T12:26:00Z,LIGHTLY_ACTIVE,Fitbit App
2024-07-15T12:27:00Z,LIGHTLY_ACTIVE,Fitbit App
2024-07-15T12:28:00Z,LIGHTLY_ACTIVE,Fitbit App
2024-07-15T12:29:00Z,LIGHTLY_ACTIVE,Fitbit App
2024-07-15T12:30:00Z,LIGHTLY_ACTIVE,Fitbit App
2024-07-15T12:31:00Z,SEDENTARY,Fitbit App
2024-07-15T12:32:00Z,SEDENTARY,Fitbit App
2024-07-15T12:33:00Z,LIGHTLY_ACTIVE,Fitbit App
2024-07-15T12:34:00Z,LIGHTLY_ACTIVE,Fitbit App
2024-07-15T12:35:00Z,SEDENTARY,Fitbit App
2024-07-15T12:36:00Z,LIGHTLY_ACTIVE,Fitbit App
2024-07-15T12:37:00Z,LIGHTLY_ACTIVE,Fitbit App
2024-07-15T12:38:00Z,SEDENTARY,Fitbit App
2024-07-15T12:39:00Z,SEDENTARY,Fitbit App
2024-07-15T12:40:00Z,SEDENTARY,Fitbit App
2024-07-15T12:42:00Z,SEDENTARY,Fitbit App
2024-07-15T12:43:00Z,SEDENTARY,Fitbit App
2024-07-15T12:44:00Z,SEDENTARY,Fitbit App
2024-07-15T12:45:00Z,SEDENTARY,Fitbit App
2024-07-15T12:46:00Z,SEDENTARY,Fitbit App
2024-07-15T12:47:00Z,SEDENTARY,Fitbit App
2024-07-15T12:48:00Z,SEDENTARY,Fitbit App
2024-07-15T12:49:00Z,SEDENTARY,Fitbit App
2024-07-15T12:50:00Z,SEDENTARY,Fitbit App
2024-07-15T12:52:00Z,SEDENTARY,Fitbit App
2024-07-15T12:53:00Z,LIGHTLY_ACTIVE,Fitbit App
2024-07-15T12:54:00Z,LIGHTLY_ACTIVE,Fitbit App
2024-07-15T12:55:00Z,SEDENTARY,Fitbit App
2024-07-15T12:56:00Z,LIGHTLY_ACTIVE,Fitbit App
2024-07-15T12:57:00Z,SEDENTARY,Fitbit App
2024-07-15T12:58:00Z,LIGHTLY_ACTIVE,Fitbit App
2024-07-15T12:59:00Z,LIGHTLY_ACTIVE,Fitbit App
2024-07-15T13:00:00Z,LIGHTLY_ACTIVE,Fitbit App
2024-07-15T13:01:00Z,SEDENTARY,Fitbit App
2024-07-15T13:02:00Z,SEDENTARY,Fitbit App
2024-07-15T13:03:00Z,SEDENTARY,Fitbit App
2024-07-15T13:04:00Z,SEDENTARY,Fitbit App
2024-07-15T13:05:00Z,SEDENTARY,Fitbit App
2024-07-15T13:06:00Z,LIGHTLY_ACTIVE,Fitbit App
2024-07-15T13:07:00Z,SEDENTARY,Fitbit App
2024-07-15T13:08:00Z,SEDENTARY,Fitbit App
2024-07-15T13:09:00Z,SEDENTARY,Fitbit App
2024-07-15T13:10:00Z,LIGHTLY_ACTIVE,Fitbit App
2024-07-15T13:11:00Z,LIGHTLY_ACTIVE,Fitbit App
2024-07-15T13:13:00Z,SEDENTARY,Fitbit App
2024-07-15T13:14:00Z,SEDENTARY,Fitbit App
2024-07-15T13:30:00Z,SEDENTARY,Fitbit App
2024-07-15T13:31:00Z,SEDENTARY,Fitbit App
2024-07-15T13:35:00Z,LIGHTLY_ACTIVE,Fitbit App
2024-07-15T13:36:00Z,LIGHTLY_ACTIVE,Fitbit App
2024-07-15T13:37:00Z,LIGHTLY_ACTIVE,Fitbit App
2024-07-15T13:38:00Z,LIGHTLY_ACTIVE,Fitbit App
2024-07-15T13:39:00Z,LIGHTLY_ACTIVE,Fitbit App
2024-07-15T13:40:00Z,LIGHTLY_ACTIVE,Fitbit App
2024-07-15T13:41:00Z,LIGHTLY_ACTIVE,Fitbit App
2024-07-15T13:42:00Z,LIGHTLY_ACTIVE,Fitbit App
2024-07-15T13:43:00Z,LIGHTLY_ACTIVE,Fitbit App
2024-07-15T13:44:00Z,LIGHTLY_ACTIVE,Fitbit App
2024-07-15T13:45:00Z,LIGHTLY_ACTIVE,Fitbit App
2024-07-15T13:46:00Z,LIGHTLY_ACTIVE,Fitbit App
2024-07-15T13:47:00Z,LIGHTLY_ACTIVE,Fitbit App
2024-07-15T13:48:00Z,LIGHTLY_ACTIVE,Fitbit App
2024-07-15T13:49:00Z,LIGHTLY_ACTIVE,Fitbit App
2024-07-15T13:50:00Z,LIGHTLY_ACTIVE,Fitbit App
2024-07-15T13:51:00Z,SEDENTARY,Fitbit App
2024-07-15T13:52:00Z,LIGHTLY_ACTIVE,Fitbit App
2024-07-15T13:53:00Z,SEDENTARY,Fitbit App
2024-07-15T13:54:00Z,SEDENTARY,Fitbit App
2024-07-15T13:55:00Z,SEDENTARY,Fitbit App
2024-07-15T14:09:00Z,LIGHTLY_ACTIVE,Fitbit App
2024-07-15T14:10:00Z,LIGHTLY_ACTIVE,Fitbit App
2024-07-15T14:11:00Z,SEDENTARY,Fitbit App
2024-07-15T14:12:00Z,SEDENTARY,Fitbit App
2024-07-15T14:13:00Z,SEDENTARY,Fitbit App
2024-07-15T14:14:00Z,SEDENTARY,Fitbit App
2024-07-15T14:15:00Z,SEDENTARY,Fitbit App
2024-07-15T14:16:00Z,SEDENTARY,Fitbit App
2024-07-15T14:17:00Z,LIGHTLY_ACTIVE,Fitbit App
2024-07-15T14:18:00Z,SEDENTARY,Fitbit App
2024-07-15T14:19:00Z,SEDENTARY,Fitbit App
2024-07-15T14:20:00Z,SEDENTARY,Fitbit App
2024-07-15T14:21:00Z,SEDENTARY,Fitbit App
2024-07-15T14:22:00Z,SEDENTARY,Fitbit App
2024-07-15T14:23:00Z,SEDENTARY,Fitbit App
2024-07-15T14:24:00Z,SEDENTARY,Fitbit App
2024-07-15T14:25:00Z,LIGHTLY_ACTIVE,Fitbit App
2024-07-15T14:26:00Z,LIGHTLY_ACTIVE,Fitbit App
2024-07-15T14:27:00Z,SEDENTARY,Fitbit App
2024-07-15T14:28:00Z,SEDENTARY,Fitbit App
2024-07-15T14:29:00Z,SEDENTARY,Fitbit App
2024-07-15T14:30:00Z,LIGHTLY_ACTIVE,Fitbit App
2024-07-15T14:31:00Z,SEDENTARY,Fitbit App
2024-07-15T14:32:00Z,SEDENTARY,Fitbit App
2024-07-15T14:33:00Z,SEDENTARY,Fitbit App
2024-07-15T14:34:00Z,LIGHTLY_ACTIVE,Fitbit App
2024-07-15T14:35:00Z,SEDENTARY,Fitbit App
2024-07-15T14:36:00Z,SEDENTARY,Fitbit App
2024-07-15T14:37:00Z,SEDENTARY,Fitbit App
2024-07-15T14:38:00Z,SEDENTARY,Fitbit App
2024-07-15T14:39:00Z,LIGHTLY_ACTIVE,Fitbit App
2024-07-15T14:40:00Z,LIGHTLY_ACTIVE,Fitbit App
2024-07-15T14:41:00Z,LIGHTLY_ACTIVE,Fitbit App
2024-07-15T14:42:00Z,SEDENTARY,Fitbit App
2024-07-15T14:43:00Z,LIGHTLY_ACTIVE,Fitbit App
2024-07-15T14:44:00Z,LIGHTLY_ACTIVE,Fitbit App
2024-07-15T14:45:00Z,SEDENTARY,Fitbit App
2024-07-15T14:46:00Z,SEDENTARY,Fitbit App
2024-07-15T14:47:00Z,SEDENTARY,Fitbit App
2024-07-15T14:49:00Z,SEDENTARY,Fitbit App
2024-07-15T14:53:00Z,LIGHTLY_ACTIVE,Fitbit App
2024-07-15T14:54:00Z,LIGHTLY_ACTIVE,Fitbit App
2024-07-15T14:55:00Z,LIGHTLY_ACTIVE,Fitbit App
2024-07-15T14:56:00Z,LIGHTLY_ACTIVE,Fitbit App
2024-07-15T14:57:00Z,SEDENTARY,Fitbit App
2024-07-15T14:58:00Z,SEDENTARY,Fitbit App
2024-07-15T14:59:00Z,SEDENTARY,Fitbit App
2024-07-15T15:00:00Z,SEDENTARY,Fitbit App
2024-07-15T15:01:00Z,SEDENTARY,Fitbit App
2024-07-15T15:02:00Z,SEDENTARY,Fitbit App
2024-07-15T15:03:00Z,SEDENTARY,Fitbit App
2024-07-15T15:04:00Z,LIGHTLY_ACTIVE,Fitbit App
2024-07-15T15:05:00Z,LIGHTLY_ACTIVE,Fitbit App
2024-07-15T15:06:00Z,SEDENTARY,Fitbit App
2024-07-15T15:07:00Z,SEDENTARY,Fitbit App
2024-07-15T15:08:00Z,LIGHTLY_ACTIVE,Fitbit App
2024-07-15T15:09:00Z,MODERATELY_ACTIVE,Fitbit App
2024-07-15T15:10:00Z,MODERATELY_ACTIVE,Fitbit App
2024-07-15T15:11:00Z,MODERATELY_ACTIVE,Fitbit App
2024-07-15T15:12:00Z,LIGHTLY_ACTIVE,Fitbit App
2024-07-15T15:13:00Z,LIGHTLY_ACTIVE,Fitbit App
2024-07-15T15:14:00Z,LIGHTLY_ACTIVE,Fitbit App
2024-07-15T15:15:00Z,LIGHTLY_ACTIVE,Fitbit App
2024-07-15T15:16:00Z,LIGHTLY_ACTIVE,Fitbit App
2024-07-15T15:17:00Z,LIGHTLY_ACTIVE,Fitbit App
2024-07-15T15:18:00Z,SEDENTARY,Fitbit App
2024-07-15T15:19:00Z,SEDENTARY,Fitbit App
2024-07-15T15:20:00Z,SEDENTARY,Fitbit App
2024-07-15T15:21:00Z,LIGHTLY_ACTIVE,Fitbit App
2024-07-15T15:22:00Z,LIGHTLY_ACTIVE,Fitbit App
2024-07-15T15:23:00Z,LIGHTLY_ACTIVE,Fitbit App
2024-07-15T15:24:00Z,SEDENTARY,Fitbit App
2024-07-15T15:25:00Z,SEDENTARY,Fitbit App
2024-07-15T15:26:00Z,SEDENTARY,Fitbit App
2024-07-15T15:27:00Z,SEDENTARY,Fitbit App
2024-07-15T15:28:00Z,SEDENTARY,Fitbit App
2024-07-15T15:30:00Z,SEDENTARY,Fitbit App
2024-07-15T15:31:00Z,SEDENTARY,Fitbit App
2024-07-15T15:32:00Z,SEDENTARY,Fitbit App
2024-07-15T15:33:00Z,SEDENTARY,Fitbit App
2024-07-15T15:35:00Z,SEDENTARY,Fitbit App
2024-07-15T15:36:00Z,SEDENTARY,Fitbit App
2024-07-15T15:37:00Z,SEDENTARY,Fitbit App
2024-07-15T15:41:00Z,SEDENTARY,Fitbit App
2024-07-15T15:42:00Z,SEDENTARY,Fitbit App
2024-07-15T15:43:00Z,SEDENTARY,Fitbit App
2024-07-15T15:44:00Z,SEDENTARY,Fitbit App
2024-07-15T15:45:00Z,LIGHTLY_ACTIVE,Fitbit App
2024-07-15T15:46:00Z,LIGHTLY_ACTIVE,Fitbit App
2024-07-15T15:47:00Z,SEDENTARY,Fitbit App
2024-07-15T15:48:00Z,SEDENTARY,Fitbit App
2024-07-15T15:49:00Z,SEDENTARY,Fitbit App
2024-07-15T15:50:00Z,SEDENTARY,Fitbit App
2024-07-15T15:51:00Z,SEDENTARY,Fitbit App
2024-07-15T15:52:00Z,SEDENTARY,Fitbit App
2024-07-15T15:53:00Z,SEDENTARY,Fitbit App
2024-07-15T15:54:00Z,SEDENTARY,Fitbit App
2024-07-15T15:55:00Z,SEDENTARY,Fitbit App
2024-07-15T15:56:00Z,SEDENTARY,Fitbit App
2024-07-15T15:57:00Z,SEDENTARY,Fitbit App
2024-07-15T15:58:00Z,SEDENTARY,Fitbit App
2024-07-15T15:59:00Z,SEDENTARY,Fitbit App
2024-07-15T16:00:00Z,SEDENTARY,Fitbit App
2024-07-15T16:01:00Z,SEDENTARY,Fitbit App
2024-07-15T16:02:00Z,LIGHTLY_ACTIVE,Fitbit App
2024-07-15T16:03:00Z,LIGHTLY_ACTIVE,Fitbit App
2024-07-15T16:04:00Z,SEDENTARY,Fitbit App
2024-07-15T16:05:00Z,SEDENTARY,Fitbit App
2024-07-15T16:06:00Z,SEDENTARY,Fitbit App
2024-07-15T16:07:00Z,SEDENTARY,Fitbit App
2024-07-15T16:16:00Z,LIGHTLY_ACTIVE,Fitbit App
2024-07-15T16:17:00Z,SEDENTARY,Fitbit App
2024-07-15T16:18:00Z,SEDENTARY,Fitbit App
2024-07-15T16:19:00Z,SEDENTARY,Fitbit App
2024-07-15T16:20:00Z,SEDENTARY,Fitbit App
2024-07-15T16:21:00Z,LIGHTLY_ACTIVE,Fitbit App
2024-07-15T16:22:00Z,SEDENTARY,Fitbit App
2024-07-15T16:23:00Z,LIGHTLY_ACTIVE,Fitbit App
2024-07-15T16:24:00Z,SEDENTARY,Fitbit App
2024-07-15T16:25:00Z,SEDENTARY,Fitbit App
2024-07-15T16:26:00Z,SEDENTARY,Fitbit App
2024-07-15T16:27:00Z,SEDENTARY,Fitbit App
2024-07-15T16:28:00Z,SEDENTARY,Fitbit App
2024-07-15T16:29:00Z,SEDENTARY,Fitbit App
2024-07-15T16:30:00Z,SEDENTARY,Fitbit App
2024-07-15T16:31:00Z,SEDENTARY,Fitbit App
2024-07-15T16:32:00Z,SEDENTARY,Fitbit App
2024-07-15T16:33:00Z,SEDENTARY,Fitbit App
2024-07-15T16:34:00Z,LIGHTLY_ACTIVE,Fitbit App
2024-07-15T16:35:00Z,LIGHTLY_ACTIVE,Fitbit App
2024-07-15T16:36:00Z,LIGHTLY_ACTIVE,Fitbit App
2024-07-15T16:37:00Z,SEDENTARY,Fitbit App
2024-07-15T16:38:00Z,SEDENTARY,Fitbit App
2024-07-15T16:39:00Z,LIGHTLY_ACTIVE,Fitbit App
2024-07-15T16:40:00Z,LIGHTLY_ACTIVE,Fitbit App
2024-07-15T16:41:00Z,LIGHTLY_ACTIVE,Fitbit App
2024-07-15T16:42:00Z,SEDENTARY,Fitbit App
2024-07-15T16:43:00Z,SEDENTARY,Fitbit App
2024-07-15T16:44:00Z,SEDENTARY,Fitbit App
2024-07-15T16:45:00Z,LIGHTLY_ACTIVE,Fitbit App
2024-07-15T16:46:00Z,LIGHTLY_ACTIVE,Fitbit App
2024-07-15T16:47:00Z,LIGHTLY_ACTIVE,Fitbit App
2024-07-15T16:48:00Z,LIGHTLY_ACTIVE,Fitbit App
2024-07-15T16:49:00Z,SEDENTARY,Fitbit App
2024-07-15T16:50:00Z,SEDENTARY,Fitbit App
2024-07-15T16:51:00Z,SEDENTARY,Fitbit App
2024-07-15T16:52:00Z,SEDENTARY,Fitbit App
2024-07-15T16:54:00Z,SEDENTARY,Fitbit App
2024-07-15T16:55:00Z,SEDENTARY,Fitbit App
2024-07-15T17:06:00Z,SEDENTARY,Fitbit App
2024-07-15T17:22:00Z,SEDENTARY,Fitbit App
2024-07-15T17:46:00Z,SEDENTARY,Fitbit App
2024-07-15T17:50:00Z,SEDENTARY,Fitbit App
2024-07-15T18:14:00Z,SEDENTARY,Fitbit App
2024-07-15T18:15:00Z,SEDENTARY,Fitbit App
2024-07-15T18:16:00Z,SEDENTARY,Fitbit App
2024-07-15T18:17:00Z,SEDENTARY,Fitbit App
2024-07-15T18:18:00Z,SEDENTARY,Fitbit App
2024-07-15T18:20:00Z,SEDENTARY,Fitbit App
2024-07-15T18:21:00Z,SEDENTARY,Fitbit App
2024-07-15T18:25:00Z,LIGHTLY_ACTIVE,Fitbit App
2024-07-15T18:26:00Z,LIGHTLY_ACTIVE,Fitbit App
2024-07-15T18:27:00Z,SEDENTARY,Fitbit App
2024-07-15T18:28:00Z,LIGHTLY_ACTIVE,Fitbit App
2024-07-15T18:29:00Z,SEDENTARY,Fitbit App
2024-07-15T18:30:00Z,SEDENTARY,Fitbit App
2024-07-15T18:31:00Z,SEDENTARY,Fitbit App
2024-07-15T18:32:00Z,SEDENTARY,Fitbit App
2024-07-15T18:37:00Z,LIGHTLY_ACTIVE,Fitbit App
2024-07-15T18:38:00Z,LIGHTLY_ACTIVE,Fitbit App
2024-07-15T18:39:00Z,LIGHTLY_ACTIVE,Fitbit App
2024-07-15T18:40:00Z,MODERATELY_ACTIVE,Fitbit App
2024-07-15T18:41:00Z,MODERATELY_ACTIVE,Fitbit App
2024-07-15T18:42:00Z,MODERATELY_ACTIVE,Fitbit App
2024-07-15T18:43:00Z,LIGHTLY_ACTIVE,Fitbit App
2024-07-15T18:44:00Z,LIGHTLY_ACTIVE,Fitbit App
2024-07-15T18:45:00Z,LIGHTLY_ACTIVE,Fitbit App
2024-07-15T18:46:00Z,MODERATELY_ACTIVE,Fitbit App
2024-07-15T18:47:00Z,LIGHTLY_ACTIVE,Fitbit App
2024-07-15T18:48:00Z,LIGHTLY_ACTIVE,Fitbit App
2024-07-15T18:49:00Z,LIGHTLY_ACTIVE,Fitbit App
2024-07-15T18:50:00Z,LIGHTLY_ACTIVE,Fitbit App
2024-07-15T18:51:00Z,LIGHTLY_ACTIVE,Fitbit App
2024-07-15T18:52:00Z,LIGHTLY_ACTIVE,Fitbit App
2024-07-15T18:53:00Z,LIGHTLY_ACTIVE,Fitbit App
2024-07-15T18:54:00Z,LIGHTLY_ACTIVE,Fitbit App
2024-07-15T18:55:00Z,SEDENTARY,Fitbit App
2024-07-15T18:56:00Z,LIGHTLY_ACTIVE,Fitbit App
2024-07-15T18:57:00Z,LIGHTLY_ACTIVE,Fitbit App
2024-07-15T18:58:00Z,MODERATELY_ACTIVE,Fitbit App
2024-07-15T18:59:00Z,LIGHTLY_ACTIVE,Fitbit App
2024-07-15T19:00:00Z,LIGHTLY_ACTIVE,Fitbit App
2024-07-15T19:01:00Z,LIGHTLY_ACTIVE,Fitbit App
2024-07-15T19:02:00Z,SEDENTARY,Fitbit App
2024-07-15T19:03:00Z,SEDENTARY,Fitbit App
2024-07-15T19:05:00Z,SEDENTARY,Fitbit App
2024-07-15T19:06:00Z,SEDENTARY,Fitbit App
2024-07-15T19:07:00Z,SEDENTARY,Fitbit App
2024-07-15T19:08:00Z,SEDENTARY,Fitbit App
2024-07-15T19:09:00Z,SEDENTARY,Fitbit App
2024-07-15T19:10:00Z,SEDENTARY,Fitbit App
2024-07-15T19:11:00Z,SEDENTARY,Fitbit App
2024-07-15T19:12:00Z,SEDENTARY,Fitbit App
2024-07-15T19:13:00Z,SEDENTARY,Fitbit App
2024-07-15T19:14:00Z,SEDENTARY,Fitbit App
2024-07-15T19:15:00Z,SEDENTARY,Fitbit App
2024-07-15T19:16:00Z,SEDENTARY,Fitbit App
2024-07-15T19:17:00Z,SEDENTARY,Fitbit App
2024-07-15T19:19:00Z,SEDENTARY,Fitbit App
2024-07-15T19:20:00Z,LIGHTLY_ACTIVE,Fitbit App
2024-07-15T19:21:00Z,SEDENTARY,Fitbit App
2024-07-15T19:22:00Z,LIGHTLY_ACTIVE,Fitbit App
2024-07-15T19:23:00Z,LIGHTLY_ACTIVE,Fitbit App
2024-07-15T19:24:00Z,LIGHTLY_ACTIVE,Fitbit App
2024-07-15T19:25:00Z,LIGHTLY_ACTIVE,Fitbit App
2024-07-15T19:26:00Z,SEDENTARY,Fitbit App
2024-07-15T19:27:00Z,MODERATELY_ACTIVE,Fitbit App
2024-07-15T19:28:00Z,LIGHTLY_ACTIVE,Fitbit App
2024-07-15T19:29:00Z,LIGHTLY_ACTIVE,Fitbit App
2024-07-15T19:30:00Z,LIGHTLY_ACTIVE,Fitbit App
2024-07-15T19:31:00Z,SEDENTARY,Fitbit App
2024-07-15T19:32:00Z,LIGHTLY_ACTIVE,Fitbit App
2024-07-15T19:33:00Z,SEDENTARY,Fitbit App
2024-07-15T19:34:00Z,SEDENTARY,Fitbit App
2024-07-15T19:35:00Z,SEDENTARY,Fitbit App
2024-07-15T19:36:00Z,LIGHTLY_ACTIVE,Fitbit App
2024-07-15T19:37:00Z,SEDENTARY,Fitbit App
2024-07-15T19:38:00Z,SEDENTARY,Fitbit App
2024-07-15T19:39:00Z,LIGHTLY_ACTIVE,Fitbit App
2024-07-15T19:40:00Z,SEDENTARY,Fitbit App
2024-07-15T19:41:00Z,SEDENTARY,Fitbit App
2024-07-15T19:42:00Z,SEDENTARY,Fitbit App
2024-07-15T19:43:00Z,SEDENTARY,Fitbit App
2024-07-15T19:44:00Z,SEDENTARY,Fitbit App
2024-07-15T19:45:00Z,SEDENTARY,Fitbit App
2024-07-15T19:46:00Z,SEDENTARY,Fitbit App
2024-07-15T19:47:00Z,SEDENTARY,Fitbit App
2024-07-15T19:48:00Z,SEDENTARY,Fitbit App
2024-07-15T19:49:00Z,SEDENTARY,Fitbit App
2024-07-15T19:50:00Z,SEDENTARY,Fitbit App
2024-07-15T19:51:00Z,SEDENTARY,Fitbit App
2024-07-15T19:52:00Z,SEDENTARY,Fitbit App
2024-07-15T19:53:00Z,SEDENTARY,Fitbit App
2024-07-15T19:54:00Z,LIGHTLY_ACTIVE,Fitbit App
2024-07-15T19:55:00Z,LIGHTLY_ACTIVE,Fitbit App
2024-07-15T19:56:00Z,SEDENTARY,Fitbit App
2024-07-15T19:57:00Z,SEDENTARY,Fitbit App
2024-07-15T19:58:00Z,SEDENTARY,Fitbit App
2024-07-15T19:59:00Z,LIGHTLY_ACTIVE,Fitbit App
2024-07-15T20:00:00Z,SEDENTARY,Fitbit App
2024-07-15T20:01:00Z,LIGHTLY_ACTIVE,Fitbit App
2024-07-15T20:02:00Z,LIGHTLY_ACTIVE,Fitbit App
2024-07-15T20:03:00Z,LIGHTLY_ACTIVE,Fitbit App
2024-07-15T20:04:00Z,LIGHTLY_ACTIVE,Fitbit App
2024-07-15T20:05:00Z,LIGHTLY_ACTIVE,Fitbit App
2024-07-15T20:06:00Z,LIGHTLY_ACTIVE,Fitbit App
2024-07-15T20:07:00Z,LIGHTLY_ACTIVE,Fitbit App
2024-07-15T20:08:00Z,LIGHTLY_ACTIVE,Fitbit App
2024-07-15T20:09:00Z,SEDENTARY,Fitbit App
2024-07-15T20:10:00Z,SEDENTARY,Fitbit App
2024-07-15T20:11:00Z,SEDENTARY,Fitbit App
2024-07-15T20:12:00Z,LIGHTLY_ACTIVE,Fitbit App
2024-07-15T20:13:00Z,SEDENTARY,Fitbit App
2024-07-15T20:14:00Z,SEDENTARY,Fitbit App
2024-07-15T20:15:00Z,SEDENTARY,Fitbit App
2024-07-15T20:16:00Z,SEDENTARY,Fitbit App
2024-07-15T20:17:00Z,SEDENTARY,Fitbit App
2024-07-15T20:18:00Z,SEDENTARY,Fitbit App
2024-07-15T20:20:00Z,SEDENTARY,Fitbit App
2024-07-15T20:21:00Z,SEDENTARY,Fitbit App
2024-07-15T20:23:00Z,SEDENTARY,Fitbit App
2024-07-15T20:24:00Z,SEDENTARY,Fitbit App
2024-07-15T20:27:00Z,SEDENTARY,Fitbit App
2024-07-15T20:28:00Z,LIGHTLY_ACTIVE,Fitbit App
2024-07-15T20:29:00Z,SEDENTARY,Fitbit App
2024-07-15T20:30:00Z,SEDENTARY,Fitbit App
2024-07-15T20:31:00Z,SEDENTARY,Fitbit App
2024-07-15T20:32:00Z,SEDENTARY,Fitbit App
2024-07-15T20:33:00Z,SEDENTARY,Fitbit App
2024-07-15T20:34:00Z,LIGHTLY_ACTIVE,Fitbit App
2024-07-15T20:35:00Z,LIGHTLY_ACTIVE,Fitbit App
2024-07-15T20:36:00Z,SEDENTARY,Fitbit App
2024-07-15T20:37:00Z,SEDENTARY,Fitbit App
2024-07-15T20:39:00Z,SEDENTARY,Fitbit App
2024-07-15T20:40:00Z,SEDENTARY,Fitbit App
2024-07-15T20:41:00Z,SEDENTARY,Fitbit App
2024-07-15T20:42:00Z,SEDENTARY,Fitbit App
2024-07-15T20:43:00Z,SEDENTARY,Fitbit App
2024-07-15T20:45:00Z,SEDENTARY,Fitbit App
2024-07-15T20:46:00Z,SEDENTARY,Fitbit App
2024-07-15T20:47:00Z,SEDENTARY,Fitbit App
2024-07-15T20:48:00Z,SEDENTARY,Fitbit App
2024-07-15T20:49:00Z,SEDENTARY,Fitbit App
2024-07-15T20:51:00Z,SEDENTARY,Fitbit App
2024-07-15T20:52:00Z,LIGHTLY_ACTIVE,Fitbit App
2024-07-15T20:53:00Z,SEDENTARY,Fitbit App
2024-07-15T20:54:00Z,SEDENTARY,Fitbit App
2024-07-15T20:55:00Z,SEDENTARY,Fitbit App
2024-07-15T20:56:00Z,SEDENTARY,Fitbit App
2024-07-15T20:57:00Z,SEDENTARY,Fitbit App
2024-07-15T20:58:00Z,SEDENTARY,Fitbit App
2024-07-15T20:59:00Z,SEDENTARY,Fitbit App
2024-07-15T21:00:00Z,SEDENTARY,Fitbit App
2024-07-15T21:02:00Z,SEDENTARY,Fitbit App
2024-07-15T21:03:00Z,SEDENTARY,Fitbit App
2024-07-15T21:04:00Z,SEDENTARY,Fitbit App
2024-07-15T21:05:00Z,LIGHTLY_ACTIVE,Fitbit App
2024-07-15T21:06:00Z,LIGHTLY_ACTIVE,Fitbit App
2024-07-15T21:07:00Z,SEDENTARY,Fitbit App
2024-07-15T21:08:00Z,SEDENTARY,Fitbit App
2024-07-15T21:09:00Z,SEDENTARY,Fitbit App
2024-07-15T21:10:00Z,SEDENTARY,Fitbit App
2024-07-15T21:11:00Z,SEDENTARY,Fitbit App
2024-07-15T21:12:00Z,SEDENTARY,Fitbit App
2024-07-15T21:13:00Z,SEDENTARY,Fitbit App
2024-07-15T21:14:00Z,SEDENTARY,Fitbit App
2024-07-15T21:21:00Z,SEDENTARY,Fitbit App
2024-07-15T21:27:00Z,SEDENTARY,Fitbit App
2024-07-15T21:28:00Z,SEDENTARY,Fitbit App
2024-07-15T21:29:00Z,SEDENTARY,Fitbit App
2024-07-15T21:30:00Z,SEDENTARY,Fitbit App
2024-07-15T21:31:00Z,SEDENTARY,Fitbit App
2024-07-15T21:32:00Z,SEDENTARY,Fitbit App
2024-07-15T21:33:00Z,SEDENTARY,Fitbit App
2024-07-15T21:34:00Z,SEDENTARY,Fitbit App
2024-07-15T21:35:00Z,SEDENTARY,Fitbit App
2024-07-15T21:36:00Z,LIGHTLY_ACTIVE,Fitbit App
2024-07-15T21:37:00Z,LIGHTLY_ACTIVE,Fitbit App
2024-07-15T21:38:00Z,SEDENTARY,Fitbit App
2024-07-15T21:39:00Z,LIGHTLY_ACTIVE,Fitbit App
2024-07-15T21:40:00Z,LIGHTLY_ACTIVE,Fitbit App
2024-07-15T21:41:00Z,SEDENTARY,Fitbit App
2024-07-15T21:42:00Z,SEDENTARY,Fitbit App
2024-07-15T21:43:00Z,SEDENTARY,Fitbit App
2024-07-15T21:44:00Z,SEDENTARY,Fitbit App
2024-07-15T21:45:00Z,SEDENTARY,Fitbit App
2024-07-15T21:46:00Z,SEDENTARY,Fitbit App
2024-07-15T21:47:00Z,SEDENTARY,Fitbit App
2024-07-15T21:48:00Z,SEDENTARY,Fitbit App
2024-07-15T21:49:00Z,SEDENTARY,Fitbit App
2024-07-15T21:50:00Z,SEDENTARY,Fitbit App
2024-07-15T21:51:00Z,LIGHTLY_ACTIVE,Fitbit App
2024-07-15T21:52:00Z,SEDENTARY,Fitbit App
2024-07-15T21:54:00Z,SEDENTARY,Fitbit App
2024-07-15T21:55:00Z,SEDENTARY,Fitbit App
2024-07-15T21:56:00Z,LIGHTLY_ACTIVE,Fitbit App
2024-07-15T21:57:00Z,LIGHTLY_ACTIVE,Fitbit App
2024-07-15T22:10:00Z,LIGHTLY_ACTIVE,Fitbit App
2024-07-15T22:11:00Z,SEDENTARY,Fitbit App
2024-07-15T22:12:00Z,SEDENTARY,Fitbit App
2024-07-15T22:13:00Z,SEDENTARY,Fitbit App
2024-07-15T22:14:00Z,SEDENTARY,Fitbit App
2024-07-15T22:15:00Z,SEDENTARY,Fitbit App
2024-07-15T22:16:00Z,SEDENTARY,Fitbit App
2024-07-15T22:17:00Z,SEDENTARY,Fitbit App
2024-07-15T22:18:00Z,SEDENTARY,Fitbit App
2024-07-15T22:19:00Z,SEDENTARY,Fitbit App
2024-07-15T22:20:00Z,SEDENTARY,Fitbit App
2024-07-15T22:25:00Z,SEDENTARY,Fitbit App
2024-07-15T22:27:00Z,SEDENTARY,Fitbit App
2024-07-15T22:28:00Z,SEDENTARY,Fitbit App
2024-07-15T22:29:00Z,SEDENTARY,Fitbit App
2024-07-15T22:31:00Z,LIGHTLY_ACTIVE,Fitbit App
2024-07-15T22:32:00Z,SEDENTARY,Fitbit App
2024-07-15T22:33:00Z,SEDENTARY,Fitbit App
2024-07-15T22:35:00Z,LIGHTLY_ACTIVE,Fitbit App
2024-07-15T22:36:00Z,SEDENTARY,Fitbit App
2024-07-15T22:37:00Z,SEDENTARY,Fitbit App
2024-07-15T22:38:00Z,SEDENTARY,Fitbit App
2024-07-15T22:39:00Z,SEDENTARY,Fitbit App
2024-07-15T22:40:00Z,SEDENTARY,Fitbit App
2024-07-15T22:41:00Z,LIGHTLY_ACTIVE,Fitbit App
2024-07-15T22:42:00Z,LIGHTLY_ACTIVE,Fitbit App
2024-07-15T22:43:00Z,SEDENTARY,Fitbit App
2024-07-15T22:52:00Z,SEDENTARY,Fitbit App
2024-07-15T22:57:00Z,SEDENTARY,Fitbit App
2024-07-15T23:03:00Z,LIGHTLY_ACTIVE,Fitbit App
2024-07-15T23:04:00Z,LIGHTLY_ACTIVE,Fitbit App
2024-07-15T23:05:00Z,LIGHTLY_ACTIVE,Fitbit App
2024-07-15T23:09:00Z,SEDENTARY,Fitbit App
2024-07-15T23:10:00Z,SEDENTARY,Fitbit App
2024-07-15T23:12:00Z,SEDENTARY,Fitbit App
2024-07-15T23:18:00Z,SEDENTARY,Fitbit App
2024-07-15T23:20:00Z,SEDENTARY,Fitbit App
2024-07-15T23:22:00Z,SEDENTARY,Fitbit App
2024-07-15T23:29:00Z,SEDENTARY,Fitbit App
2024-07-15T23:30:00Z,SEDENTARY,Fitbit App
2024-07-15T23:36:00Z,SEDENTARY,Fitbit App
2024-07-15T23:37:00Z,SEDENTARY,Fitbit App
2024-07-15T23:38:00Z,SEDENTARY,Fitbit App
2024-07-15T23:42:00Z,SEDENTARY,Fitbit App
2024-07-15T23:43:00Z,SEDENTARY,Fitbit App
2024-07-15T23:44:00Z,SEDENTARY,Fitbit App
2024-07-15T23:45:00Z,SEDENTARY,Fitbit App
2024-07-15T23:48:00Z,SEDENTARY,Fitbit App
2024-07-15T23:51:00Z,SEDENTARY,Fitbit App
2024-07-15T23:52:00Z,SEDENTARY,Fitbit App
2024-07-15T23:56:00Z,SEDENTARY,Fitbit App
2024-07-15T23:59:00Z,SEDENTARY,Fitbit App
2024-07-16T00:00:00Z,LIGHTLY_ACTIVE,Fitbit App
2024-07-16T00:01:00Z,SEDENTARY,Fitbit App
2024-07-16T00:02:00Z,SEDENTARY,Fitbit App
2024-07-16T00:03:00Z,SEDENTARY,Fitbit App
2024-07-16T00:54:00Z,SEDENTARY,Fitbit App
2024-07-16T01:03:00Z,SEDENTARY,Fitbit App
2024-07-16T01:14:00Z,SEDENTARY,Fitbit App
2024-07-16T01:42:00Z,SEDENTARY,Fitbit App
2024-07-16T01:58:00Z,SEDENTARY,Fitbit App
2024-07-16T02:12:00Z,SEDENTARY,Fitbit App
2024-07-16T02:30:00Z,SEDENTARY,Fitbit App
2024-07-16T02:58:00Z,SEDENTARY,Fitbit App
2024-07-16T03:10:00Z,SEDENTARY,Fitbit App
2024-07-16T03:12:00Z,SEDENTARY,Fitbit App
2024-07-16T03:15:00Z,SEDENTARY,Fitbit App
2024-07-16T03:17:00Z,SEDENTARY,Fitbit App
2024-07-16T03:21:00Z,SEDENTARY,Fitbit App
2024-07-16T03:29:00Z,SEDENTARY,Fitbit App
2024-07-16T03:30:00Z,SEDENTARY,Fitbit App
2024-07-16T03:35:00Z,SEDENTARY,Fitbit App
2024-07-16T03:36:00Z,SEDENTARY,Fitbit App
2024-07-16T04:06:00Z,SEDENTARY,Fitbit App
2024-07-16T04:31:00Z,SEDENTARY,Fitbit App
2024-07-16T04:36:00Z,SEDENTARY,Fitbit App
2024-07-16T04:49:00Z,SEDENTARY,Fitbit App
2024-07-16T05:10:00Z,SEDENTARY,Fitbit App
2024-07-16T05:39:00Z,SEDENTARY,Fitbit App
2024-07-16T05:41:00Z,SEDENTARY,Fitbit App
2024-07-16T06:18:00Z,SEDENTARY,Fitbit App
2024-07-16T06:21:00Z,SEDENTARY,Fitbit App
2024-07-16T06:22:00Z,SEDENTARY,Fitbit App
2024-07-16T06:23:00Z,SEDENTARY,Fitbit App
2024-07-16T06:24:00Z,SEDENTARY,Fitbit App
2024-07-16T06:25:00Z,SEDENTARY,Fitbit App
2024-07-16T06:26:00Z,LIGHTLY_ACTIVE,Fitbit App
2024-07-16T06:27:00Z,LIGHTLY_ACTIVE,Fitbit App
2024-07-16T06:28:00Z,LIGHTLY_ACTIVE,Fitbit App
2024-07-16T06:29:00Z,SEDENTARY,Fitbit App
2024-07-16T06:30:00Z,LIGHTLY_ACTIVE,Fitbit App
2024-07-16T06:31:00Z,LIGHTLY_ACTIVE,Fitbit App
2024-07-16T06:32:00Z,SEDENTARY,Fitbit App
2024-07-16T06:39:00Z,SEDENTARY,Fitbit App
2024-07-16T06:40:00Z,SEDENTARY,Fitbit App
2024-07-16T06:41:00Z,SEDENTARY,Fitbit App
2024-07-16T06:42:00Z,LIGHTLY_ACTIVE,Fitbit App
2024-07-16T06:43:00Z,LIGHTLY_ACTIVE,Fitbit App
2024-07-16T06:44:00Z,LIGHTLY_ACTIVE,Fitbit App
2024-07-16T06:45:00Z,LIGHTLY_ACTIVE,Fitbit App
2024-07-16T06:46:00Z,SEDENTARY,Fitbit App
2024-07-16T06:48:00Z,LIGHTLY_ACTIVE,Fitbit App
2024-07-16T06:49:00Z,SEDENTARY,Fitbit App
2024-07-16T06:50:00Z,SEDENTARY,Fitbit App
2024-07-16T06:51:00Z,SEDENTARY,Fitbit App
2024-07-16T06:52:00Z,SEDENTARY,Fitbit App
2024-07-16T06:55:00Z,SEDENTARY,Fitbit App
2024-07-16T06:57:00Z,SEDENTARY,Fitbit App
2024-07-16T06:59:00Z,SEDENTARY,Fitbit App
2024-07-16T07:00:00Z,SEDENTARY,Fitbit App
2024-07-16T07:01:00Z,SEDENTARY,Fitbit App
2024-07-16T07:02:00Z,SEDENTARY,Fitbit App
2024-07-16T07:03:00Z,SEDENTARY,Fitbit App
2024-07-16T07:11:00Z,LIGHTLY_ACTIVE,Fitbit App
2024-07-16T07:12:00Z,SEDENTARY,Fitbit App
2024-07-16T07:13:00Z,SEDENTARY,Fitbit App
2024-07-16T07:14:00Z,LIGHTLY_ACTIVE,Fitbit App
2024-07-16T07:19:00Z,SEDENTARY,Fitbit App
2024-07-16T07:21:00Z,SEDENTARY,Fitbit App
2024-07-16T07:22:00Z,LIGHTLY_ACTIVE,Fitbit App
2024-07-16T07:26:00Z,SEDENTARY,Fitbit App
2024-07-16T07:29:00Z,SEDENTARY,Fitbit App
2024-07-16T07:30:00Z,SEDENTARY,Fitbit App
2024-07-16T07:31:00Z,SEDENTARY,Fitbit App
2024-07-16T07:32:00Z,SEDENTARY,Fitbit App
2024-07-16T07:33:00Z,SEDENTARY,Fitbit App
2024-07-16T07:34:00Z,SEDENTARY,Fitbit App
2024-07-16T07:35:00Z,SEDENTARY,Fitbit App
2024-07-16T07:36:00Z,SEDENTARY,Fitbit App
2024-07-16T07:37:00Z,SEDENTARY,Fitbit App
2024-07-16T07:38:00Z,SEDENTARY,Fitbit App
2024-07-16T07:39:00Z,SEDENTARY,Fitbit App
2024-07-16T07:40:00Z,SEDENTARY,Fitbit App
2024-07-16T07:41:00Z,SEDENTARY,Fitbit App
2024-07-16T07:42:00Z,SEDENTARY,Fitbit App
2024-07-16T07:43:00Z,SEDENTARY,Fitbit App
2024-07-16T07:44:00Z,SEDENTARY,Fitbit App
2024-07-16T07:45:00Z,SEDENTARY,Fitbit App
2024-07-16T07:47:00Z,SEDENTARY,Fitbit App
2024-07-16T07:48:00Z,SEDENTARY,Fitbit App
2024-07-16T07:49:00Z,SEDENTARY,Fitbit App
2024-07-16T07:50:00Z,SEDENTARY,Fitbit App
2024-07-16T07:51:00Z,LIGHTLY_ACTIVE,Fitbit App
2024-07-16T07:52:00Z,LIGHTLY_ACTIVE,Fitbit App
2024-07-16T07:53:00Z,SEDENTARY,Fitbit App
2024-07-16T07:54:00Z,SEDENTARY,Fitbit App
2024-07-16T07:58:00Z,LIGHTLY_ACTIVE,Fitbit App
2024-07-16T07:59:00Z,SEDENTARY,Fitbit App
2024-07-16T08:00:00Z,LIGHTLY_ACTIVE,Fitbit App
2024-07-16T08:01:00Z,LIGHTLY_ACTIVE,Fitbit App
2024-07-16T08:02:00Z,LIGHTLY_ACTIVE,Fitbit App
2024-07-16T08:04:00Z,SEDENTARY,Fitbit App
2024-07-16T08:05:00Z,SEDENTARY,Fitbit App
2024-07-16T08:07:00Z,SEDENTARY,Fitbit App
2024-07-16T08:08:00Z,SEDENTARY,Fitbit App
2024-07-16T08:09:00Z,SEDENTARY,Fitbit App
2024-07-16T08:10:00Z,SEDENTARY,Fitbit App
2024-07-16T08:11:00Z,SEDENTARY,Fitbit App
2024-07-16T08:12:00Z,SEDENTARY,Fitbit App
2024-07-16T08:13:00Z,SEDENTARY,Fitbit App
2024-07-16T08:14:00Z,SEDENTARY,Fitbit App
2024-07-16T08:15:00Z,SEDENTARY,Fitbit App
2024-07-16T08:16:00Z,SEDENTARY,Fitbit App
2024-07-16T08:17:00Z,SEDENTARY,Fitbit App
2024-07-16T08:18:00Z,SEDENTARY,Fitbit App
2024-07-16T08:19:00Z,SEDENTARY,Fitbit App
2024-07-16T08:20:00Z,SEDENTARY,Fitbit App
2024-07-16T08:22:00Z,SEDENTARY,Fitbit App
2024-07-16T08:23:00Z,SEDENTARY,Fitbit App
2024-07-16T08:24:00Z,SEDENTARY,Fitbit App
2024-07-16T08:25:00Z,SEDENTARY,Fitbit App
2024-07-16T08:26:00Z,SEDENTARY,Fitbit App
2024-07-16T08:27:00Z,SEDENTARY,Fitbit App
2024-07-16T08:28:00Z,SEDENTARY,Fitbit App
2024-07-16T08:29:00Z,LIGHTLY_ACTIVE,Fitbit App
2024-07-16T08:30:00Z,SEDENTARY,Fitbit App
2024-07-16T08:31:00Z,SEDENTARY,Fitbit App
2024-07-16T08:33:00Z,SEDENTARY,Fitbit App
2024-07-16T08:34:00Z,SEDENTARY,Fitbit App
2024-07-16T08:35:00Z,SEDENTARY,Fitbit App
2024-07-16T08:37:00Z,SEDENTARY,Fitbit App
2024-07-16T08:38:00Z,SEDENTARY,Fitbit App
2024-07-16T08:40:00Z,SEDENTARY,Fitbit App
2024-07-16T08:41:00Z,SEDENTARY,Fitbit App
2024-07-16T08:42:00Z,SEDENTARY,Fitbit App
2024-07-16T08:43:00Z,SEDENTARY,Fitbit App
2024-07-16T08:44:00Z,SEDENTARY,Fitbit App
2024-07-16T08:45:00Z,SEDENTARY,Fitbit App
2024-07-16T08:46:00Z,SEDENTARY,Fitbit App
2024-07-16T08:47:00Z,SEDENTARY,Fitbit App
2024-07-16T08:48:00Z,SEDENTARY,Fitbit App
2024-07-16T08:49:00Z,SEDENTARY,Fitbit App
2024-07-16T08:50:00Z,SEDENTARY,Fitbit App
2024-07-16T08:51:00Z,SEDENTARY,Fitbit App
2024-07-16T08:52:00Z,SEDENTARY,Fitbit App
2024-07-16T08:53:00Z,LIGHTLY_ACTIVE,Fitbit App
2024-07-16T08:54:00Z,SEDENTARY,Fitbit App
2024-07-16T08:55:00Z,LIGHTLY_ACTIVE,Fitbit App
2024-07-16T08:56:00Z,LIGHTLY_ACTIVE,Fitbit App
2024-07-16T08:57:00Z,SEDENTARY,Fitbit App
2024-07-16T08:58:00Z,LIGHTLY_ACTIVE,Fitbit App
2024-07-16T08:59:00Z,LIGHTLY_ACTIVE,Fitbit App
2024-07-16T09:00:00Z,LIGHTLY_ACTIVE,Fitbit App
2024-07-16T09:01:00Z,SEDENTARY,Fitbit App
2024-07-16T09:02:00Z,SEDENTARY,Fitbit App
2024-07-16T09:03:00Z,LIGHTLY_ACTIVE,Fitbit App
2024-07-16T09:04:00Z,SEDENTARY,Fitbit App
2024-07-16T09:05:00Z,LIGHTLY_ACTIVE,Fitbit App
2024-07-16T09:06:00Z,LIGHTLY_ACTIVE,Fitbit App
2024-07-16T09:07:00Z,LIGHTLY_ACTIVE,Fitbit App
2024-07-16T09:08:00Z,SEDENTARY,Fitbit App
2024-07-16T09:09:00Z,LIGHTLY_ACTIVE,Fitbit App
2024-07-16T09:10:00Z,SEDENTARY,Fitbit App
2024-07-16T09:11:00Z,SEDENTARY,Fitbit App
2024-07-16T09:12:00Z,SEDENTARY,Fitbit App
2024-07-16T09:13:00Z,LIGHTLY_ACTIVE,Fitbit App
2024-07-16T09:14:00Z,SEDENTARY,Fitbit App
2024-07-16T09:15:00Z,LIGHTLY_ACTIVE,Fitbit App
2024-07-16T09:16:00Z,LIGHTLY_ACTIVE,Fitbit App
2024-07-16T09:17:00Z,SEDENTARY,Fitbit App
2024-07-16T09:18:00Z,SEDENTARY,Fitbit App
2024-07-16T09:19:00Z,SEDENTARY,Fitbit App
2024-07-16T09:22:00Z,SEDENTARY,Fitbit App
2024-07-16T09:28:00Z,SEDENTARY,Fitbit App
2024-07-16T09:30:00Z,SEDENTARY,Fitbit App
2024-07-16T09:31:00Z,LIGHTLY_ACTIVE,Fitbit App
2024-07-16T09:33:00Z,SEDENTARY,Fitbit App
2024-07-16T09:34:00Z,SEDENTARY,Fitbit App
2024-07-16T09:35:00Z,SEDENTARY,Fitbit App
2024-07-16T09:36:00Z,SEDENTARY,Fitbit App
2024-07-16T09:38:00Z,SEDENTARY,Fitbit App
2024-07-16T09:42:00Z,SEDENTARY,Fitbit App
2024-07-16T09:43:00Z,SEDENTARY,Fitbit App
2024-07-16T09:44:00Z,LIGHTLY_ACTIVE,Fitbit App
2024-07-16T09:45:00Z,SEDENTARY,Fitbit App
2024-07-16T09:46:00Z,SEDENTARY,Fitbit App
2024-07-16T09:47:00Z,LIGHTLY_ACTIVE,Fitbit App
2024-07-16T09:48:00Z,LIGHTLY_ACTIVE,Fitbit App
2024-07-16T09:49:00Z,LIGHTLY_ACTIVE,Fitbit App
2024-07-16T09:50:00Z,LIGHTLY_ACTIVE,Fitbit App
2024-07-16T09:51:00Z,LIGHTLY_ACTIVE,Fitbit App
2024-07-16T09:52:00Z,LIGHTLY_ACTIVE,Fitbit App
2024-07-16T09:53:00Z,LIGHTLY_ACTIVE,Fitbit App
2024-07-16T09:54:00Z,SEDENTARY,Fitbit App
2024-07-16T09:55:00Z,SEDENTARY,Fitbit App
2024-07-16T09:56:00Z,LIGHTLY_ACTIVE,Fitbit App
2024-07-16T09:57:00Z,SEDENTARY,Fitbit App
2024-07-16T09:58:00Z,SEDENTARY,Fitbit App
2024-07-16T09:59:00Z,SEDENTARY,Fitbit App
2024-07-16T10:02:00Z,SEDENTARY,Fitbit App
2024-07-16T10:03:00Z,SEDENTARY,Fitbit App
2024-07-16T10:04:00Z,SEDENTARY,Fitbit App
2024-07-16T10:08:00Z,SEDENTARY,Fitbit App
2024-07-16T10:09:00Z,SEDENTARY,Fitbit App
2024-07-16T10:10:00Z,LIGHTLY_ACTIVE,Fitbit App
2024-07-16T10:11:00Z,LIGHTLY_ACTIVE,Fitbit App
2024-07-16T10:12:00Z,SEDENTARY,Fitbit App
2024-07-16T10:13:00Z,SEDENTARY,Fitbit App
2024-07-16T10:14:00Z,LIGHTLY_ACTIVE,Fitbit App
2024-07-16T10:15:00Z,LIGHTLY_ACTIVE,Fitbit App
2024-07-16T10:16:00Z,SEDENTARY,Fitbit App
2024-07-16T10:17:00Z,SEDENTARY,Fitbit App
2024-07-16T10:18:00Z,LIGHTLY_ACTIVE,Fitbit App
2024-07-16T10:19:00Z,SEDENTARY,Fitbit App
2024-07-16T10:20:00Z,SEDENTARY,Fitbit App
2024-07-16T10:21:00Z,SEDENTARY,Fitbit App
2024-07-16T10:22:00Z,LIGHTLY_ACTIVE,Fitbit App
2024-07-16T10:23:00Z,LIGHTLY_ACTIVE,Fitbit App
2024-07-16T10:24:00Z,SEDENTARY,Fitbit App
2024-07-16T10:25:00Z,LIGHTLY_ACTIVE,Fitbit App
2024-07-16T10:26:00Z,SEDENTARY,Fitbit App
2024-07-16T10:27:00Z,SEDENTARY,Fitbit App
2024-07-16T10:28:00Z,SEDENTARY,Fitbit App
2024-07-16T10:29:00Z,SEDENTARY,Fitbit App
2024-07-16T10:30:00Z,LIGHTLY_ACTIVE,Fitbit App
2024-07-16T10:31:00Z,LIGHTLY_ACTIVE,Fitbit App
2024-07-16T10:32:00Z,SEDENTARY,Fitbit App
2024-07-16T10:33:00Z,LIGHTLY_ACTIVE,Fitbit App
2024-07-16T10:34:00Z,LIGHTLY_ACTIVE,Fitbit App
2024-07-16T10:35:00Z,LIGHTLY_ACTIVE,Fitbit App
2024-07-16T10:36:00Z,LIGHTLY_ACTIVE,Fitbit App
2024-07-16T10:37:00Z,SEDENTARY,Fitbit App
2024-07-16T10:38:00Z,SEDENTARY,Fitbit App
2024-07-16T10:40:00Z,SEDENTARY,Fitbit App
2024-07-16T10:41:00Z,SEDENTARY,Fitbit App
2024-07-16T10:42:00Z,SEDENTARY,Fitbit App
2024-07-16T10:50:00Z,SEDENTARY,Fitbit App
2024-07-16T10:51:00Z,SEDENTARY,Fitbit App
2024-07-16T10:52:00Z,SEDENTARY,Fitbit App
2024-07-16T10:55:00Z,SEDENTARY,Fitbit App
2024-07-16T10:56:00Z,SEDENTARY,Fitbit App
2024-07-16T10:57:00Z,SEDENTARY,Fitbit App
2024-07-16T10:58:00Z,LIGHTLY_ACTIVE,Fitbit App
2024-07-16T10:59:00Z,SEDENTARY,Fitbit App
2024-07-16T11:00:00Z,SEDENTARY,Fitbit App
2024-07-16T11:01:00Z,SEDENTARY,Fitbit App
2024-07-16T11:02:00Z,SEDENTARY,Fitbit App
2024-07-16T11:03:00Z,SEDENTARY,Fitbit App
2024-07-16T11:04:00Z,SEDENTARY,Fitbit App
2024-07-16T11:05:00Z,SEDENTARY,Fitbit App
2024-07-16T11:06:00Z,SEDENTARY,Fitbit App
2024-07-16T11:07:00Z,SEDENTARY,Fitbit App
2024-07-16T11:08:00Z,SEDENTARY,Fitbit App
2024-07-16T11:09:00Z,SEDENTARY,Fitbit App
2024-07-16T11:10:00Z,SEDENTARY,Fitbit App
2024-07-16T11:11:00Z,SEDENTARY,Fitbit App
2024-07-16T11:14:00Z,SEDENTARY,Fitbit App
2024-07-16T11:15:00Z,SEDENTARY,Fitbit App
2024-07-16T11:16:00Z,SEDENTARY,Fitbit App
2024-07-16T11:17:00Z,SEDENTARY,Fitbit App
2024-07-16T11:18:00Z,SEDENTARY,Fitbit App
2024-07-16T11:19:00Z,SEDENTARY,Fitbit App
2024-07-16T11:20:00Z,SEDENTARY,Fitbit App
2024-07-16T11:21:00Z,SEDENTARY,Fitbit App
2024-07-16T11:22:00Z,SEDENTARY,Fitbit App
2024-07-16T11:23:00Z,SEDENTARY,Fitbit App
2024-07-16T11:24:00Z,SEDENTARY,Fitbit App
2024-07-16T11:25:00Z,SEDENTARY,Fitbit App
2024-07-16T11:26:00Z,SEDENTARY,Fitbit App
2024-07-16T11:27:00Z,SEDENTARY,Fitbit App
2024-07-16T11:28:00Z,SEDENTARY,Fitbit App
2024-07-16T11:29:00Z,SEDENTARY,Fitbit App
2024-07-16T11:30:00Z,SEDENTARY,Fitbit App
2024-07-16T11:31:00Z,SEDENTARY,Fitbit App
2024-07-16T11:32:00Z,SEDENTARY,Fitbit App
2024-07-16T11:33:00Z,SEDENTARY,Fitbit App
2024-07-16T11:34:00Z,SEDENTARY,Fitbit App
2024-07-16T11:35:00Z,SEDENTARY,Fitbit App
2024-07-16T11:36:00Z,SEDENTARY,Fitbit App
2024-07-16T11:38:00Z,SEDENTARY,Fitbit App
2024-07-16T11:40:00Z,SEDENTARY,Fitbit App
2024-07-16T11:41:00Z,SEDENTARY,Fitbit App
2024-07-16T11:42:00Z,SEDENTARY,Fitbit App
2024-07-16T11:43:00Z,SEDENTARY,Fitbit App
2024-07-16T11:44:00Z,SEDENTARY,Fitbit App
2024-07-16T11:46:00Z,SEDENTARY,Fitbit App
2024-07-16T11:47:00Z,SEDENTARY,Fitbit App
2024-07-16T11:48:00Z,SEDENTARY,Fitbit App
2024-07-16T11:50:00Z,LIGHTLY_ACTIVE,Fitbit App
2024-07-16T11:51:00Z,SEDENTARY,Fitbit App
2024-07-16T11:52:00Z,SEDENTARY,Fitbit App
2024-07-16T11:53:00Z,SEDENTARY,Fitbit App
2024-07-16T11:54:00Z,SEDENTARY,Fitbit App
2024-07-16T11:55:00Z,SEDENTARY,Fitbit App
2024-07-16T11:58:00Z,SEDENTARY,Fitbit App
2024-07-16T11:59:00Z,SEDENTARY,Fitbit App
2024-07-16T12:00:00Z,SEDENTARY,Fitbit App
2024-07-16T12:01:00Z,SEDENTARY,Fitbit App
2024-07-16T12:02:00Z,SEDENTARY,Fitbit App
2024-07-16T12:03:00Z,SEDENTARY,Fitbit App
2024-07-16T12:04:00Z,SEDENTARY,Fitbit App
2024-07-16T12:05:00Z,SEDENTARY,Fitbit App
2024-07-16T12:06:00Z,SEDENTARY,Fitbit App
2024-07-16T12:07:00Z,SEDENTARY,Fitbit App
2024-07-16T12:08:00Z,SEDENTARY,Fitbit App
2024-07-16T12:09:00Z,SEDENTARY,Fitbit App
2024-07-16T12:10:00Z,SEDENTARY,Fitbit App
2024-07-16T12:11:00Z,SEDENTARY,Fitbit App
2024-07-16T12:12:00Z,SEDENTARY,Fitbit App
2024-07-16T12:13:00Z,SEDENTARY,Fitbit App
2024-07-16T12:14:00Z,SEDENTARY,Fitbit App
2024-07-16T12:15:00Z,SEDENTARY,Fitbit App
2024-07-16T12:17:00Z,SEDENTARY,Fitbit App
2024-07-16T12:22:00Z,SEDENTARY,Fitbit App
2024-07-16T12:23:00Z,SEDENTARY,Fitbit App
2024-07-16T12:24:00Z,SEDENTARY,Fitbit App
2024-07-16T12:25:00Z,SEDENTARY,Fitbit App
2024-07-16T12:26:00Z,SEDENTARY,Fitbit App
2024-07-16T12:27:00Z,SEDENTARY,Fitbit App
2024-07-16T12:28:00Z,SEDENTARY,Fitbit App
2024-07-16T12:29:00Z,SEDENTARY,Fitbit App
2024-07-16T12:30:00Z,SEDENTARY,Fitbit App
2024-07-16T12:31:00Z,SEDENTARY,Fitbit App
2024-07-16T12:32:00Z,SEDENTARY,Fitbit App
2024-07-16T12:37:00Z,SEDENTARY,Fitbit App
2024-07-16T12:38:00Z,LIGHTLY_ACTIVE,Fitbit App
2024-07-16T12:39:00Z,LIGHTLY_ACTIVE,Fitbit App
2024-07-16T12:40:00Z,SEDENTARY,Fitbit App
2024-07-16T12:41:00Z,SEDENTARY,Fitbit App
2024-07-16T12:42:00Z,SEDENTARY,Fitbit App
2024-07-16T12:46:00Z,SEDENTARY,Fitbit App
2024-07-16T12:47:00Z,SEDENTARY,Fitbit App
2024-07-16T12:50:00Z,SEDENTARY,Fitbit App
2024-07-16T12:51:00Z,SEDENTARY,Fitbit App
2024-07-16T12:53:00Z,SEDENTARY,Fitbit App
2024-07-16T12:54:00Z,SEDENTARY,Fitbit App
2024-07-16T12:55:00Z,SEDENTARY,Fitbit App
2024-07-16T12:56:00Z,SEDENTARY,Fitbit App
2024-07-16T12:57:00Z,SEDENTARY,Fitbit App
2024-07-16T12:58:00Z,SEDENTARY,Fitbit App
2024-07-16T12:59:00Z,SEDENTARY,Fitbit App
2024-07-16T13:00:00Z,SEDENTARY,Fitbit App
2024-07-16T13:01:00Z,LIGHTLY_ACTIVE,Fitbit App
2024-07-16T13:02:00Z,SEDENTARY,Fitbit App
2024-07-16T13:03:00Z,SEDENTARY,Fitbit App
2024-07-16T13:04:00Z,SEDENTARY,Fitbit App
2024-07-16T13:06:00Z,SEDENTARY,Fitbit App
2024-07-16T13:07:00Z,SEDENTARY,Fitbit App
2024-07-16T13:08:00Z,SEDENTARY,Fitbit App
2024-07-16T13:09:00Z,SEDENTARY,Fitbit App
2024-07-16T13:10:00Z,SEDENTARY,Fitbit App
2024-07-16T13:11:00Z,SEDENTARY,Fitbit App
2024-07-16T13:14:00Z,SEDENTARY,Fitbit App
2024-07-16T13:15:00Z,SEDENTARY,Fitbit App
2024-07-16T13:16:00Z,SEDENTARY,Fitbit App
2024-07-16T13:17:00Z,SEDENTARY,Fitbit App
2024-07-16T13:18:00Z,SEDENTARY,Fitbit App
2024-07-16T13:19:00Z,SEDENTARY,Fitbit App
2024-07-16T13:20:00Z,SEDENTARY,Fitbit App
2024-07-16T13:21:00Z,SEDENTARY,Fitbit App
2024-07-16T13:22:00Z,SEDENTARY,Fitbit App
2024-07-16T13:23:00Z,SEDENTARY,Fitbit App
2024-07-16T13:24:00Z,SEDENTARY,Fitbit App
2024-07-16T13:25:00Z,SEDENTARY,Fitbit App
2024-07-16T13:26:00Z,SEDENTARY,Fitbit App
2024-07-16T13:27:00Z,SEDENTARY,Fitbit App
2024-07-16T13:28:00Z,SEDENTARY,Fitbit App
2024-07-16T13:29:00Z,SEDENTARY,Fitbit App
2024-07-16T13:30:00Z,SEDENTARY,Fitbit App
2024-07-16T13:31:00Z,SEDENTARY,Fitbit App
2024-07-16T13:32:00Z,SEDENTARY,Fitbit App
2024-07-16T13:33:00Z,SEDENTARY,Fitbit App
2024-07-16T13:34:00Z,SEDENTARY,Fitbit App
2024-07-16T13:35:00Z,SEDENTARY,Fitbit App
2024-07-16T13:36:00Z,SEDENTARY,Fitbit App
2024-07-16T13:39:00Z,SEDENTARY,Fitbit App
2024-07-16T13:40:00Z,LIGHTLY_ACTIVE,Fitbit App
2024-07-16T13:41:00Z,SEDENTARY,Fitbit App
2024-07-16T13:42:00Z,SEDENTARY,Fitbit App
2024-07-16T13:43:00Z,SEDENTARY,Fitbit App
2024-07-16T13:44:00Z,SEDENTARY,Fitbit App
2024-07-16T13:45:00Z,SEDENTARY,Fitbit App
2024-07-16T13:46:00Z,SEDENTARY,Fitbit App
2024-07-16T13:47:00Z,SEDENTARY,Fitbit App
2024-07-16T13:48:00Z,SEDENTARY,Fitbit App
2024-07-16T13:50:00Z,SEDENTARY,Fitbit App
2024-07-16T13:51:00Z,SEDENTARY,Fitbit App
2024-07-16T13:52:00Z,LIGHTLY_ACTIVE,Fitbit App
2024-07-16T13:53:00Z,LIGHTLY_ACTIVE,Fitbit App
2024-07-16T14:02:00Z,LIGHTLY_ACTIVE,Fitbit App
2024-07-16T14:03:00Z,SEDENTARY,Fitbit App
2024-07-16T14:04:00Z,SEDENTARY,Fitbit App
2024-07-16T14:05:00Z,SEDENTARY,Fitbit App
2024-07-16T14:06:00Z,SEDENTARY,Fitbit App
2024-07-16T14:07:00Z,SEDENTARY,Fitbit App
2024-07-16T14:08:00Z,SEDENTARY,Fitbit App
2024-07-16T14:09:00Z,SEDENTARY,Fitbit App
2024-07-16T14:10:00Z,SEDENTARY,Fitbit App
2024-07-16T14:11:00Z,SEDENTARY,Fitbit App
2024-07-16T14:12:00Z,SEDENTARY,Fitbit App
2024-07-16T14:13:00Z,SEDENTARY,Fitbit App
2024-07-16T14:14:00Z,SEDENTARY,Fitbit App
2024-07-16T14:15:00Z,LIGHTLY_ACTIVE,Fitbit App
2024-07-16T14:16:00Z,SEDENTARY,Fitbit App
2024-07-16T14:17:00Z,SEDENTARY,Fitbit App
2024-07-16T14:18:00Z,SEDENTARY,Fitbit App
2024-07-16T14:19:00Z,SEDENTARY,Fitbit App
2024-07-16T14:20:00Z,SEDENTARY,Fitbit App
2024-07-16T14:21:00Z,SEDENTARY,Fitbit App
2024-07-16T14:22:00Z,SEDENTARY,Fitbit App
2024-07-16T14:23:00Z,SEDENTARY,Fitbit App
2024-07-16T14:24:00Z,SEDENTARY,Fitbit App
2024-07-16T14:25:00Z,SEDENTARY,Fitbit App
2024-07-16T14:26:00Z,SEDENTARY,Fitbit App
2024-07-16T14:27:00Z,SEDENTARY,Fitbit App
2024-07-16T14:28:00Z,SEDENTARY,Fitbit App
2024-07-16T14:29:00Z,SEDENTARY,Fitbit App
2024-07-16T14:30:00Z,LIGHTLY_ACTIVE,Fitbit App
2024-07-16T14:31:00Z,LIGHTLY_ACTIVE,Fitbit App
2024-07-16T14:32:00Z,SEDENTARY,Fitbit App
2024-07-16T14:33:00Z,SEDENTARY,Fitbit App
2024-07-16T14:34:00Z,SEDENTARY,Fitbit App
2024-07-16T14:35:00Z,SEDENTARY,Fitbit App
2024-07-16T14:36:00Z,SEDENTARY,Fitbit App
2024-07-16T14:37:00Z,SEDENTARY,Fitbit App
2024-07-16T14:38:00Z,SEDENTARY,Fitbit App
2024-07-16T14:39:00Z,SEDENTARY,Fitbit App
2024-07-16T14:40:00Z,SEDENTARY,Fitbit App
2024-07-16T14:44:00Z,LIGHTLY_ACTIVE,Fitbit App
2024-07-16T14:45:00Z,SEDENTARY,Fitbit App
2024-07-16T14:46:00Z,SEDENTARY,Fitbit App
2024-07-16T14:47:00Z,LIGHTLY_ACTIVE,Fitbit App
2024-07-16T14:48:00Z,SEDENTARY,Fitbit App
2024-07-16T14:49:00Z,SEDENTARY,Fitbit App
2024-07-16T14:52:00Z,SEDENTARY,Fitbit App
2024-07-16T14:53:00Z,SEDENTARY,Fitbit App
2024-07-16T14:54:00Z,SEDENTARY,Fitbit App
2024-07-16T14:55:00Z,SEDENTARY,Fitbit App
2024-07-16T14:57:00Z,SEDENTARY,Fitbit App
2024-07-16T14:59:00Z,SEDENTARY,Fitbit App
2024-07-16T15:00:00Z,SEDENTARY,Fitbit App
2024-07-16T15:01:00Z,SEDENTARY,Fitbit App
2024-07-16T15:02:00Z,SEDENTARY,Fitbit App
2024-07-16T15:03:00Z,SEDENTARY,Fitbit App
2024-07-16T15:04:00Z,SEDENTARY,Fitbit App
2024-07-16T15:05:00Z,SEDENTARY,Fitbit App
2024-07-16T15:06:00Z,SEDENTARY,Fitbit App
2024-07-16T15:07:00Z,SEDENTARY,Fitbit App
2024-07-16T15:09:00Z,SEDENTARY,Fitbit App
2024-07-16T15:10:00Z,LIGHTLY_ACTIVE,Fitbit App
2024-07-16T15:11:00Z,LIGHTLY_ACTIVE,Fitbit App
2024-07-16T15:12:00Z,LIGHTLY_ACTIVE,Fitbit App
2024-07-16T15:13:00Z,LIGHTLY_ACTIVE,Fitbit App
2024-07-16T15:14:00Z,LIGHTLY_ACTIVE,Fitbit App
2024-07-16T15:15:00Z,SEDENTARY,Fitbit App
2024-07-16T15:16:00Z,SEDENTARY,Fitbit App
2024-07-16T15:17:00Z,SEDENTARY,Fitbit App
2024-07-16T15:18:00Z,SEDENTARY,Fitbit App
2024-07-16T15:19:00Z,LIGHTLY_ACTIVE,Fitbit App
2024-07-16T15:20:00Z,SEDENTARY,Fitbit App
2024-07-16T15:21:00Z,SEDENTARY,Fitbit App
2024-07-16T15:22:00Z,LIGHTLY_ACTIVE,Fitbit App
2024-07-16T15:23:00Z,LIGHTLY_ACTIVE,Fitbit App
2024-07-16T15:24:00Z,MODERATELY_ACTIVE,Fitbit App
2024-07-16T15:25:00Z,VERY_ACTIVE,Fitbit App
2024-07-16T15:26:00Z,VERY_ACTIVE,Fitbit App
2024-07-16T15:27:00Z,VERY_ACTIVE,Fitbit App
2024-07-16T15:28:00Z,VERY_ACTIVE,Fitbit App
2024-07-16T15:29:00Z,VERY_ACTIVE,Fitbit App
2024-07-16T15:30:00Z,VERY_ACTIVE,Fitbit App
2024-07-16T15:31:00Z,VERY_ACTIVE,Fitbit App
2024-07-16T15:32:00Z,VERY_ACTIVE,Fitbit App
2024-07-16T15:33:00Z,VERY_ACTIVE,Fitbit App
2024-07-16T15:34:00Z,VERY_ACTIVE,Fitbit App
2024-07-16T15:35:00Z,VERY_ACTIVE,Fitbit App
2024-07-16T15:36:00Z,LIGHTLY_ACTIVE,Fitbit App
2024-07-16T15:37:00Z,SEDENTARY,Fitbit App
2024-07-16T15:38:00Z,LIGHTLY_ACTIVE,Fitbit App
2024-07-16T15:39:00Z,SEDENTARY,Fitbit App
2024-07-16T15:40:00Z,SEDENTARY,Fitbit App
2024-07-16T15:41:00Z,SEDENTARY,Fitbit App
2024-07-16T15:42:00Z,SEDENTARY,Fitbit App
2024-07-16T15:43:00Z,SEDENTARY,Fitbit App
2024-07-16T15:44:00Z,SEDENTARY,Fitbit App
2024-07-16T15:45:00Z,SEDENTARY,Fitbit App
2024-07-16T15:46:00Z,SEDENTARY,Fitbit App
2024-07-16T15:47:00Z,SEDENTARY,Fitbit App
2024-07-16T15:48:00Z,SEDENTARY,Fitbit App
2024-07-16T15:49:00Z,SEDENTARY,Fitbit App
2024-07-16T15:50:00Z,SEDENTARY,Fitbit App
2024-07-16T15:51:00Z,SEDENTARY,Fitbit App
2024-07-16T15:52:00Z,SEDENTARY,Fitbit App
2024-07-16T15:53:00Z,SEDENTARY,Fitbit App
2024-07-16T15:54:00Z,SEDENTARY,Fitbit App
2024-07-16T15:55:00Z,SEDENTARY,Fitbit App
2024-07-16T15:56:00Z,SEDENTARY,Fitbit App
2024-07-16T15:57:00Z,MODERATELY_ACTIVE,Fitbit App
2024-07-16T15:58:00Z,VERY_ACTIVE,Fitbit App
2024-07-16T15:59:00Z,MODERATELY_ACTIVE,Fitbit App
2024-07-16T16:00:00Z,MODERATELY_ACTIVE,Fitbit App
2024-07-16T16:01:00Z,MODERATELY_ACTIVE,Fitbit App
2024-07-16T16:02:00Z,SEDENTARY,Fitbit App
2024-07-16T16:03:00Z,LIGHTLY_ACTIVE,Fitbit App
2024-07-16T16:04:00Z,SEDENTARY,Fitbit App
2024-07-16T16:05:00Z,LIGHTLY_ACTIVE,Fitbit App
2024-07-16T16:06:00Z,VERY_ACTIVE,Fitbit App
2024-07-16T16:07:00Z,LIGHTLY_ACTIVE,Fitbit App
2024-07-16T16:08:00Z,VERY_ACTIVE,Fitbit App
2024-07-16T16:09:00Z,VERY_ACTIVE,Fitbit App
2024-07-16T16:10:00Z,MODERATELY_ACTIVE,Fitbit App
2024-07-16T16:11:00Z,SEDENTARY,Fitbit App
2024-07-16T16:12:00Z,SEDENTARY,Fitbit App
2024-07-16T16:13:00Z,SEDENTARY,Fitbit App
2024-07-16T16:14:00Z,SEDENTARY,Fitbit App
2024-07-16T16:15:00Z,SEDENTARY,Fitbit App
2024-07-16T16:16:00Z,SEDENTARY,Fitbit App
2024-07-16T16:17:00Z,SEDENTARY,Fitbit App
2024-07-16T16:18:00Z,SEDENTARY,Fitbit App
2024-07-16T16:19:00Z,SEDENTARY,Fitbit App
2024-07-16T16:20:00Z,SEDENTARY,Fitbit App
2024-07-16T16:21:00Z,LIGHTLY_ACTIVE,Fitbit App
2024-07-16T16:22:00Z,LIGHTLY_ACTIVE,Fitbit App
2024-07-16T16:23:00Z,VERY_ACTIVE,Fitbit App
2024-07-16T16:24:00Z,VERY_ACTIVE,Fitbit App
2024-07-16T16:25:00Z,VERY_ACTIVE,Fitbit App
2024-07-16T16:26:00Z,MODERATELY_ACTIVE,Fitbit App
2024-07-16T16:27:00Z,MODERATELY_ACTIVE,Fitbit App
2024-07-16T16:28:00Z,LIGHTLY_ACTIVE,Fitbit App
2024-07-16T16:29:00Z,SEDENTARY,Fitbit App
2024-07-16T16:30:00Z,SEDENTARY,Fitbit App
2024-07-16T16:31:00Z,MODERATELY_ACTIVE,Fitbit App
2024-07-16T16:32:00Z,MODERATELY_ACTIVE,Fitbit App
2024-07-16T16:33:00Z,SEDENTARY,Fitbit App
2024-07-16T16:34:00Z,SEDENTARY,Fitbit App
2024-07-16T16:35:00Z,SEDENTARY,Fitbit App
2024-07-16T16:36:00Z,SEDENTARY,Fitbit App
2024-07-16T16:37:00Z,SEDENTARY,Fitbit App
2024-07-16T16:38:00Z,SEDENTARY,Fitbit App
2024-07-16T16:39:00Z,SEDENTARY,Fitbit App
2024-07-16T16:40:00Z,SEDENTARY,Fitbit App
2024-07-16T16:41:00Z,SEDENTARY,Fitbit App
2024-07-16T16:42:00Z,SEDENTARY,Fitbit App
2024-07-16T16:43:00Z,SEDENTARY,Fitbit App
2024-07-16T16:44:00Z,SEDENTARY,Fitbit App
2024-07-16T16:45:00Z,SEDENTARY,Fitbit App
2024-07-16T16:46:00Z,SEDENTARY,Fitbit App
2024-07-16T16:47:00Z,SEDENTARY,Fitbit App
2024-07-16T16:48:00Z,LIGHTLY_ACTIVE,Fitbit App
2024-07-16T16:49:00Z,SEDENTARY,Fitbit App
2024-07-16T16:50:00Z,SEDENTARY,Fitbit App
2024-07-16T16:51:00Z,SEDENTARY,Fitbit App
2024-07-16T16:52:00Z,SEDENTARY,Fitbit App
2024-07-16T16:53:00Z,SEDENTARY,Fitbit App
2024-07-16T16:54:00Z,SEDENTARY,Fitbit App
2024-07-16T16:55:00Z,LIGHTLY_ACTIVE,Fitbit App
2024-07-16T16:56:00Z,SEDENTARY,Fitbit App
2024-07-16T16:57:00Z,SEDENTARY,Fitbit App
2024-07-16T16:58:00Z,SEDENTARY,Fitbit App
2024-07-16T16:59:00Z,SEDENTARY,Fitbit App
2024-07-16T17:00:00Z,SEDENTARY,Fitbit App
2024-07-16T17:01:00Z,SEDENTARY,Fitbit App
2024-07-16T17:02:00Z,SEDENTARY,Fitbit App
2024-07-16T17:03:00Z,SEDENTARY,Fitbit App
2024-07-16T17:04:00Z,SEDENTARY,Fitbit App
2024-07-16T17:05:00Z,SEDENTARY,Fitbit App
2024-07-16T17:06:00Z,LIGHTLY_ACTIVE,Fitbit App
2024-07-16T17:07:00Z,SEDENTARY,Fitbit App
2024-07-16T17:08:00Z,SEDENTARY,Fitbit App
2024-07-16T17:09:00Z,SEDENTARY,Fitbit App
2024-07-16T17:10:00Z,SEDENTARY,Fitbit App
2024-07-16T17:11:00Z,LIGHTLY_ACTIVE,Fitbit App
2024-07-16T17:12:00Z,LIGHTLY_ACTIVE,Fitbit App
2024-07-16T17:13:00Z,LIGHTLY_ACTIVE,Fitbit App
2024-07-16T17:14:00Z,SEDENTARY,Fitbit App
2024-07-16T17:15:00Z,SEDENTARY,Fitbit App
2024-07-16T17:16:00Z,SEDENTARY,Fitbit App
2024-07-16T17:17:00Z,SEDENTARY,Fitbit App
2024-07-16T17:18:00Z,SEDENTARY,Fitbit App
2024-07-16T17:19:00Z,SEDENTARY,Fitbit App
2024-07-16T17:20:00Z,SEDENTARY,Fitbit App
2024-07-16T17:21:00Z,SEDENTARY,Fitbit App
2024-07-16T17:22:00Z,SEDENTARY,Fitbit App
2024-07-16T17:23:00Z,SEDENTARY,Fitbit App
2024-07-16T17:24:00Z,SEDENTARY,Fitbit App
2024-07-16T17:25:00Z,SEDENTARY,Fitbit App
2024-07-16T17:26:00Z,SEDENTARY,Fitbit App
2024-07-16T17:27:00Z,SEDENTARY,Fitbit App
2024-07-16T17:28:00Z,LIGHTLY_ACTIVE,Fitbit App
2024-07-16T17:29:00Z,SEDENTARY,Fitbit App
2024-07-16T17:30:00Z,SEDENTARY,Fitbit App
2024-07-16T17:31:00Z,SEDENTARY,Fitbit App
2024-07-16T17:32:00Z,SEDENTARY,Fitbit App
2024-07-16T17:33:00Z,SEDENTARY,Fitbit App
2024-07-16T17:34:00Z,SEDENTARY,Fitbit App
2024-07-16T17:35:00Z,LIGHTLY_ACTIVE,Fitbit App
2024-07-16T17:36:00Z,LIGHTLY_ACTIVE,Fitbit App
2024-07-16T17:37:00Z,MODERATELY_ACTIVE,Fitbit App
2024-07-16T17:38:00Z,LIGHTLY_ACTIVE,Fitbit App
2024-07-16T17:39:00Z,MODERATELY_ACTIVE,Fitbit App
2024-07-16T17:40:00Z,SEDENTARY,Fitbit App
2024-07-16T17:41:00Z,LIGHTLY_ACTIVE,Fitbit App
2024-07-16T17:42:00Z,SEDENTARY,Fitbit App
2024-07-16T17:43:00Z,SEDENTARY,Fitbit App
2024-07-16T17:44:00Z,SEDENTARY,Fitbit App
2024-07-16T17:45:00Z,SEDENTARY,Fitbit App
2024-07-16T17:46:00Z,SEDENTARY,Fitbit App
2024-07-16T17:47:00Z,LIGHTLY_ACTIVE,Fitbit App
2024-07-16T17:48:00Z,LIGHTLY_ACTIVE,Fitbit App
2024-07-16T17:49:00Z,SEDENTARY,Fitbit App
2024-07-16T17:50:00Z,LIGHTLY_ACTIVE,Fitbit App
2024-07-16T17:51:00Z,SEDENTARY,Fitbit App
2024-07-16T17:52:00Z,SEDENTARY,Fitbit App
2024-07-16T17:53:00Z,LIGHTLY_ACTIVE,Fitbit App
2024-07-16T17:54:00Z,LIGHTLY_ACTIVE,Fitbit App
2024-07-16T17:55:00Z,LIGHTLY_ACTIVE,Fitbit App
2024-07-16T17:56:00Z,SEDENTARY,Fitbit App
2024-07-16T17:57:00Z,SEDENTARY,Fitbit App
2024-07-16T17:58:00Z,SEDENTARY,Fitbit App
2024-07-16T17:59:00Z,SEDENTARY,Fitbit App
2024-07-16T18:00:00Z,LIGHTLY_ACTIVE,Fitbit App
2024-07-16T18:01:00Z,SEDENTARY,Fitbit App
2024-07-16T18:02:00Z,SEDENTARY,Fitbit App
2024-07-16T18:03:00Z,SEDENTARY,Fitbit App
2024-07-16T18:04:00Z,SEDENTARY,Fitbit App
2024-07-16T18:05:00Z,SEDENTARY,Fitbit App
2024-07-16T18:06:00Z,SEDENTARY,Fitbit App
2024-07-16T18:07:00Z,SEDENTARY,Fitbit App
2024-07-16T18:08:00Z,SEDENTARY,Fitbit App
2024-07-16T18:09:00Z,SEDENTARY,Fitbit App
2024-07-16T18:10:00Z,SEDENTARY,Fitbit App
2024-07-16T18:11:00Z,LIGHTLY_ACTIVE,Fitbit App
2024-07-16T18:12:00Z,SEDENTARY,Fitbit App
2024-07-16T18:13:00Z,LIGHTLY_ACTIVE,Fitbit App
2024-07-16T18:14:00Z,VERY_ACTIVE,Fitbit App
2024-07-16T18:15:00Z,MODERATELY_ACTIVE,Fitbit App
2024-07-16T18:16:00Z,LIGHTLY_ACTIVE,Fitbit App
2024-07-16T18:17:00Z,LIGHTLY_ACTIVE,Fitbit App
2024-07-16T18:18:00Z,LIGHTLY_ACTIVE,Fitbit App
2024-07-16T18:19:00Z,LIGHTLY_ACTIVE,Fitbit App
2024-07-16T18:20:00Z,LIGHTLY_ACTIVE,Fitbit App
2024-07-16T18:21:00Z,LIGHTLY_ACTIVE,Fitbit App
2024-07-16T18:22:00Z,SEDENTARY,Fitbit App
2024-07-16T18:23:00Z,LIGHTLY_ACTIVE,Fitbit App
2024-07-16T18:24:00Z,SEDENTARY,Fitbit App
2024-07-16T18:25:00Z,SEDENTARY,Fitbit App
2024-07-16T18:26:00Z,LIGHTLY_ACTIVE,Fitbit App
2024-07-16T18:27:00Z,LIGHTLY_ACTIVE,Fitbit App
2024-07-16T18:28:00Z,SEDENTARY,Fitbit App
2024-07-16T18:29:00Z,SEDENTARY,Fitbit App
2024-07-16T18:30:00Z,LIGHTLY_ACTIVE,Fitbit App
2024-07-16T18:31:00Z,LIGHTLY_ACTIVE,Fitbit App
2024-07-16T18:32:00Z,LIGHTLY_ACTIVE,Fitbit App
2024-07-16T18:33:00Z,LIGHTLY_ACTIVE,Fitbit App
2024-07-16T18:34:00Z,MODERATELY_ACTIVE,Fitbit App
2024-07-16T18:35:00Z,LIGHTLY_ACTIVE,Fitbit App
2024-07-16T18:36:00Z,SEDENTARY,Fitbit App
2024-07-16T18:37:00Z,LIGHTLY_ACTIVE,Fitbit App
2024-07-16T18:38:00Z,SEDENTARY,Fitbit App
2024-07-16T18:39:00Z,SEDENTARY,Fitbit App
2024-07-16T18:40:00Z,SEDENTARY,Fitbit App
2024-07-16T18:41:00Z,SEDENTARY,Fitbit App
2024-07-16T18:42:00Z,SEDENTARY,Fitbit App
2024-07-16T18:43:00Z,SEDENTARY,Fitbit App
2024-07-16T18:44:00Z,SEDENTARY,Fitbit App
2024-07-16T18:45:00Z,SEDENTARY,Fitbit App
2024-07-16T18:46:00Z,SEDENTARY,Fitbit App
2024-07-16T18:47:00Z,SEDENTARY,Fitbit App
2024-07-16T18:48:00Z,SEDENTARY,Fitbit App
2024-07-16T18:49:00Z,SEDENTARY,Fitbit App
2024-07-16T18:50:00Z,SEDENTARY,Fitbit App
2024-07-16T18:51:00Z,SEDENTARY,Fitbit App
2024-07-16T18:52:00Z,SEDENTARY,Fitbit App
2024-07-16T18:53:00Z,SEDENTARY,Fitbit App
2024-07-16T18:54:00Z,SEDENTARY,Fitbit App
2024-07-16T18:55:00Z,SEDENTARY,Fitbit App
2024-07-16T18:56:00Z,SEDENTARY,Fitbit App
2024-07-16T18:57:00Z,SEDENTARY,Fitbit App
2024-07-16T18:58:00Z,SEDENTARY,Fitbit App
2024-07-16T18:59:00Z,SEDENTARY,Fitbit App
2024-07-16T19:00:00Z,SEDENTARY,Fitbit App
2024-07-16T19:01:00Z,SEDENTARY,Fitbit App
2024-07-16T19:02:00Z,SEDENTARY,Fitbit App
2024-07-16T19:03:00Z,SEDENTARY,Fitbit App
2024-07-16T19:04:00Z,SEDENTARY,Fitbit App
2024-07-16T19:05:00Z,SEDENTARY,Fitbit App
2024-07-16T19:06:00Z,SEDENTARY,Fitbit App
2024-07-16T19:07:00Z,SEDENTARY,Fitbit App
2024-07-16T19:08:00Z,SEDENTARY,Fitbit App
2024-07-16T19:09:00Z,MODERATELY_ACTIVE,Fitbit App
2024-07-16T19:10:00Z,MODERATELY_ACTIVE,Fitbit App
2024-07-16T19:11:00Z,LIGHTLY_ACTIVE,Fitbit App
2024-07-16T19:12:00Z,LIGHTLY_ACTIVE,Fitbit App
2024-07-16T19:13:00Z,LIGHTLY_ACTIVE,Fitbit App
2024-07-16T19:14:00Z,SEDENTARY,Fitbit App
2024-07-16T19:15:00Z,SEDENTARY,Fitbit App
2024-07-16T19:16:00Z,SEDENTARY,Fitbit App
2024-07-16T19:17:00Z,MODERATELY_ACTIVE,Fitbit App
2024-07-16T19:18:00Z,SEDENTARY,Fitbit App
2024-07-16T19:19:00Z,SEDENTARY,Fitbit App
2024-07-16T19:20:00Z,SEDENTARY,Fitbit App
2024-07-16T19:21:00Z,LIGHTLY_ACTIVE,Fitbit App
2024-07-16T19:22:00Z,LIGHTLY_ACTIVE,Fitbit App
2024-07-16T19:23:00Z,SEDENTARY,Fitbit App
2024-07-16T19:24:00Z,SEDENTARY,Fitbit App
2024-07-16T19:25:00Z,SEDENTARY,Fitbit App
2024-07-16T19:26:00Z,SEDENTARY,Fitbit App
2024-07-16T19:27:00Z,SEDENTARY,Fitbit App
2024-07-16T19:28:00Z,SEDENTARY,Fitbit App
2024-07-16T19:29:00Z,SEDENTARY,Fitbit App
2024-07-16T19:30:00Z,SEDENTARY,Fitbit App
2024-07-16T19:31:00Z,SEDENTARY,Fitbit App
2024-07-16T19:32:00Z,MODERATELY_ACTIVE,Fitbit App
2024-07-16T19:33:00Z,LIGHTLY_ACTIVE,Fitbit App
2024-07-16T19:34:00Z,LIGHTLY_ACTIVE,Fitbit App
2024-07-16T19:35:00Z,MODERATELY_ACTIVE,Fitbit App
2024-07-16T19:36:00Z,SEDENTARY,Fitbit App
2024-07-16T19:37:00Z,SEDENTARY,Fitbit App
2024-07-16T19:38:00Z,SEDENTARY,Fitbit App
2024-07-16T19:39:00Z,MODERATELY_ACTIVE,Fitbit App
2024-07-16T19:40:00Z,SEDENTARY,Fitbit App
2024-07-16T19:41:00Z,SEDENTARY,Fitbit App
2024-07-16T19:42:00Z,SEDENTARY,Fitbit App
2024-07-16T19:43:00Z,SEDENTARY,Fitbit App
2024-07-16T19:44:00Z,SEDENTARY,Fitbit App
2024-07-16T19:45:00Z,LIGHTLY_ACTIVE,Fitbit App
2024-07-16T19:46:00Z,SEDENTARY,Fitbit App
2024-07-16T19:47:00Z,SEDENTARY,Fitbit App
2024-07-16T19:48:00Z,SEDENTARY,Fitbit App
2024-07-16T19:49:00Z,SEDENTARY,Fitbit App
2024-07-16T19:50:00Z,SEDENTARY,Fitbit App
2024-07-16T19:51:00Z,SEDENTARY,Fitbit App
2024-07-16T19:52:00Z,SEDENTARY,Fitbit App
2024-07-16T19:53:00Z,SEDENTARY,Fitbit App
2024-07-16T19:54:00Z,SEDENTARY,Fitbit App
2024-07-16T19:55:00Z,SEDENTARY,Fitbit App
2024-07-16T19:56:00Z,SEDENTARY,Fitbit App
2024-07-16T19:57:00Z,SEDENTARY,Fitbit App
2024-07-16T19:58:00Z,SEDENTARY,Fitbit App
2024-07-16T19:59:00Z,SEDENTARY,Fitbit App
2024-07-16T20:00:00Z,SEDENTARY,Fitbit App
2024-07-16T20:01:00Z,SEDENTARY,Fitbit App
2024-07-16T20:04:00Z,SEDENTARY,Fitbit App
2024-07-16T20:05:00Z,SEDENTARY,Fitbit App
2024-07-16T20:06:00Z,SEDENTARY,Fitbit App
2024-07-16T20:07:00Z,SEDENTARY,Fitbit App
2024-07-16T20:08:00Z,SEDENTARY,Fitbit App
2024-07-16T20:09:00Z,SEDENTARY,Fitbit App
2024-07-16T20:10:00Z,SEDENTARY,Fitbit App
2024-07-16T20:11:00Z,SEDENTARY,Fitbit App
2024-07-16T20:12:00Z,SEDENTARY,Fitbit App
2024-07-16T20:13:00Z,SEDENTARY,Fitbit App
2024-07-16T20:14:00Z,SEDENTARY,Fitbit App
2024-07-16T20:15:00Z,SEDENTARY,Fitbit App
2024-07-16T20:16:00Z,SEDENTARY,Fitbit App
2024-07-16T20:17:00Z,MODERATELY_ACTIVE,Fitbit App
2024-07-16T20:18:00Z,MODERATELY_ACTIVE,Fitbit App
2024-07-16T20:19:00Z,LIGHTLY_ACTIVE,Fitbit App
2024-07-16T20:20:00Z,SEDENTARY,Fitbit App
2024-07-16T20:21:00Z,SEDENTARY,Fitbit App
2024-07-16T20:22:00Z,SEDENTARY,Fitbit App
2024-07-16T20:23:00Z,SEDENTARY,Fitbit App
2024-07-16T20:24:00Z,SEDENTARY,Fitbit App
2024-07-16T20:25:00Z,SEDENTARY,Fitbit App
2024-07-16T20:26:00Z,LIGHTLY_ACTIVE,Fitbit App
2024-07-16T20:27:00Z,LIGHTLY_ACTIVE,Fitbit App
2024-07-16T20:28:00Z,SEDENTARY,Fitbit App
2024-07-16T20:29:00Z,SEDENTARY,Fitbit App
2024-07-16T20:30:00Z,SEDENTARY,Fitbit App
2024-07-16T20:31:00Z,SEDENTARY,Fitbit App
2024-07-16T20:33:00Z,SEDENTARY,Fitbit App
2024-07-16T20:34:00Z,SEDENTARY,Fitbit App
2024-07-16T20:35:00Z,SEDENTARY,Fitbit App
2024-07-16T20:36:00Z,SEDENTARY,Fitbit App
2024-07-16T20:37:00Z,SEDENTARY,Fitbit App
2024-07-16T20:38:00Z,SEDENTARY,Fitbit App
2024-07-16T20:39:00Z,SEDENTARY,Fitbit App
2024-07-16T20:40:00Z,SEDENTARY,Fitbit App
2024-07-16T20:41:00Z,SEDENTARY,Fitbit App
2024-07-16T20:42:00Z,SEDENTARY,Fitbit App
2024-07-16T20:43:00Z,SEDENTARY,Fitbit App
2024-07-16T20:44:00Z,SEDENTARY,Fitbit App
2024-07-16T20:45:00Z,SEDENTARY,Fitbit App
2024-07-16T20:46:00Z,SEDENTARY,Fitbit App
2024-07-16T20:47:00Z,SEDENTARY,Fitbit App
2024-07-16T20:48:00Z,SEDENTARY,Fitbit App
2024-07-16T20:49:00Z,SEDENTARY,Fitbit App
2024-07-16T20:50:00Z,SEDENTARY,Fitbit App
2024-07-16T20:51:00Z,SEDENTARY,Fitbit App
2024-07-16T20:52:00Z,LIGHTLY_ACTIVE,Fitbit App
2024-07-16T20:53:00Z,LIGHTLY_ACTIVE,Fitbit App
2024-07-16T20:54:00Z,LIGHTLY_ACTIVE,Fitbit App
2024-07-16T20:55:00Z,SEDENTARY,Fitbit App
2024-07-16T20:56:00Z,LIGHTLY_ACTIVE,Fitbit App
2024-07-16T20:57:00Z,SEDENTARY,Fitbit App
2024-07-16T20:58:00Z,SEDENTARY,Fitbit App
2024-07-16T20:59:00Z,SEDENTARY,Fitbit App
2024-07-16T21:00:00Z,SEDENTARY,Fitbit App
2024-07-16T21:01:00Z,SEDENTARY,Fitbit App
2024-07-16T21:02:00Z,SEDENTARY,Fitbit App
2024-07-16T21:03:00Z,SEDENTARY,Fitbit App
2024-07-16T21:04:00Z,SEDENTARY,Fitbit App
2024-07-16T21:05:00Z,SEDENTARY,Fitbit App
2024-07-16T21:06:00Z,MODERATELY_ACTIVE,Fitbit App
2024-07-16T21:07:00Z,LIGHTLY_ACTIVE,Fitbit App
2024-07-16T21:08:00Z,LIGHTLY_ACTIVE,Fitbit App
2024-07-16T21:09:00Z,SEDENTARY,Fitbit App
2024-07-16T21:10:00Z,SEDENTARY,Fitbit App
2024-07-16T21:11:00Z,SEDENTARY,Fitbit App
2024-07-16T21:12:00Z,SEDENTARY,Fitbit App
2024-07-16T21:13:00Z,SEDENTARY,Fitbit App
2024-07-16T21:15:00Z,SEDENTARY,Fitbit App
2024-07-16T21:16:00Z,SEDENTARY,Fitbit App
2024-07-16T21:17:00Z,SEDENTARY,Fitbit App
2024-07-16T21:18:00Z,SEDENTARY,Fitbit App
2024-07-16T21:19:00Z,SEDENTARY,Fitbit App
2024-07-16T21:20:00Z,SEDENTARY,Fitbit App
2024-07-16T21:21:00Z,LIGHTLY_ACTIVE,Fitbit App
2024-07-16T21:22:00Z,LIGHTLY_ACTIVE,Fitbit App
2024-07-16T21:23:00Z,SEDENTARY,Fitbit App
2024-07-16T21:24:00Z,LIGHTLY_ACTIVE,Fitbit App
2024-07-16T21:25:00Z,SEDENTARY,Fitbit App
2024-07-16T21:26:00Z,SEDENTARY,Fitbit App
2024-07-16T21:27:00Z,SEDENTARY,Fitbit App
2024-07-16T21:28:00Z,SEDENTARY,Fitbit App
2024-07-16T21:29:00Z,SEDENTARY,Fitbit App
2024-07-16T21:30:00Z,SEDENTARY,Fitbit App
2024-07-16T21:31:00Z,SEDENTARY,Fitbit App
2024-07-16T21:32:00Z,LIGHTLY_ACTIVE,Fitbit App
2024-07-16T21:33:00Z,SEDENTARY,Fitbit App
2024-07-16T21:34:00Z,SEDENTARY,Fitbit App
2024-07-16T21:35:00Z,SEDENTARY,Fitbit App
2024-07-16T21:36:00Z,SEDENTARY,Fitbit App
2024-07-16T21:37:00Z,SEDENTARY,Fitbit App
2024-07-16T21:38:00Z,SEDENTARY,Fitbit App
2024-07-16T21:39:00Z,SEDENTARY,Fitbit App
2024-07-16T21:40:00Z,SEDENTARY,Fitbit App
2024-07-16T21:41:00Z,SEDENTARY,Fitbit App
2024-07-16T21:42:00Z,SEDENTARY,Fitbit App
2024-07-16T21:43:00Z,SEDENTARY,Fitbit App
2024-07-16T21:44:00Z,SEDENTARY,Fitbit App
2024-07-16T21:45:00Z,SEDENTARY,Fitbit App
2024-07-16T21:46:00Z,SEDENTARY,Fitbit App
2024-07-16T21:47:00Z,SEDENTARY,Fitbit App
2024-07-16T21:48:00Z,SEDENTARY,Fitbit App
2024-07-16T21:49:00Z,LIGHTLY_ACTIVE,Fitbit App
2024-07-16T21:50:00Z,LIGHTLY_ACTIVE,Fitbit App
2024-07-16T21:51:00Z,LIGHTLY_ACTIVE,Fitbit App
2024-07-16T21:52:00Z,SEDENTARY,Fitbit App
2024-07-16T21:53:00Z,SEDENTARY,Fitbit App
2024-07-16T21:54:00Z,SEDENTARY,Fitbit App
2024-07-16T21:55:00Z,MODERATELY_ACTIVE,Fitbit App
2024-07-16T21:56:00Z,VERY_ACTIVE,Fitbit App
2024-07-16T21:57:00Z,VERY_ACTIVE,Fitbit App
2024-07-16T21:58:00Z,VERY_ACTIVE,Fitbit App
2024-07-16T21:59:00Z,SEDENTARY,Fitbit App
2024-07-16T22:00:00Z,SEDENTARY,Fitbit App
2024-07-16T22:01:00Z,LIGHTLY_ACTIVE,Fitbit App
2024-07-16T22:02:00Z,SEDENTARY,Fitbit App
2024-07-16T22:03:00Z,SEDENTARY,Fitbit App
2024-07-16T22:04:00Z,SEDENTARY,Fitbit App
2024-07-16T22:05:00Z,SEDENTARY,Fitbit App
2024-07-16T22:06:00Z,SEDENTARY,Fitbit App
2024-07-16T22:07:00Z,SEDENTARY,Fitbit App
2024-07-16T22:08:00Z,SEDENTARY,Fitbit App
2024-07-16T22:09:00Z,SEDENTARY,Fitbit App
2024-07-16T22:10:00Z,SEDENTARY,Fitbit App
2024-07-16T22:11:00Z,SEDENTARY,Fitbit App
2024-07-16T22:12:00Z,SEDENTARY,Fitbit App
2024-07-16T22:13:00Z,SEDENTARY,Fitbit App
2024-07-16T22:14:00Z,SEDENTARY,Fitbit App
2024-07-16T22:15:00Z,SEDENTARY,Fitbit App
2024-07-16T22:16:00Z,SEDENTARY,Fitbit App
2024-07-16T22:17:00Z,SEDENTARY,Fitbit App
2024-07-16T22:18:00Z,SEDENTARY,Fitbit App
2024-07-16T22:19:00Z,LIGHTLY_ACTIVE,Fitbit App
2024-07-16T22:20:00Z,MODERATELY_ACTIVE,Fitbit App
2024-07-16T22:21:00Z,MODERATELY_ACTIVE,Fitbit App
2024-07-16T22:22:00Z,MODERATELY_ACTIVE,Fitbit App
2024-07-16T22:23:00Z,VERY_ACTIVE,Fitbit App
2024-07-16T22:24:00Z,MODERATELY_ACTIVE,Fitbit App
2024-07-16T22:25:00Z,SEDENTARY,Fitbit App
2024-07-16T22:26:00Z,SEDENTARY,Fitbit App
2024-07-16T22:27:00Z,SEDENTARY,Fitbit App
2024-07-16T22:28:00Z,SEDENTARY,Fitbit App
2024-07-16T22:29:00Z,SEDENTARY,Fitbit App
2024-07-16T22:32:00Z,SEDENTARY,Fitbit App
2024-07-16T22:34:00Z,SEDENTARY,Fitbit App
2024-07-16T22:35:00Z,SEDENTARY,Fitbit App
2024-07-16T22:36:00Z,SEDENTARY,Fitbit App
2024-07-16T22:38:00Z,SEDENTARY,Fitbit App
2024-07-16T22:39:00Z,LIGHTLY_ACTIVE,Fitbit App
2024-07-16T22:40:00Z,SEDENTARY,Fitbit App
2024-07-16T22:41:00Z,MODERATELY_ACTIVE,Fitbit App
2024-07-16T22:42:00Z,SEDENTARY,Fitbit App
2024-07-16T22:43:00Z,SEDENTARY,Fitbit App
2024-07-16T22:44:00Z,SEDENTARY,Fitbit App
2024-07-16T22:45:00Z,MODERATELY_ACTIVE,Fitbit App
2024-07-16T22:46:00Z,MODERATELY_ACTIVE,Fitbit App
2024-07-16T22:47:00Z,VERY_ACTIVE,Fitbit App
2024-07-16T22:48:00Z,VERY_ACTIVE,Fitbit App
2024-07-16T22:49:00Z,VERY_ACTIVE,Fitbit App
2024-07-16T22:50:00Z,VERY_ACTIVE,Fitbit App
2024-07-16T22:51:00Z,VERY_ACTIVE,Fitbit App
2024-07-16T22:52:00Z,VERY_ACTIVE,Fitbit App
2024-07-16T22:53:00Z,VERY_ACTIVE,Fitbit App
2024-07-16T22:54:00Z,VERY_ACTIVE,Fitbit App
2024-07-16T22:55:00Z,VERY_ACTIVE,Fitbit App
2024-07-16T22:56:00Z,VERY_ACTIVE,Fitbit App
2024-07-16T22:57:00Z,VERY_ACTIVE,Fitbit App
2024-07-16T22:58:00Z,VERY_ACTIVE,Fitbit App
2024-07-16T22:59:00Z,VERY_ACTIVE,Fitbit App
2024-07-16T23:00:00Z,VERY_ACTIVE,Fitbit App
2024-07-16T23:01:00Z,VERY_ACTIVE,Fitbit App
2024-07-16T23:02:00Z,VERY_ACTIVE,Fitbit App
2024-07-16T23:03:00Z,MODERATELY_ACTIVE,Fitbit App
2024-07-16T23:04:00Z,SEDENTARY,Fitbit App
2024-07-16T23:05:00Z,SEDENTARY,Fitbit App
2024-07-16T23:06:00Z,SEDENTARY,Fitbit App
2024-07-16T23:07:00Z,SEDENTARY,Fitbit App
2024-07-16T23:08:00Z,SEDENTARY,Fitbit App
2024-07-16T23:09:00Z,SEDENTARY,Fitbit App
2024-07-16T23:10:00Z,SEDENTARY,Fitbit App
2024-07-16T23:11:00Z,SEDENTARY,Fitbit App
2024-07-16T23:12:00Z,SEDENTARY,Fitbit App
2024-07-16T23:13:00Z,SEDENTARY,Fitbit App
2024-07-16T23:14:00Z,SEDENTARY,Fitbit App
2024-07-16T23:15:00Z,SEDENTARY,Fitbit App
2024-07-16T23:16:00Z,SEDENTARY,Fitbit App
2024-07-16T23:17:00Z,SEDENTARY,Fitbit App
2024-07-16T23:18:00Z,SEDENTARY,Fitbit App
2024-07-16T23:19:00Z,SEDENTARY,Fitbit App
2024-07-16T23:20:00Z,SEDENTARY,Fitbit App
2024-07-16T23:21:00Z,SEDENTARY,Fitbit App
2024-07-16T23:22:00Z,SEDENTARY,Fitbit App
2024-07-16T23:24:00Z,SEDENTARY,Fitbit App
2024-07-16T23:25:00Z,SEDENTARY,Fitbit App
2024-07-16T23:26:00Z,SEDENTARY,Fitbit App
2024-07-16T23:27:00Z,SEDENTARY,Fitbit App
2024-07-16T23:28:00Z,SEDENTARY,Fitbit App
2024-07-16T23:30:00Z,SEDENTARY,Fitbit App
2024-07-16T23:31:00Z,SEDENTARY,Fitbit App
2024-07-16T23:32:00Z,SEDENTARY,Fitbit App
2024-07-16T23:33:00Z,SEDENTARY,Fitbit App
2024-07-16T23:34:00Z,SEDENTARY,Fitbit App
2024-07-16T23:35:00Z,SEDENTARY,Fitbit App
2024-07-16T23:36:00Z,SEDENTARY,Fitbit App
2024-07-16T23:37:00Z,SEDENTARY,Fitbit App
2024-07-16T23:38:00Z,SEDENTARY,Fitbit App
2024-07-16T23:39:00Z,LIGHTLY_ACTIVE,Fitbit App
2024-07-16T23:40:00Z,SEDENTARY,Fitbit App
2024-07-16T23:41:00Z,SEDENTARY,Fitbit App
2024-07-16T23:42:00Z,SEDENTARY,Fitbit App
2024-07-16T23:43:00Z,SEDENTARY,Fitbit App
2024-07-16T23:44:00Z,SEDENTARY,Fitbit App
2024-07-16T23:45:00Z,SEDENTARY,Fitbit App
2024-07-16T23:46:00Z,LIGHTLY_ACTIVE,Fitbit App
2024-07-16T23:47:00Z,LIGHTLY_ACTIVE,Fitbit App
2024-07-16T23:48:00Z,SEDENTARY,Fitbit App
2024-07-16T23:49:00Z,SEDENTARY,Fitbit App
2024-07-16T23:56:00Z,SEDENTARY,Fitbit App
2024-07-16T23:58:00Z,SEDENTARY,Fitbit App
2024-07-16T23:59:00Z,SEDENTARY,Fitbit App
2024-07-17T00:57:00Z,SEDENTARY,Fitbit App
2024-07-17T00:58:00Z,SEDENTARY,Fitbit App
2024-07-17T01:14:00Z,SEDENTARY,Fitbit App
2024-07-17T01:22:00Z,SEDENTARY,Fitbit App
2024-07-17T01:24:00Z,SEDENTARY,Fitbit App
2024-07-17T01:25:00Z,SEDENTARY,Fitbit App
2024-07-17T01:35:00Z,SEDENTARY,Fitbit App
2024-07-17T01:41:00Z,SEDENTARY,Fitbit App
2024-07-17T02:24:00Z,SEDENTARY,Fitbit App
2024-07-17T02:25:00Z,SEDENTARY,Fitbit App
2024-07-17T02:37:00Z,SEDENTARY,Fitbit App
2024-07-17T02:47:00Z,SEDENTARY,Fitbit App
2024-07-17T02:48:00Z,SEDENTARY,Fitbit App
2024-07-17T03:02:00Z,SEDENTARY,Fitbit App
2024-07-17T04:20:00Z,SEDENTARY,Fitbit App
2024-07-17T04:21:00Z,SEDENTARY,Fitbit App
2024-07-17T04:26:00Z,SEDENTARY,Fitbit App
2024-07-17T04:27:00Z,SEDENTARY,Fitbit App
2024-07-17T04:28:00Z,SEDENTARY,Fitbit App
2024-07-17T05:49:00Z,SEDENTARY,Fitbit App
2024-07-17T05:50:00Z,SEDENTARY,Fitbit App
2024-07-17T06:03:00Z,SEDENTARY,Fitbit App
2024-07-17T06:12:00Z,LIGHTLY_ACTIVE,Fitbit App
2024-07-17T06:13:00Z,LIGHTLY_ACTIVE,Fitbit App
2024-07-17T06:39:00Z,SEDENTARY,Fitbit App
2024-07-17T06:54:00Z,SEDENTARY,Fitbit App
2024-07-17T06:56:00Z,SEDENTARY,Fitbit App
2024-07-17T07:10:00Z,SEDENTARY,Fitbit App
2024-07-17T07:33:00Z,SEDENTARY,Fitbit App
2024-07-17T07:35:00Z,SEDENTARY,Fitbit App
2024-07-17T07:58:00Z,SEDENTARY,Fitbit App
2024-07-17T08:08:00Z,SEDENTARY,Fitbit App
2024-07-17T08:17:00Z,SEDENTARY,Fitbit App
2024-07-17T08:26:00Z,SEDENTARY,Fitbit App
2024-07-17T08:28:00Z,SEDENTARY,Fitbit App
2024-07-17T08:29:00Z,SEDENTARY,Fitbit App
2024-07-17T08:30:00Z,LIGHTLY_ACTIVE,Fitbit App
2024-07-17T08:31:00Z,SEDENTARY,Fitbit App
2024-07-17T08:33:00Z,SEDENTARY,Fitbit App
2024-07-17T08:34:00Z,SEDENTARY,Fitbit App
2024-07-17T08:36:00Z,SEDENTARY,Fitbit App
2024-07-17T08:37:00Z,SEDENTARY,Fitbit App
2024-07-17T08:38:00Z,SEDENTARY,Fitbit App
2024-07-17T08:39:00Z,SEDENTARY,Fitbit App
2024-07-17T08:40:00Z,SEDENTARY,Fitbit App
2024-07-17T08:41:00Z,SEDENTARY,Fitbit App
2024-07-17T08:42:00Z,SEDENTARY,Fitbit App
2024-07-17T08:43:00Z,LIGHTLY_ACTIVE,Fitbit App
2024-07-17T08:44:00Z,LIGHTLY_ACTIVE,Fitbit App
2024-07-17T08:45:00Z,LIGHTLY_ACTIVE,Fitbit App
2024-07-17T08:46:00Z,SEDENTARY,Fitbit App
2024-07-17T08:47:00Z,SEDENTARY,Fitbit App
2024-07-17T08:55:00Z,SEDENTARY,Fitbit App
2024-07-17T08:59:00Z,SEDENTARY,Fitbit App
2024-07-17T09:01:00Z,SEDENTARY,Fitbit App
2024-07-17T09:06:00Z,SEDENTARY,Fitbit App
2024-07-17T09:10:00Z,SEDENTARY,Fitbit App
2024-07-17T09:11:00Z,SEDENTARY,Fitbit App
2024-07-17T09:12:00Z,SEDENTARY,Fitbit App
2024-07-17T09:13:00Z,LIGHTLY_ACTIVE,Fitbit App
2024-07-17T09:14:00Z,SEDENTARY,Fitbit App
2024-07-17T09:18:00Z,SEDENTARY,Fitbit App
2024-07-17T09:20:00Z,SEDENTARY,Fitbit App
2024-07-17T09:21:00Z,SEDENTARY,Fitbit App
2024-07-17T09:22:00Z,SEDENTARY,Fitbit App
2024-07-17T09:24:00Z,SEDENTARY,Fitbit App
2024-07-17T09:25:00Z,SEDENTARY,Fitbit App
2024-07-17T09:26:00Z,SEDENTARY,Fitbit App
2024-07-17T09:27:00Z,SEDENTARY,Fitbit App
2024-07-17T09:28:00Z,SEDENTARY,Fitbit App
2024-07-17T09:33:00Z,SEDENTARY,Fitbit App
2024-07-17T09:34:00Z,SEDENTARY,Fitbit App
2024-07-17T09:38:00Z,SEDENTARY,Fitbit App
2024-07-17T09:39:00Z,SEDENTARY,Fitbit App
2024-07-17T09:41:00Z,SEDENTARY,Fitbit App
2024-07-17T09:42:00Z,SEDENTARY,Fitbit App
2024-07-17T09:45:00Z,SEDENTARY,Fitbit App
2024-07-17T09:46:00Z,LIGHTLY_ACTIVE,Fitbit App
2024-07-17T09:47:00Z,SEDENTARY,Fitbit App
2024-07-17T09:48:00Z,LIGHTLY_ACTIVE,Fitbit App
2024-07-17T09:49:00Z,LIGHTLY_ACTIVE,Fitbit App
2024-07-17T09:50:00Z,LIGHTLY_ACTIVE,Fitbit App
2024-07-17T09:51:00Z,SEDENTARY,Fitbit App
2024-07-17T09:52:00Z,LIGHTLY_ACTIVE,Fitbit App
2024-07-17T09:53:00Z,SEDENTARY,Fitbit App
2024-07-17T09:54:00Z,SEDENTARY,Fitbit App
2024-07-17T09:55:00Z,SEDENTARY,Fitbit App
2024-07-17T09:56:00Z,SEDENTARY,Fitbit App
2024-07-17T10:00:00Z,SEDENTARY,Fitbit App
2024-07-17T10:01:00Z,LIGHTLY_ACTIVE,Fitbit App
2024-07-17T10:02:00Z,LIGHTLY_ACTIVE,Fitbit App
2024-07-17T10:03:00Z,LIGHTLY_ACTIVE,Fitbit App
2024-07-17T10:04:00Z,SEDENTARY,Fitbit App
2024-07-17T10:05:00Z,SEDENTARY,Fitbit App
2024-07-17T10:15:00Z,SEDENTARY,Fitbit App
2024-07-17T10:16:00Z,SEDENTARY,Fitbit App
2024-07-17T10:19:00Z,SEDENTARY,Fitbit App
2024-07-17T10:23:00Z,SEDENTARY,Fitbit App
2024-07-17T10:26:00Z,SEDENTARY,Fitbit App
2024-07-17T10:27:00Z,SEDENTARY,Fitbit App
2024-07-17T10:28:00Z,SEDENTARY,Fitbit App
2024-07-17T10:29:00Z,LIGHTLY_ACTIVE,Fitbit App
2024-07-17T10:30:00Z,LIGHTLY_ACTIVE,Fitbit App
2024-07-17T10:34:00Z,SEDENTARY,Fitbit App
2024-07-17T10:38:00Z,SEDENTARY,Fitbit App
2024-07-17T10:41:00Z,SEDENTARY,Fitbit App
2024-07-17T10:43:00Z,SEDENTARY,Fitbit App
2024-07-17T10:53:00Z,SEDENTARY,Fitbit App
2024-07-17T10:57:00Z,LIGHTLY_ACTIVE,Fitbit App
2024-07-17T10:58:00Z,SEDENTARY,Fitbit App
2024-07-17T10:59:00Z,SEDENTARY,Fitbit App
2024-07-17T11:00:00Z,LIGHTLY_ACTIVE,Fitbit App
2024-07-17T11:01:00Z,SEDENTARY,Fitbit App
2024-07-17T11:02:00Z,SEDENTARY,Fitbit App
2024-07-17T11:03:00Z,SEDENTARY,Fitbit App
2024-07-17T11:04:00Z,SEDENTARY,Fitbit App
2024-07-17T11:05:00Z,SEDENTARY,Fitbit App
2024-07-17T11:06:00Z,SEDENTARY,Fitbit App
2024-07-17T11:07:00Z,SEDENTARY,Fitbit App
2024-07-17T11:08:00Z,SEDENTARY,Fitbit App
2024-07-17T11:09:00Z,SEDENTARY,Fitbit App
2024-07-17T11:10:00Z,LIGHTLY_ACTIVE,Fitbit App
2024-07-17T11:11:00Z,SEDENTARY,Fitbit App
2024-07-17T11:12:00Z,SEDENTARY,Fitbit App
2024-07-17T11:13:00Z,SEDENTARY,Fitbit App
2024-07-17T11:14:00Z,LIGHTLY_ACTIVE,Fitbit App
2024-07-17T11:15:00Z,LIGHTLY_ACTIVE,Fitbit App
2024-07-17T11:16:00Z,LIGHTLY_ACTIVE,Fitbit App
2024-07-17T11:17:00Z,SEDENTARY,Fitbit App
2024-07-17T11:19:00Z,SEDENTARY,Fitbit App
2024-07-17T11:20:00Z,SEDENTARY,Fitbit App
2024-07-17T11:21:00Z,SEDENTARY,Fitbit App
2024-07-17T11:22:00Z,SEDENTARY,Fitbit App
2024-07-17T11:23:00Z,SEDENTARY,Fitbit App
2024-07-17T11:24:00Z,SEDENTARY,Fitbit App
2024-07-17T11:25:00Z,SEDENTARY,Fitbit App
2024-07-17T11:26:00Z,SEDENTARY,Fitbit App
2024-07-17T11:27:00Z,SEDENTARY,Fitbit App
2024-07-17T11:28:00Z,SEDENTARY,Fitbit App
2024-07-17T11:29:00Z,SEDENTARY,Fitbit App
2024-07-17T11:30:00Z,SEDENTARY,Fitbit App
2024-07-17T11:31:00Z,SEDENTARY,Fitbit App
2024-07-17T11:32:00Z,SEDENTARY,Fitbit App
2024-07-17T11:33:00Z,SEDENTARY,Fitbit App
2024-07-17T11:34:00Z,SEDENTARY,Fitbit App
2024-07-17T11:35:00Z,SEDENTARY,Fitbit App
2024-07-17T11:36:00Z,SEDENTARY,Fitbit App
2024-07-17T11:37:00Z,SEDENTARY,Fitbit App
2024-07-17T11:38:00Z,SEDENTARY,Fitbit App
2024-07-17T11:39:00Z,SEDENTARY,Fitbit App
2024-07-17T11:40:00Z,SEDENTARY,Fitbit App
2024-07-17T11:42:00Z,SEDENTARY,Fitbit App
2024-07-17T11:43:00Z,SEDENTARY,Fitbit App
2024-07-17T11:45:00Z,SEDENTARY,Fitbit App
2024-07-17T11:47:00Z,SEDENTARY,Fitbit App
2024-07-17T11:48:00Z,SEDENTARY,Fitbit App
2024-07-17T11:49:00Z,LIGHTLY_ACTIVE,Fitbit App
2024-07-17T11:50:00Z,SEDENTARY,Fitbit App
2024-07-17T11:52:00Z,SEDENTARY,Fitbit App
2024-07-17T11:53:00Z,SEDENTARY,Fitbit App
2024-07-17T11:54:00Z,SEDENTARY,Fitbit App
2024-07-17T11:55:00Z,SEDENTARY,Fitbit App
2024-07-17T11:56:00Z,SEDENTARY,Fitbit App
2024-07-17T11:57:00Z,LIGHTLY_ACTIVE,Fitbit App
2024-07-17T11:58:00Z,SEDENTARY,Fitbit App
2024-07-17T11:59:00Z,SEDENTARY,Fitbit App
2024-07-17T12:00:00Z,SEDENTARY,Fitbit App
2024-07-17T12:01:00Z,SEDENTARY,Fitbit App
2024-07-17T12:02:00Z,SEDENTARY,Fitbit App
2024-07-17T12:05:00Z,SEDENTARY,Fitbit App
2024-07-17T12:06:00Z,LIGHTLY_ACTIVE,Fitbit App
2024-07-17T12:07:00Z,SEDENTARY,Fitbit App
2024-07-17T12:08:00Z,SEDENTARY,Fitbit App
2024-07-17T12:09:00Z,SEDENTARY,Fitbit App
2024-07-17T15:01:00Z,LIGHTLY_ACTIVE,Fitbit App
2024-07-17T15:02:00Z,LIGHTLY_ACTIVE,Fitbit App
2024-07-17T15:03:00Z,LIGHTLY_ACTIVE,Fitbit App
2024-07-17T15:06:00Z,LIGHTLY_ACTIVE,Fitbit App
2024-07-17T15:07:00Z,LIGHTLY_ACTIVE,Fitbit App
2024-07-17T15:09:00Z,LIGHTLY_ACTIVE,Fitbit App
2024-07-17T15:10:00Z,LIGHTLY_ACTIVE,Fitbit App
2024-07-17T15:25:00Z,LIGHTLY_ACTIVE,Fitbit App
2024-07-17T15:26:00Z,LIGHTLY_ACTIVE,Fitbit App
2024-07-17T15:27:00Z,LIGHTLY_ACTIVE,Fitbit App
2024-07-17T15:29:00Z,LIGHTLY_ACTIVE,Fitbit App
2024-07-17T15:30:00Z,LIGHTLY_ACTIVE,Fitbit App
2024-07-17T15:34:00Z,LIGHTLY_ACTIVE,Fitbit App
2024-07-17T15:35:00Z,LIGHTLY_ACTIVE,Fitbit App
2024-07-17T15:36:00Z,LIGHTLY_ACTIVE,Fitbit App
2024-07-17T15:44:00Z,LIGHTLY_ACTIVE,Fitbit App
2024-07-17T15:45:00Z,LIGHTLY_ACTIVE,Fitbit App
2024-07-17T15:52:00Z,LIGHTLY_ACTIVE,Fitbit App
2024-07-17T15:53:00Z,LIGHTLY_ACTIVE,Fitbit App
2024-07-17T15:54:00Z,LIGHTLY_ACTIVE,Fitbit App
2024-07-17T15:56:00Z,LIGHTLY_ACTIVE,Fitbit App
2024-07-17T15:57:00Z,LIGHTLY_ACTIVE,Fitbit App
2024-07-17T15:58:00Z,LIGHTLY_ACTIVE,Fitbit App
2024-07-17T15:59:00Z,MODERATELY_ACTIVE,Fitbit App
2024-07-17T16:00:00Z,LIGHTLY_ACTIVE,Fitbit App
2024-07-17T16:01:00Z,LIGHTLY_ACTIVE,Fitbit App
2024-07-17T16:04:00Z,LIGHTLY_ACTIVE,Fitbit App
2024-07-17T16:05:00Z,MODERATELY_ACTIVE,Fitbit App
2024-07-17T16:06:00Z,LIGHTLY_ACTIVE,Fitbit App
2024-07-17T16:08:00Z,LIGHTLY_ACTIVE,Fitbit App
2024-07-17T16:09:00Z,LIGHTLY_ACTIVE,Fitbit App
2024-07-17T16:10:00Z,LIGHTLY_ACTIVE,Fitbit App
2024-07-17T16:11:00Z,LIGHTLY_ACTIVE,Fitbit App
2024-07-17T16:13:00Z,SEDENTARY,Fitbit App
2024-07-17T16:14:00Z,LIGHTLY_ACTIVE,Fitbit App
2024-07-17T16:15:00Z,LIGHTLY_ACTIVE,Fitbit App
2024-07-17T16:16:00Z,MODERATELY_ACTIVE,Fitbit App
2024-07-17T16:17:00Z,LIGHTLY_ACTIVE,Fitbit App
2024-07-17T16:18:00Z,LIGHTLY_ACTIVE,Fitbit App
2024-07-17T16:19:00Z,LIGHTLY_ACTIVE,Fitbit App
2024-07-17T16:20:00Z,LIGHTLY_ACTIVE,Fitbit App
2024-07-17T16:24:00Z,LIGHTLY_ACTIVE,Fitbit App
2024-07-17T16:25:00Z,LIGHTLY_ACTIVE,Fitbit App
2024-07-17T16:26:00Z,LIGHTLY_ACTIVE,Fitbit App
2024-07-17T16:27:00Z,LIGHTLY_ACTIVE,Fitbit App
2024-07-17T16:28:00Z,LIGHTLY_ACTIVE,Fitbit App
2024-07-17T16:29:00Z,LIGHTLY_ACTIVE,Fitbit App
2024-07-17T16:30:00Z,VERY_ACTIVE,Fitbit App
2024-07-17T16:31:00Z,VERY_ACTIVE,Fitbit App
2024-07-17T16:32:00Z,MODERATELY_ACTIVE,Fitbit App
2024-07-17T16:33:00Z,VERY_ACTIVE,Fitbit App
2024-07-17T16:34:00Z,VERY_ACTIVE,Fitbit App
2024-07-17T16:35:00Z,VERY_ACTIVE,Fitbit App
2024-07-17T16:36:00Z,MODERATELY_ACTIVE,Fitbit App
2024-07-17T16:37:00Z,VERY_ACTIVE,Fitbit App
2024-07-17T16:38:00Z,MODERATELY_ACTIVE,Fitbit App
2024-07-17T16:39:00Z,LIGHTLY_ACTIVE,Fitbit App
2024-07-17T16:40:00Z,LIGHTLY_ACTIVE,Fitbit App
2024-07-17T16:41:00Z,MODERATELY_ACTIVE,Fitbit App
2024-07-17T16:42:00Z,LIGHTLY_ACTIVE,Fitbit App
2024-07-17T16:43:00Z,LIGHTLY_ACTIVE,Fitbit App
2024-07-17T16:45:00Z,SEDENTARY,Fitbit App
2024-07-17T16:46:00Z,LIGHTLY_ACTIVE,Fitbit App
2024-07-17T16:47:00Z,VERY_ACTIVE,Fitbit App
2024-07-17T16:48:00Z,VERY_ACTIVE,Fitbit App
2024-07-17T16:49:00Z,MODERATELY_ACTIVE,Fitbit App
2024-07-17T16:50:00Z,VERY_ACTIVE,Fitbit App
2024-07-17T16:51:00Z,MODERATELY_ACTIVE,Fitbit App
2024-07-17T16:52:00Z,MODERATELY_ACTIVE,Fitbit App
2024-07-17T16:53:00Z,VERY_ACTIVE,Fitbit App
2024-07-17T16:54:00Z,VERY_ACTIVE,Fitbit App
2024-07-17T16:55:00Z,VERY_ACTIVE,Fitbit App
2024-07-17T16:56:00Z,VERY_ACTIVE,Fitbit App
2024-07-17T16:57:00Z,MODERATELY_ACTIVE,Fitbit App
2024-07-17T16:58:00Z,MODERATELY_ACTIVE,Fitbit App
2024-07-17T16:59:00Z,VERY_ACTIVE,Fitbit App
2024-07-17T17:00:00Z,MODERATELY_ACTIVE,Fitbit App
2024-07-17T17:01:00Z,MODERATELY_ACTIVE,Fitbit App
2024-07-17T17:02:00Z,MODERATELY_ACTIVE,Fitbit App
2024-07-17T17:03:00Z,LIGHTLY_ACTIVE,Fitbit App
2024-07-17T17:04:00Z,LIGHTLY_ACTIVE,Fitbit App
2024-07-17T17:05:00Z,LIGHTLY_ACTIVE,Fitbit App
2024-07-17T17:06:00Z,MODERATELY_ACTIVE,Fitbit App
2024-07-17T17:07:00Z,LIGHTLY_ACTIVE,Fitbit App
2024-07-17T17:09:00Z,LIGHTLY_ACTIVE,Fitbit App
2024-07-17T17:10:00Z,LIGHTLY_ACTIVE,Fitbit App
2024-07-17T17:11:00Z,LIGHTLY_ACTIVE,Fitbit App
2024-07-17T17:12:00Z,MODERATELY_ACTIVE,Fitbit App
2024-07-17T17:13:00Z,MODERATELY_ACTIVE,Fitbit App
2024-07-17T17:14:00Z,VERY_ACTIVE,Fitbit App
2024-07-17T17:15:00Z,VERY_ACTIVE,Fitbit App
2024-07-17T17:16:00Z,VERY_ACTIVE,Fitbit App
2024-07-17T17:17:00Z,VERY_ACTIVE,Fitbit App
2024-07-17T17:18:00Z,VERY_ACTIVE,Fitbit App
2024-07-17T17:19:00Z,MODERATELY_ACTIVE,Fitbit App
2024-07-17T17:20:00Z,LIGHTLY_ACTIVE,Fitbit App
2024-07-17T17:23:00Z,LIGHTLY_ACTIVE,Fitbit App
2024-07-17T17:24:00Z,LIGHTLY_ACTIVE,Fitbit App
2024-07-17T17:25:00Z,MODERATELY_ACTIVE,Fitbit App
2024-07-17T17:26:00Z,LIGHTLY_ACTIVE,Fitbit App
2024-07-17T17:27:00Z,LIGHTLY_ACTIVE,Fitbit App
2024-07-17T17:28:00Z,LIGHTLY_ACTIVE,Fitbit App
2024-07-17T17:29:00Z,LIGHTLY_ACTIVE,Fitbit App
2024-07-17T17:30:00Z,MODERATELY_ACTIVE,Fitbit App
2024-07-17T17:31:00Z,LIGHTLY_ACTIVE,Fitbit App
2024-07-17T17:34:00Z,LIGHTLY_ACTIVE,Fitbit App
2024-07-17T17:35:00Z,LIGHTLY_ACTIVE,Fitbit App
2024-07-17T17:36:00Z,LIGHTLY_ACTIVE,Fitbit App
2024-07-17T17:37:00Z,LIGHTLY_ACTIVE,Fitbit App
2024-07-17T17:38:00Z,LIGHTLY_ACTIVE,Fitbit App
2024-07-17T17:39:00Z,LIGHTLY_ACTIVE,Fitbit App
2024-07-17T17:40:00Z,VERY_ACTIVE,Fitbit App
2024-07-17T17:41:00Z,VERY_ACTIVE,Fitbit App
2024-07-17T17:42:00Z,MODERATELY_ACTIVE,Fitbit App
2024-07-17T17:43:00Z,VERY_ACTIVE,Fitbit App
2024-07-17T17:44:00Z,VERY_ACTIVE,Fitbit App
2024-07-17T17:45:00Z,VERY_ACTIVE,Fitbit App
2024-07-17T17:46:00Z,VERY_ACTIVE,Fitbit App
2024-07-17T17:47:00Z,VERY_ACTIVE,Fitbit App
2024-07-17T17:48:00Z,VERY_ACTIVE,Fitbit App
2024-07-17T17:49:00Z,VERY_ACTIVE,Fitbit App
2024-07-17T17:50:00Z,MODERATELY_ACTIVE,Fitbit App
2024-07-17T17:51:00Z,VERY_ACTIVE,Fitbit App
2024-07-17T17:52:00Z,MODERATELY_ACTIVE,Fitbit App
2024-07-17T17:53:00Z,LIGHTLY_ACTIVE,Fitbit App
2024-07-17T17:54:00Z,LIGHTLY_ACTIVE,Fitbit App
2024-07-17T17:55:00Z,MODERATELY_ACTIVE,Fitbit App
2024-07-17T17:57:00Z,LIGHTLY_ACTIVE,Fitbit App
2024-07-17T17:58:00Z,LIGHTLY_ACTIVE,Fitbit App
2024-07-17T18:00:00Z,LIGHTLY_ACTIVE,Fitbit App
2024-07-17T18:01:00Z,LIGHTLY_ACTIVE,Fitbit App
2024-07-17T18:02:00Z,LIGHTLY_ACTIVE,Fitbit App
2024-07-17T18:08:00Z,LIGHTLY_ACTIVE,Fitbit App
2024-07-17T18:09:00Z,LIGHTLY_ACTIVE,Fitbit App
2024-07-17T18:13:00Z,LIGHTLY_ACTIVE,Fitbit App
2024-07-17T18:14:00Z,LIGHTLY_ACTIVE,Fitbit App
2024-07-17T18:16:00Z,LIGHTLY_ACTIVE,Fitbit App
2024-07-17T18:17:00Z,LIGHTLY_ACTIVE,Fitbit App
2024-07-17T18:18:00Z,LIGHTLY_ACTIVE,Fitbit App
2024-07-17T18:19:00Z,LIGHTLY_ACTIVE,Fitbit App
2024-07-17T18:20:00Z,LIGHTLY_ACTIVE,Fitbit App
2024-07-17T18:21:00Z,LIGHTLY_ACTIVE,Fitbit App
2024-07-17T18:22:00Z,LIGHTLY_ACTIVE,Fitbit App
2024-07-17T20:11:00Z,LIGHTLY_ACTIVE,Fitbit App
2024-07-17T20:12:00Z,LIGHTLY_ACTIVE,Fitbit App
2024-07-17T20:27:00Z,LIGHTLY_ACTIVE,Fitbit App
2024-07-17T20:28:00Z,LIGHTLY_ACTIVE,Fitbit App
2024-07-17T20:39:00Z,SEDENTARY,Fitbit App
2024-07-17T20:40:00Z,LIGHTLY_ACTIVE,Fitbit App
2024-07-17T23:21:00Z,LIGHTLY_ACTIVE,Fitbit App
2024-07-17T23:22:00Z,LIGHTLY_ACTIVE,Fitbit App
2024-07-17T23:35:00Z,LIGHTLY_ACTIVE,Fitbit App
2024-07-17T23:36:00Z,LIGHTLY_ACTIVE,Fitbit App
2024-07-17T23:39:00Z,LIGHTLY_ACTIVE,Fitbit App
2024-07-17T23:40:00Z,MODERATELY_ACTIVE,Fitbit App
2024-07-17T23:41:00Z,LIGHTLY_ACTIVE,Fitbit App
2024-07-18T06:38:00Z,LIGHTLY_ACTIVE,Fitbit App
2024-07-18T06:39:00Z,LIGHTLY_ACTIVE,Fitbit App
2024-07-18T07:09:00Z,LIGHTLY_ACTIVE,Fitbit App
2024-07-18T07:10:00Z,LIGHTLY_ACTIVE,Fitbit App
2024-07-18T07:12:00Z,LIGHTLY_ACTIVE,Fitbit App
2024-07-18T07:13:00Z,LIGHTLY_ACTIVE,Fitbit App
2024-07-18T07:18:00Z,LIGHTLY_ACTIVE,Fitbit App
2024-07-18T07:19:00Z,LIGHTLY_ACTIVE,Fitbit App
2024-07-18T07:20:00Z,LIGHTLY_ACTIVE,Fitbit App
2024-07-18T07:38:00Z,SEDENTARY,Fitbit App
2024-07-18T07:39:00Z,LIGHTLY_ACTIVE,Fitbit App
2024-07-18T07:40:00Z,LIGHTLY_ACTIVE,Fitbit App
2024-07-18T07:47:00Z,LIGHTLY_ACTIVE,Fitbit App
2024-07-18T07:48:00Z,MODERATELY_ACTIVE,Fitbit App
2024-07-18T07:49:00Z,LIGHTLY_ACTIVE,Fitbit App
2024-07-18T07:50:00Z,LIGHTLY_ACTIVE,Fitbit App
2024-07-18T08:09:00Z,LIGHTLY_ACTIVE,Fitbit App
2024-07-18T08:10:00Z,LIGHTLY_ACTIVE,Fitbit App
2024-07-18T08:11:00Z,LIGHTLY_ACTIVE,Fitbit App
2024-07-18T08:12:00Z,LIGHTLY_ACTIVE,Fitbit App
2024-07-18T08:44:00Z,SEDENTARY,Fitbit App
2024-07-18T08:45:00Z,LIGHTLY_ACTIVE,Fitbit App
2024-07-18T08:48:00Z,SEDENTARY,Fitbit App
2024-07-18T09:02:00Z,LIGHTLY_ACTIVE,Fitbit App
2024-07-18T09:03:00Z,LIGHTLY_ACTIVE,Fitbit App
2024-07-18T09:16:00Z,LIGHTLY_ACTIVE,Fitbit App
2024-07-18T09:17:00Z,LIGHTLY_ACTIVE,Fitbit App
2024-07-18T09:26:00Z,LIGHTLY_ACTIVE,Fitbit App
2024-07-18T09:27:00Z,LIGHTLY_ACTIVE,Fitbit App
2024-07-18T09:28:00Z,LIGHTLY_ACTIVE,Fitbit App
2024-07-18T09:33:00Z,LIGHTLY_ACTIVE,Fitbit App
2024-07-18T09:34:00Z,LIGHTLY_ACTIVE,Fitbit App
2024-07-18T09:35:00Z,LIGHTLY_ACTIVE,Fitbit App
2024-07-18T09:36:00Z,LIGHTLY_ACTIVE,Fitbit App
2024-07-18T09:37:00Z,LIGHTLY_ACTIVE,Fitbit App
2024-07-18T09:47:00Z,LIGHTLY_ACTIVE,Fitbit App
2024-07-18T09:48:00Z,LIGHTLY_ACTIVE,Fitbit App
2024-07-18T09:49:00Z,LIGHTLY_ACTIVE,Fitbit App
2024-07-18T09:50:00Z,LIGHTLY_ACTIVE,Fitbit App
2024-07-18T10:05:00Z,LIGHTLY_ACTIVE,Fitbit App
2024-07-18T10:06:00Z,LIGHTLY_ACTIVE,Fitbit App
2024-07-18T12:51:00Z,LIGHTLY_ACTIVE,Fitbit App
2024-07-18T12:52:00Z,SEDENTARY,Fitbit App
2024-07-18T12:53:00Z,LIGHTLY_ACTIVE,Fitbit App
2024-07-18T12:54:00Z,LIGHTLY_ACTIVE,Fitbit App
2024-07-18T12:55:00Z,LIGHTLY_ACTIVE,Fitbit App
2024-07-18T12:56:00Z,SEDENTARY,Fitbit App
2024-07-18T12:57:00Z,SEDENTARY,Fitbit App
2024-07-18T12:58:00Z,SEDENTARY,Fitbit App
2024-07-18T13:07:00Z,SEDENTARY,Fitbit App
2024-07-18T13:08:00Z,SEDENTARY,Fitbit App
2024-07-18T13:15:00Z,SEDENTARY,Fitbit App
2024-07-18T13:33:00Z,SEDENTARY,Fitbit App
2024-07-18T14:08:00Z,SEDENTARY,Fitbit App
2024-07-18T14:09:00Z,LIGHTLY_ACTIVE,Fitbit App
2024-07-18T14:10:00Z,SEDENTARY,Fitbit App
2024-07-18T14:11:00Z,SEDENTARY,Fitbit App
2024-07-18T14:12:00Z,LIGHTLY_ACTIVE,Fitbit App
2024-07-18T14:13:00Z,SEDENTARY,Fitbit App
2024-07-18T14:14:00Z,SEDENTARY,Fitbit App
2024-07-18T14:15:00Z,SEDENTARY,Fitbit App
2024-07-18T14:21:00Z,SEDENTARY,Fitbit App
2024-07-18T14:24:00Z,SEDENTARY,Fitbit App
2024-07-18T14:27:00Z,SEDENTARY,Fitbit App
2024-07-18T14:30:00Z,SEDENTARY,Fitbit App
2024-07-18T14:36:00Z,SEDENTARY,Fitbit App
2024-07-18T14:37:00Z,SEDENTARY,Fitbit App
2024-07-18T14:40:00Z,SEDENTARY,Fitbit App
2024-07-18T14:42:00Z,SEDENTARY,Fitbit App
2024-07-18T14:43:00Z,SEDENTARY,Fitbit App
2024-07-18T14:44:00Z,SEDENTARY,Fitbit App
2024-07-18T14:45:00Z,SEDENTARY,Fitbit App
2024-07-18T14:46:00Z,SEDENTARY,Fitbit App
2024-07-18T14:47:00Z,SEDENTARY,Fitbit App
2024-07-18T14:48:00Z,SEDENTARY,Fitbit App
2024-07-18T14:52:00Z,LIGHTLY_ACTIVE,Fitbit App
2024-07-18T14:53:00Z,SEDENTARY,Fitbit App
2024-07-18T14:56:00Z,SEDENTARY,Fitbit App
2024-07-18T14:57:00Z,SEDENTARY,Fitbit App
2024-07-18T14:59:00Z,SEDENTARY,Fitbit App
2024-07-18T15:01:00Z,SEDENTARY,Fitbit App
2024-07-18T15:02:00Z,SEDENTARY,Fitbit App
2024-07-18T15:03:00Z,LIGHTLY_ACTIVE,Fitbit App
2024-07-18T15:04:00Z,SEDENTARY,Fitbit App
2024-07-18T15:05:00Z,SEDENTARY,Fitbit App
2024-07-18T15:06:00Z,SEDENTARY,Fitbit App
2024-07-18T15:08:00Z,SEDENTARY,Fitbit App
2024-07-18T15:09:00Z,SEDENTARY,Fitbit App
2024-07-18T15:10:00Z,SEDENTARY,Fitbit App
2024-07-18T15:11:00Z,SEDENTARY,Fitbit App
2024-07-18T15:12:00Z,SEDENTARY,Fitbit App
2024-07-18T15:13:00Z,SEDENTARY,Fitbit App
2024-07-18T15:14:00Z,SEDENTARY,Fitbit App
2024-07-18T15:15:00Z,SEDENTARY,Fitbit App
2024-07-18T15:16:00Z,SEDENTARY,Fitbit App
2024-07-18T15:17:00Z,SEDENTARY,Fitbit App
2024-07-18T15:18:00Z,SEDENTARY,Fitbit App
2024-07-18T15:19:00Z,SEDENTARY,Fitbit App
2024-07-18T15:20:00Z,SEDENTARY,Fitbit App
2024-07-18T15:21:00Z,SEDENTARY,Fitbit App
2024-07-18T15:22:00Z,SEDENTARY,Fitbit App
2024-07-18T15:23:00Z,SEDENTARY,Fitbit App
2024-07-18T15:26:00Z,SEDENTARY,Fitbit App
2024-07-18T15:27:00Z,SEDENTARY,Fitbit App
2024-07-18T15:28:00Z,SEDENTARY,Fitbit App
2024-07-18T15:31:00Z,SEDENTARY,Fitbit App
2024-07-18T15:32:00Z,SEDENTARY,Fitbit App
2024-07-18T15:33:00Z,SEDENTARY,Fitbit App
2024-07-18T15:34:00Z,SEDENTARY,Fitbit App
2024-07-18T15:35:00Z,SEDENTARY,Fitbit App
2024-07-18T15:36:00Z,SEDENTARY,Fitbit App
2024-07-18T15:37:00Z,SEDENTARY,Fitbit App
2024-07-18T15:38:00Z,SEDENTARY,Fitbit App
2024-07-18T15:39:00Z,SEDENTARY,Fitbit App
2024-07-18T15:40:00Z,SEDENTARY,Fitbit App
2024-07-18T15:41:00Z,LIGHTLY_ACTIVE,Fitbit App
2024-07-18T15:42:00Z,SEDENTARY,Fitbit App
2024-07-18T15:43:00Z,LIGHTLY_ACTIVE,Fitbit App
2024-07-18T15:44:00Z,SEDENTARY,Fitbit App
2024-07-18T15:45:00Z,SEDENTARY,Fitbit App
2024-07-18T15:46:00Z,SEDENTARY,Fitbit App
2024-07-18T15:47:00Z,SEDENTARY,Fitbit App
2024-07-18T15:48:00Z,SEDENTARY,Fitbit App
2024-07-18T15:49:00Z,SEDENTARY,Fitbit App
2024-07-18T15:51:00Z,LIGHTLY_ACTIVE,Fitbit App
2024-07-18T15:52:00Z,LIGHTLY_ACTIVE,Fitbit App
2024-07-18T15:53:00Z,SEDENTARY,Fitbit App
2024-07-18T15:54:00Z,LIGHTLY_ACTIVE,Fitbit App
2024-07-18T15:55:00Z,SEDENTARY,Fitbit App
2024-07-18T15:58:00Z,LIGHTLY_ACTIVE,Fitbit App
2024-07-18T15:59:00Z,SEDENTARY,Fitbit App
2024-07-18T16:00:00Z,SEDENTARY,Fitbit App
2024-07-18T16:01:00Z,SEDENTARY,Fitbit App
2024-07-18T16:02:00Z,LIGHTLY_ACTIVE,Fitbit App
2024-07-18T16:03:00Z,LIGHTLY_ACTIVE,Fitbit App
2024-07-18T16:04:00Z,SEDENTARY,Fitbit App
2024-07-18T16:05:00Z,SEDENTARY,Fitbit App
2024-07-18T16:06:00Z,LIGHTLY_ACTIVE,Fitbit App
2024-07-18T16:07:00Z,LIGHTLY_ACTIVE,Fitbit App
2024-07-18T16:08:00Z,SEDENTARY,Fitbit App
2024-07-18T16:09:00Z,SEDENTARY,Fitbit App
2024-07-18T16:10:00Z,SEDENTARY,Fitbit App
2024-07-18T16:11:00Z,SEDENTARY,Fitbit App
2024-07-18T16:17:00Z,SEDENTARY,Fitbit App
2024-07-18T16:19:00Z,LIGHTLY_ACTIVE,Fitbit App
2024-07-18T16:20:00Z,LIGHTLY_ACTIVE,Fitbit App
2024-07-18T16:21:00Z,SEDENTARY,Fitbit App
2024-07-18T16:22:00Z,SEDENTARY,Fitbit App
2024-07-18T16:23:00Z,SEDENTARY,Fitbit App
2024-07-18T16:24:00Z,SEDENTARY,Fitbit App
2024-07-18T16:25:00Z,LIGHTLY_ACTIVE,Fitbit App
2024-07-18T16:26:00Z,LIGHTLY_ACTIVE,Fitbit App
2024-07-18T16:27:00Z,LIGHTLY_ACTIVE,Fitbit App
2024-07-18T16:28:00Z,LIGHTLY_ACTIVE,Fitbit App
2024-07-18T16:29:00Z,LIGHTLY_ACTIVE,Fitbit App
2024-07-18T16:30:00Z,LIGHTLY_ACTIVE,Fitbit App
2024-07-18T16:31:00Z,LIGHTLY_ACTIVE,Fitbit App
2024-07-18T16:32:00Z,LIGHTLY_ACTIVE,Fitbit App
2024-07-18T16:33:00Z,LIGHTLY_ACTIVE,Fitbit App
2024-07-18T16:34:00Z,LIGHTLY_ACTIVE,Fitbit App
2024-07-18T16:35:00Z,LIGHTLY_ACTIVE,Fitbit App
2024-07-18T16:36:00Z,LIGHTLY_ACTIVE,Fitbit App
2024-07-18T16:37:00Z,LIGHTLY_ACTIVE,Fitbit App
2024-07-18T16:38:00Z,SEDENTARY,Fitbit App
2024-07-18T16:39:00Z,SEDENTARY,Fitbit App
2024-07-18T16:40:00Z,LIGHTLY_ACTIVE,Fitbit App
2024-07-18T16:41:00Z,LIGHTLY_ACTIVE,Fitbit App
2024-07-18T16:42:00Z,SEDENTARY,Fitbit App
2024-07-18T16:43:00Z,SEDENTARY,Fitbit App
2024-07-18T16:44:00Z,SEDENTARY,Fitbit App
2024-07-18T16:45:00Z,SEDENTARY,Fitbit App
2024-07-18T16:46:00Z,SEDENTARY,Fitbit App
2024-07-18T16:47:00Z,SEDENTARY,Fitbit App
2024-07-18T16:48:00Z,SEDENTARY,Fitbit App
2024-07-18T16:49:00Z,SEDENTARY,Fitbit App
2024-07-18T16:50:00Z,SEDENTARY,Fitbit App
2024-07-18T16:53:00Z,SEDENTARY,Fitbit App
2024-07-18T16:54:00Z,SEDENTARY,Fitbit App
2024-07-18T16:55:00Z,SEDENTARY,Fitbit App
2024-07-18T16:56:00Z,SEDENTARY,Fitbit App
2024-07-18T16:57:00Z,SEDENTARY,Fitbit App
2024-07-18T16:58:00Z,SEDENTARY,Fitbit App
2024-07-18T16:59:00Z,SEDENTARY,Fitbit App
2024-07-18T17:00:00Z,SEDENTARY,Fitbit App
2024-07-18T17:01:00Z,SEDENTARY,Fitbit App
2024-07-18T17:02:00Z,SEDENTARY,Fitbit App
2024-07-18T17:03:00Z,SEDENTARY,Fitbit App
2024-07-18T17:04:00Z,SEDENTARY,Fitbit App
2024-07-18T17:05:00Z,SEDENTARY,Fitbit App
2024-07-18T17:06:00Z,SEDENTARY,Fitbit App
2024-07-18T17:07:00Z,SEDENTARY,Fitbit App
2024-07-18T17:08:00Z,SEDENTARY,Fitbit App
2024-07-18T17:09:00Z,SEDENTARY,Fitbit App
2024-07-18T17:10:00Z,SEDENTARY,Fitbit App
2024-07-18T17:12:00Z,SEDENTARY,Fitbit App
2024-07-18T17:13:00Z,SEDENTARY,Fitbit App
2024-07-18T17:14:00Z,SEDENTARY,Fitbit App
2024-07-18T17:15:00Z,SEDENTARY,Fitbit App
2024-07-18T17:16:00Z,SEDENTARY,Fitbit App
2024-07-18T17:17:00Z,SEDENTARY,Fitbit App
2024-07-18T17:18:00Z,SEDENTARY,Fitbit App
2024-07-18T17:19:00Z,SEDENTARY,Fitbit App
2024-07-18T17:20:00Z,SEDENTARY,Fitbit App
2024-07-18T17:21:00Z,SEDENTARY,Fitbit App
2024-07-18T17:22:00Z,SEDENTARY,Fitbit App
2024-07-18T17:24:00Z,SEDENTARY,Fitbit App
2024-07-18T17:25:00Z,SEDENTARY,Fitbit App
2024-07-18T17:26:00Z,SEDENTARY,Fitbit App
2024-07-18T17:27:00Z,SEDENTARY,Fitbit App
2024-07-18T17:28:00Z,SEDENTARY,Fitbit App
2024-07-18T17:29:00Z,SEDENTARY,Fitbit App
2024-07-18T17:30:00Z,SEDENTARY,Fitbit App
2024-07-18T17:31:00Z,SEDENTARY,Fitbit App
2024-07-18T17:32:00Z,SEDENTARY,Fitbit App
2024-07-18T17:33:00Z,LIGHTLY_ACTIVE,Fitbit App
2024-07-18T17:34:00Z,SEDENTARY,Fitbit App
2024-07-18T17:35:00Z,SEDENTARY,Fitbit App
2024-07-18T17:36:00Z,SEDENTARY,Fitbit App
2024-07-18T17:37:00Z,SEDENTARY,Fitbit App
2024-07-18T17:38:00Z,SEDENTARY,Fitbit App
2024-07-18T17:39:00Z,SEDENTARY,Fitbit App
2024-07-18T17:40:00Z,SEDENTARY,Fitbit App
2024-07-18T17:41:00Z,SEDENTARY,Fitbit App
2024-07-18T17:42:00Z,SEDENTARY,Fitbit App
2024-07-18T17:43:00Z,LIGHTLY_ACTIVE,Fitbit App
2024-07-18T17:44:00Z,SEDENTARY,Fitbit App
2024-07-18T17:45:00Z,SEDENTARY,Fitbit App
2024-07-18T17:46:00Z,SEDENTARY,Fitbit App
2024-07-18T17:47:00Z,SEDENTARY,Fitbit App
2024-07-18T17:50:00Z,SEDENTARY,Fitbit App
2024-07-18T17:51:00Z,SEDENTARY,Fitbit App
2024-07-18T17:53:00Z,SEDENTARY,Fitbit App
2024-07-18T17:54:00Z,SEDENTARY,Fitbit App
2024-07-18T17:55:00Z,SEDENTARY,Fitbit App
2024-07-18T17:56:00Z,LIGHTLY_ACTIVE,Fitbit App
2024-07-18T17:57:00Z,LIGHTLY_ACTIVE,Fitbit App
2024-07-18T17:58:00Z,LIGHTLY_ACTIVE,Fitbit App
2024-07-18T17:59:00Z,SEDENTARY,Fitbit App
2024-07-18T18:00:00Z,SEDENTARY,Fitbit App
2024-07-18T18:01:00Z,SEDENTARY,Fitbit App
2024-07-18T18:04:00Z,LIGHTLY_ACTIVE,Fitbit App
2024-07-18T18:05:00Z,SEDENTARY,Fitbit App
2024-07-18T18:08:00Z,SEDENTARY,Fitbit App
2024-07-18T18:09:00Z,SEDENTARY,Fitbit App
2024-07-18T18:10:00Z,LIGHTLY_ACTIVE,Fitbit App
2024-07-18T18:11:00Z,SEDENTARY,Fitbit App
2024-07-18T18:12:00Z,SEDENTARY,Fitbit App
2024-07-18T18:13:00Z,SEDENTARY,Fitbit App
2024-07-18T18:17:00Z,SEDENTARY,Fitbit App
2024-07-18T18:18:00Z,SEDENTARY,Fitbit App
2024-07-18T18:19:00Z,SEDENTARY,Fitbit App
2024-07-18T18:20:00Z,SEDENTARY,Fitbit App
2024-07-18T18:21:00Z,SEDENTARY,Fitbit App
2024-07-18T18:22:00Z,LIGHTLY_ACTIVE,Fitbit App
2024-07-18T18:23:00Z,LIGHTLY_ACTIVE,Fitbit App
2024-07-18T18:24:00Z,SEDENTARY,Fitbit App
2024-07-18T18:25:00Z,SEDENTARY,Fitbit App
2024-07-18T18:26:00Z,LIGHTLY_ACTIVE,Fitbit App
2024-07-18T18:27:00Z,LIGHTLY_ACTIVE,Fitbit App
2024-07-18T18:28:00Z,SEDENTARY,Fitbit App
2024-07-18T18:29:00Z,LIGHTLY_ACTIVE,Fitbit App
2024-07-18T18:30:00Z,SEDENTARY,Fitbit App
2024-07-18T18:31:00Z,SEDENTARY,Fitbit App
2024-07-18T18:32:00Z,SEDENTARY,Fitbit App
2024-07-18T18:35:00Z,LIGHTLY_ACTIVE,Fitbit App
2024-07-18T18:36:00Z,LIGHTLY_ACTIVE,Fitbit App
2024-07-18T18:37:00Z,SEDENTARY,Fitbit App
2024-07-18T18:38:00Z,LIGHTLY_ACTIVE,Fitbit App
2024-07-18T18:39:00Z,LIGHTLY_ACTIVE,Fitbit App
2024-07-18T18:40:00Z,SEDENTARY,Fitbit App
2024-07-18T18:43:00Z,LIGHTLY_ACTIVE,Fitbit App
2024-07-18T18:44:00Z,SEDENTARY,Fitbit App
2024-07-18T18:45:00Z,SEDENTARY,Fitbit App
2024-07-18T18:46:00Z,SEDENTARY,Fitbit App
2024-07-18T18:47:00Z,LIGHTLY_ACTIVE,Fitbit App
2024-07-18T18:48:00Z,SEDENTARY,Fitbit App
2024-07-18T18:49:00Z,LIGHTLY_ACTIVE,Fitbit App
2024-07-18T18:50:00Z,LIGHTLY_ACTIVE,Fitbit App
2024-07-18T18:51:00Z,SEDENTARY,Fitbit App
2024-07-18T18:52:00Z,LIGHTLY_ACTIVE,Fitbit App
2024-07-18T18:56:00Z,SEDENTARY,Fitbit App
2024-07-18T18:57:00Z,SEDENTARY,Fitbit App
2024-07-18T18:59:00Z,SEDENTARY,Fitbit App
2024-07-18T19:09:00Z,LIGHTLY_ACTIVE,Fitbit App
2024-07-18T19:10:00Z,LIGHTLY_ACTIVE,Fitbit App
2024-07-18T19:11:00Z,SEDENTARY,Fitbit App
2024-07-18T19:14:00Z,LIGHTLY_ACTIVE,Fitbit App
2024-07-18T19:15:00Z,LIGHTLY_ACTIVE,Fitbit App
2024-07-18T19:16:00Z,SEDENTARY,Fitbit App
2024-07-18T19:26:00Z,SEDENTARY,Fitbit App
2024-07-18T19:27:00Z,SEDENTARY,Fitbit App
2024-07-18T19:29:00Z,SEDENTARY,Fitbit App
2024-07-18T19:31:00Z,SEDENTARY,Fitbit App
2024-07-18T19:34:00Z,SEDENTARY,Fitbit App
2024-07-18T19:35:00Z,LIGHTLY_ACTIVE,Fitbit App
2024-07-18T19:36:00Z,LIGHTLY_ACTIVE,Fitbit App
2024-07-18T19:37:00Z,LIGHTLY_ACTIVE,Fitbit App
2024-07-18T19:38:00Z,SEDENTARY,Fitbit App
2024-07-18T19:39:00Z,LIGHTLY_ACTIVE,Fitbit App
2024-07-18T19:40:00Z,SEDENTARY,Fitbit App
2024-07-18T19:41:00Z,SEDENTARY,Fitbit App
2024-07-18T19:43:00Z,LIGHTLY_ACTIVE,Fitbit App
2024-07-18T19:44:00Z,LIGHTLY_ACTIVE,Fitbit App
2024-07-18T19:45:00Z,LIGHTLY_ACTIVE,Fitbit App
2024-07-18T19:46:00Z,SEDENTARY,Fitbit App
2024-07-18T20:24:00Z,SEDENTARY,Fitbit App
2024-07-18T20:25:00Z,SEDENTARY,Fitbit App
2024-07-18T20:26:00Z,SEDENTARY,Fitbit App
2024-07-18T20:28:00Z,SEDENTARY,Fitbit App
2024-07-18T20:29:00Z,SEDENTARY,Fitbit App
2024-07-18T20:31:00Z,SEDENTARY,Fitbit App
2024-07-18T20:32:00Z,SEDENTARY,Fitbit App
2024-07-18T20:37:00Z,LIGHTLY_ACTIVE,Fitbit App
2024-07-18T20:38:00Z,LIGHTLY_ACTIVE,Fitbit App
2024-07-18T20:39:00Z,LIGHTLY_ACTIVE,Fitbit App
2024-07-18T20:40:00Z,LIGHTLY_ACTIVE,Fitbit App
2024-07-18T20:41:00Z,LIGHTLY_ACTIVE,Fitbit App
2024-07-18T20:42:00Z,SEDENTARY,Fitbit App
2024-07-18T20:43:00Z,LIGHTLY_ACTIVE,Fitbit App
2024-07-18T20:44:00Z,LIGHTLY_ACTIVE,Fitbit App
2024-07-18T20:45:00Z,LIGHTLY_ACTIVE,Fitbit App
2024-07-18T20:46:00Z,LIGHTLY_ACTIVE,Fitbit App
2024-07-18T20:47:00Z,LIGHTLY_ACTIVE,Fitbit App
2024-07-18T20:48:00Z,LIGHTLY_ACTIVE,Fitbit App
2024-07-18T20:49:00Z,SEDENTARY,Fitbit App
2024-07-18T20:50:00Z,SEDENTARY,Fitbit App
2024-07-18T20:51:00Z,SEDENTARY,Fitbit App
2024-07-18T20:53:00Z,SEDENTARY,Fitbit App
2024-07-18T21:00:00Z,SEDENTARY,Fitbit App
2024-07-18T21:01:00Z,SEDENTARY,Fitbit App
2024-07-18T21:06:00Z,SEDENTARY,Fitbit App
2024-07-18T21:08:00Z,SEDENTARY,Fitbit App
2024-07-18T21:09:00Z,SEDENTARY,Fitbit App
2024-07-18T21:11:00Z,SEDENTARY,Fitbit App
2024-07-18T21:14:00Z,SEDENTARY,Fitbit App
2024-07-18T21:15:00Z,SEDENTARY,Fitbit App
2024-07-18T21:18:00Z,SEDENTARY,Fitbit App
2024-07-18T21:20:00Z,SEDENTARY,Fitbit App
2024-07-18T21:22:00Z,SEDENTARY,Fitbit App
2024-07-18T21:23:00Z,SEDENTARY,Fitbit App
2024-07-18T21:24:00Z,SEDENTARY,Fitbit App
2024-07-18T21:27:00Z,SEDENTARY,Fitbit App
2024-07-18T21:29:00Z,SEDENTARY,Fitbit App
2024-07-18T21:39:00Z,SEDENTARY,Fitbit App
2024-07-18T21:47:00Z,SEDENTARY,Fitbit App
2024-07-18T21:57:00Z,SEDENTARY,Fitbit App
2024-07-18T21:58:00Z,LIGHTLY_ACTIVE,Fitbit App
2024-07-18T21:59:00Z,LIGHTLY_ACTIVE,Fitbit App
2024-07-18T22:00:00Z,LIGHTLY_ACTIVE,Fitbit App
2024-07-18T22:01:00Z,SEDENTARY,Fitbit App
2024-07-18T22:05:00Z,SEDENTARY,Fitbit App
2024-07-18T22:08:00Z,SEDENTARY,Fitbit App
2024-07-18T22:10:00Z,SEDENTARY,Fitbit App
2024-07-18T22:11:00Z,SEDENTARY,Fitbit App
2024-07-18T22:16:00Z,SEDENTARY,Fitbit App
2024-07-18T22:18:00Z,SEDENTARY,Fitbit App
2024-07-18T22:19:00Z,SEDENTARY,Fitbit App
2024-07-18T22:25:00Z,SEDENTARY,Fitbit App
2024-07-18T22:27:00Z,SEDENTARY,Fitbit App
2024-07-18T22:30:00Z,SEDENTARY,Fitbit App
2024-07-18T22:31:00Z,SEDENTARY,Fitbit App
2024-07-18T22:36:00Z,SEDENTARY,Fitbit App
2024-07-18T22:44:00Z,SEDENTARY,Fitbit App
2024-07-18T22:55:00Z,SEDENTARY,Fitbit App
2024-07-18T22:56:00Z,SEDENTARY,Fitbit App
2024-07-18T22:57:00Z,SEDENTARY,Fitbit App
2024-07-18T22:58:00Z,SEDENTARY,Fitbit App
2024-07-18T22:59:00Z,SEDENTARY,Fitbit App
2024-07-18T23:00:00Z,SEDENTARY,Fitbit App
2024-07-18T23:01:00Z,SEDENTARY,Fitbit App
2024-07-18T23:03:00Z,SEDENTARY,Fitbit App
2024-07-18T23:04:00Z,SEDENTARY,Fitbit App
2024-07-18T23:05:00Z,SEDENTARY,Fitbit App
2024-07-18T23:06:00Z,SEDENTARY,Fitbit App
2024-07-18T23:08:00Z,SEDENTARY,Fitbit App
2024-07-18T23:09:00Z,SEDENTARY,Fitbit App
2024-07-18T23:10:00Z,SEDENTARY,Fitbit App
2024-07-18T23:13:00Z,SEDENTARY,Fitbit App
2024-07-18T23:14:00Z,SEDENTARY,Fitbit App
2024-07-18T23:16:00Z,SEDENTARY,Fitbit App
2024-07-18T23:17:00Z,LIGHTLY_ACTIVE,Fitbit App
2024-07-18T23:18:00Z,SEDENTARY,Fitbit App
2024-07-18T23:19:00Z,SEDENTARY,Fitbit App
2024-07-18T23:57:00Z,SEDENTARY,Fitbit App
2024-07-19T00:04:00Z,SEDENTARY,Fitbit App
2024-07-19T01:23:00Z,SEDENTARY,Fitbit App
2024-07-19T02:32:00Z,SEDENTARY,Fitbit App
2024-07-19T02:44:00Z,SEDENTARY,Fitbit App
2024-07-19T03:08:00Z,SEDENTARY,Fitbit App
2024-07-19T04:08:00Z,LIGHTLY_ACTIVE,Fitbit App
2024-07-19T05:15:00Z,SEDENTARY,Fitbit App
2024-07-19T05:32:00Z,SEDENTARY,Fitbit App
2024-07-19T06:07:00Z,SEDENTARY,Fitbit App
2024-07-19T06:10:00Z,SEDENTARY,Fitbit App
2024-07-19T06:11:00Z,SEDENTARY,Fitbit App
2024-07-19T06:12:00Z,SEDENTARY,Fitbit App
2024-07-19T06:13:00Z,SEDENTARY,Fitbit App
2024-07-19T06:14:00Z,SEDENTARY,Fitbit App
2024-07-19T06:15:00Z,SEDENTARY,Fitbit App
2024-07-19T06:19:00Z,SEDENTARY,Fitbit App
2024-07-19T06:25:00Z,SEDENTARY,Fitbit App
2024-07-19T06:26:00Z,LIGHTLY_ACTIVE,Fitbit App
2024-07-19T06:27:00Z,SEDENTARY,Fitbit App
2024-07-19T07:09:00Z,SEDENTARY,Fitbit App
2024-07-19T07:10:00Z,SEDENTARY,Fitbit App
2024-07-19T07:11:00Z,SEDENTARY,Fitbit App
2024-07-19T07:12:00Z,LIGHTLY_ACTIVE,Fitbit App
2024-07-19T07:13:00Z,SEDENTARY,Fitbit App
2024-07-19T07:14:00Z,SEDENTARY,Fitbit App
2024-07-19T07:15:00Z,SEDENTARY,Fitbit App
2024-07-19T07:18:00Z,SEDENTARY,Fitbit App
2024-07-19T07:19:00Z,LIGHTLY_ACTIVE,Fitbit App
2024-07-19T07:20:00Z,LIGHTLY_ACTIVE,Fitbit App
2024-07-19T07:21:00Z,LIGHTLY_ACTIVE,Fitbit App
2024-07-19T07:43:00Z,LIGHTLY_ACTIVE,Fitbit App
2024-07-19T07:44:00Z,LIGHTLY_ACTIVE,Fitbit App
2024-07-19T07:45:00Z,LIGHTLY_ACTIVE,Fitbit App
2024-07-19T07:46:00Z,LIGHTLY_ACTIVE,Fitbit App
2024-07-19T07:47:00Z,SEDENTARY,Fitbit App
2024-07-19T07:48:00Z,SEDENTARY,Fitbit App
2024-07-19T07:49:00Z,LIGHTLY_ACTIVE,Fitbit App
2024-07-19T07:50:00Z,SEDENTARY,Fitbit App
2024-07-19T07:51:00Z,LIGHTLY_ACTIVE,Fitbit App
2024-07-19T07:52:00Z,LIGHTLY_ACTIVE,Fitbit App
2024-07-19T07:53:00Z,LIGHTLY_ACTIVE,Fitbit App
2024-07-19T07:54:00Z,LIGHTLY_ACTIVE,Fitbit App
2024-07-19T07:55:00Z,MODERATELY_ACTIVE,Fitbit App
2024-07-19T07:56:00Z,MODERATELY_ACTIVE,Fitbit App
2024-07-19T07:57:00Z,LIGHTLY_ACTIVE,Fitbit App
2024-07-19T07:58:00Z,LIGHTLY_ACTIVE,Fitbit App
2024-07-19T07:59:00Z,SEDENTARY,Fitbit App
2024-07-19T08:00:00Z,SEDENTARY,Fitbit App
2024-07-19T08:01:00Z,SEDENTARY,Fitbit App
2024-07-19T08:02:00Z,SEDENTARY,Fitbit App
2024-07-19T08:03:00Z,SEDENTARY,Fitbit App
2024-07-19T08:04:00Z,SEDENTARY,Fitbit App
2024-07-19T08:05:00Z,SEDENTARY,Fitbit App
2024-07-19T08:06:00Z,SEDENTARY,Fitbit App
2024-07-19T08:07:00Z,LIGHTLY_ACTIVE,Fitbit App
2024-07-19T08:08:00Z,LIGHTLY_ACTIVE,Fitbit App
2024-07-19T08:09:00Z,LIGHTLY_ACTIVE,Fitbit App
2024-07-19T08:10:00Z,LIGHTLY_ACTIVE,Fitbit App
2024-07-19T08:11:00Z,SEDENTARY,Fitbit App
2024-07-19T08:13:00Z,SEDENTARY,Fitbit App
2024-07-19T08:14:00Z,LIGHTLY_ACTIVE,Fitbit App
2024-07-19T08:15:00Z,LIGHTLY_ACTIVE,Fitbit App
2024-07-19T08:16:00Z,SEDENTARY,Fitbit App
2024-07-19T08:17:00Z,SEDENTARY,Fitbit App
2024-07-19T08:18:00Z,SEDENTARY,Fitbit App
2024-07-19T08:19:00Z,SEDENTARY,Fitbit App
2024-07-19T08:20:00Z,SEDENTARY,Fitbit App
2024-07-19T08:21:00Z,SEDENTARY,Fitbit App
2024-07-19T08:22:00Z,LIGHTLY_ACTIVE,Fitbit App
2024-07-19T08:23:00Z,SEDENTARY,Fitbit App
2024-07-19T08:24:00Z,SEDENTARY,Fitbit App
2024-07-19T08:25:00Z,LIGHTLY_ACTIVE,Fitbit App
2024-07-19T08:26:00Z,LIGHTLY_ACTIVE,Fitbit App
2024-07-19T08:27:00Z,LIGHTLY_ACTIVE,Fitbit App
2024-07-19T08:28:00Z,LIGHTLY_ACTIVE,Fitbit App
2024-07-19T08:29:00Z,LIGHTLY_ACTIVE,Fitbit App
2024-07-19T08:30:00Z,LIGHTLY_ACTIVE,Fitbit App
2024-07-19T08:31:00Z,SEDENTARY,Fitbit App
2024-07-19T08:37:00Z,SEDENTARY,Fitbit App
2024-07-19T08:40:00Z,LIGHTLY_ACTIVE,Fitbit App
2024-07-19T08:41:00Z,LIGHTLY_ACTIVE,Fitbit App
2024-07-19T08:42:00Z,LIGHTLY_ACTIVE,Fitbit App
2024-07-19T08:43:00Z,LIGHTLY_ACTIVE,Fitbit App
2024-07-19T08:44:00Z,LIGHTLY_ACTIVE,Fitbit App
2024-07-19T08:45:00Z,LIGHTLY_ACTIVE,Fitbit App
2024-07-19T08:46:00Z,LIGHTLY_ACTIVE,Fitbit App
2024-07-19T08:47:00Z,SEDENTARY,Fitbit App
2024-07-19T08:48:00Z,SEDENTARY,Fitbit App
2024-07-19T08:50:00Z,SEDENTARY,Fitbit App
2024-07-19T08:56:00Z,SEDENTARY,Fitbit App
2024-07-19T08:57:00Z,SEDENTARY,Fitbit App
2024-07-19T08:58:00Z,SEDENTARY,Fitbit App
2024-07-19T08:59:00Z,LIGHTLY_ACTIVE,Fitbit App
2024-07-19T09:00:00Z,LIGHTLY_ACTIVE,Fitbit App
2024-07-19T09:01:00Z,LIGHTLY_ACTIVE,Fitbit App
2024-07-19T09:02:00Z,LIGHTLY_ACTIVE,Fitbit App
2024-07-19T09:03:00Z,LIGHTLY_ACTIVE,Fitbit App
2024-07-19T09:04:00Z,LIGHTLY_ACTIVE,Fitbit App
2024-07-19T09:05:00Z,LIGHTLY_ACTIVE,Fitbit App
2024-07-19T09:06:00Z,SEDENTARY,Fitbit App
2024-07-19T09:07:00Z,LIGHTLY_ACTIVE,Fitbit App
2024-07-19T09:08:00Z,LIGHTLY_ACTIVE,Fitbit App
2024-07-19T09:09:00Z,LIGHTLY_ACTIVE,Fitbit App
2024-07-19T09:10:00Z,SEDENTARY,Fitbit App
2024-07-19T09:11:00Z,SEDENTARY,Fitbit App
2024-07-19T09:12:00Z,SEDENTARY,Fitbit App
2024-07-19T09:13:00Z,LIGHTLY_ACTIVE,Fitbit App
2024-07-19T09:14:00Z,LIGHTLY_ACTIVE,Fitbit App
2024-07-19T09:15:00Z,LIGHTLY_ACTIVE,Fitbit App
2024-07-19T09:16:00Z,MODERATELY_ACTIVE,Fitbit App
2024-07-19T09:17:00Z,MODERATELY_ACTIVE,Fitbit App
2024-07-19T09:18:00Z,MODERATELY_ACTIVE,Fitbit App
2024-07-19T09:19:00Z,LIGHTLY_ACTIVE,Fitbit App
2024-07-19T09:20:00Z,LIGHTLY_ACTIVE,Fitbit App
2024-07-19T09:21:00Z,LIGHTLY_ACTIVE,Fitbit App
2024-07-19T09:22:00Z,LIGHTLY_ACTIVE,Fitbit App
2024-07-19T09:23:00Z,SEDENTARY,Fitbit App
2024-07-19T09:24:00Z,LIGHTLY_ACTIVE,Fitbit App
2024-07-19T09:25:00Z,LIGHTLY_ACTIVE,Fitbit App
2024-07-19T09:26:00Z,LIGHTLY_ACTIVE,Fitbit App
2024-07-19T09:27:00Z,LIGHTLY_ACTIVE,Fitbit App
2024-07-19T09:28:00Z,LIGHTLY_ACTIVE,Fitbit App
2024-07-19T09:29:00Z,LIGHTLY_ACTIVE,Fitbit App
2024-07-19T09:30:00Z,SEDENTARY,Fitbit App
2024-07-19T09:31:00Z,SEDENTARY,Fitbit App
2024-07-19T09:32:00Z,LIGHTLY_ACTIVE,Fitbit App
2024-07-19T09:34:00Z,SEDENTARY,Fitbit App
2024-07-19T09:35:00Z,SEDENTARY,Fitbit App
2024-07-19T09:36:00Z,SEDENTARY,Fitbit App
2024-07-19T09:37:00Z,SEDENTARY,Fitbit App
2024-07-19T09:38:00Z,SEDENTARY,Fitbit App
2024-07-19T09:39:00Z,LIGHTLY_ACTIVE,Fitbit App
2024-07-19T09:40:00Z,SEDENTARY,Fitbit App
2024-07-19T09:41:00Z,SEDENTARY,Fitbit App
2024-07-19T09:42:00Z,SEDENTARY,Fitbit App
2024-07-19T09:43:00Z,SEDENTARY,Fitbit App
2024-07-19T09:44:00Z,SEDENTARY,Fitbit App
2024-07-19T09:45:00Z,SEDENTARY,Fitbit App
2024-07-19T09:46:00Z,SEDENTARY,Fitbit App
2024-07-19T09:48:00Z,SEDENTARY,Fitbit App
2024-07-19T09:49:00Z,SEDENTARY,Fitbit App
2024-07-19T09:50:00Z,SEDENTARY,Fitbit App
2024-07-19T09:51:00Z,SEDENTARY,Fitbit App
2024-07-19T09:52:00Z,SEDENTARY,Fitbit App
2024-07-19T09:53:00Z,LIGHTLY_ACTIVE,Fitbit App
2024-07-19T09:54:00Z,SEDENTARY,Fitbit App
2024-07-19T09:55:00Z,SEDENTARY,Fitbit App
2024-07-19T09:57:00Z,SEDENTARY,Fitbit App
2024-07-19T09:58:00Z,SEDENTARY,Fitbit App
2024-07-19T09:59:00Z,SEDENTARY,Fitbit App
2024-07-19T10:00:00Z,SEDENTARY,Fitbit App
2024-07-19T10:01:00Z,SEDENTARY,Fitbit App
2024-07-19T10:02:00Z,SEDENTARY,Fitbit App
2024-07-19T10:03:00Z,LIGHTLY_ACTIVE,Fitbit App
2024-07-19T10:04:00Z,LIGHTLY_ACTIVE,Fitbit App
2024-07-19T10:05:00Z,LIGHTLY_ACTIVE,Fitbit App
2024-07-19T10:06:00Z,SEDENTARY,Fitbit App
2024-07-19T10:07:00Z,SEDENTARY,Fitbit App
2024-07-19T10:08:00Z,LIGHTLY_ACTIVE,Fitbit App
2024-07-19T10:09:00Z,SEDENTARY,Fitbit App
2024-07-19T10:10:00Z,SEDENTARY,Fitbit App
2024-07-19T10:11:00Z,LIGHTLY_ACTIVE,Fitbit App
2024-07-19T10:12:00Z,SEDENTARY,Fitbit App
2024-07-19T10:13:00Z,LIGHTLY_ACTIVE,Fitbit App
2024-07-19T10:14:00Z,LIGHTLY_ACTIVE,Fitbit App
2024-07-19T10:15:00Z,LIGHTLY_ACTIVE,Fitbit App
2024-07-19T10:16:00Z,LIGHTLY_ACTIVE,Fitbit App
2024-07-19T10:17:00Z,SEDENTARY,Fitbit App
2024-07-19T10:18:00Z,SEDENTARY,Fitbit App
2024-07-19T10:19:00Z,SEDENTARY,Fitbit App
2024-07-19T10:20:00Z,SEDENTARY,Fitbit App
2024-07-19T10:21:00Z,SEDENTARY,Fitbit App
2024-07-19T10:22:00Z,SEDENTARY,Fitbit App
2024-07-19T10:23:00Z,SEDENTARY,Fitbit App
2024-07-19T10:24:00Z,SEDENTARY,Fitbit App
2024-07-19T10:25:00Z,SEDENTARY,Fitbit App
2024-07-19T10:26:00Z,SEDENTARY,Fitbit App
2024-07-19T10:27:00Z,SEDENTARY,Fitbit App
2024-07-19T10:28:00Z,SEDENTARY,Fitbit App
2024-07-19T10:30:00Z,SEDENTARY,Fitbit App
2024-07-19T10:31:00Z,SEDENTARY,Fitbit App
2024-07-19T10:32:00Z,SEDENTARY,Fitbit App
2024-07-19T10:33:00Z,SEDENTARY,Fitbit App
2024-07-19T10:34:00Z,SEDENTARY,Fitbit App
2024-07-19T10:35:00Z,LIGHTLY_ACTIVE,Fitbit App
2024-07-19T10:36:00Z,LIGHTLY_ACTIVE,Fitbit App
2024-07-19T10:37:00Z,LIGHTLY_ACTIVE,Fitbit App
2024-07-19T10:38:00Z,LIGHTLY_ACTIVE,Fitbit App
2024-07-19T10:39:00Z,SEDENTARY,Fitbit App
2024-07-19T10:40:00Z,LIGHTLY_ACTIVE,Fitbit App
2024-07-19T10:41:00Z,LIGHTLY_ACTIVE,Fitbit App
2024-07-19T10:42:00Z,MODERATELY_ACTIVE,Fitbit App
2024-07-19T10:43:00Z,MODERATELY_ACTIVE,Fitbit App
2024-07-19T10:44:00Z,VERY_ACTIVE,Fitbit App
2024-07-19T10:45:00Z,VERY_ACTIVE,Fitbit App
2024-07-19T10:46:00Z,VERY_ACTIVE,Fitbit App
2024-07-19T10:47:00Z,VERY_ACTIVE,Fitbit App
2024-07-19T10:48:00Z,VERY_ACTIVE,Fitbit App
2024-07-19T10:49:00Z,VERY_ACTIVE,Fitbit App
2024-07-19T10:50:00Z,VERY_ACTIVE,Fitbit App
2024-07-19T10:51:00Z,SEDENTARY,Fitbit App
2024-07-19T10:52:00Z,SEDENTARY,Fitbit App
2024-07-19T10:53:00Z,SEDENTARY,Fitbit App
2024-07-19T10:54:00Z,LIGHTLY_ACTIVE,Fitbit App
2024-07-19T10:55:00Z,LIGHTLY_ACTIVE,Fitbit App
2024-07-19T10:56:00Z,LIGHTLY_ACTIVE,Fitbit App
2024-07-19T10:57:00Z,SEDENTARY,Fitbit App
2024-07-19T10:58:00Z,SEDENTARY,Fitbit App
2024-07-19T10:59:00Z,SEDENTARY,Fitbit App
2024-07-19T11:00:00Z,SEDENTARY,Fitbit App
2024-07-19T11:01:00Z,SEDENTARY,Fitbit App
2024-07-19T11:02:00Z,SEDENTARY,Fitbit App
2024-07-19T11:03:00Z,SEDENTARY,Fitbit App
2024-07-19T11:04:00Z,SEDENTARY,Fitbit App
2024-07-19T11:05:00Z,SEDENTARY,Fitbit App
2024-07-19T11:06:00Z,SEDENTARY,Fitbit App
2024-07-19T11:07:00Z,SEDENTARY,Fitbit App
2024-07-19T11:08:00Z,SEDENTARY,Fitbit App
2024-07-19T11:09:00Z,SEDENTARY,Fitbit App
2024-07-19T11:10:00Z,SEDENTARY,Fitbit App
2024-07-19T11:11:00Z,MODERATELY_ACTIVE,Fitbit App
2024-07-19T11:12:00Z,LIGHTLY_ACTIVE,Fitbit App
2024-07-19T11:13:00Z,SEDENTARY,Fitbit App
2024-07-19T11:14:00Z,SEDENTARY,Fitbit App
2024-07-19T11:15:00Z,SEDENTARY,Fitbit App
2024-07-19T11:16:00Z,SEDENTARY,Fitbit App
2024-07-19T11:17:00Z,SEDENTARY,Fitbit App
2024-07-19T11:18:00Z,SEDENTARY,Fitbit App
2024-07-19T11:19:00Z,LIGHTLY_ACTIVE,Fitbit App
2024-07-19T11:20:00Z,LIGHTLY_ACTIVE,Fitbit App
2024-07-19T11:21:00Z,LIGHTLY_ACTIVE,Fitbit App
2024-07-19T11:22:00Z,MODERATELY_ACTIVE,Fitbit App
2024-07-19T11:23:00Z,SEDENTARY,Fitbit App
2024-07-19T11:24:00Z,LIGHTLY_ACTIVE,Fitbit App
2024-07-19T11:25:00Z,SEDENTARY,Fitbit App
2024-07-19T11:26:00Z,SEDENTARY,Fitbit App
2024-07-19T11:27:00Z,LIGHTLY_ACTIVE,Fitbit App
2024-07-19T11:28:00Z,SEDENTARY,Fitbit App
2024-07-19T11:29:00Z,LIGHTLY_ACTIVE,Fitbit App
2024-07-19T11:30:00Z,SEDENTARY,Fitbit App
2024-07-19T11:31:00Z,SEDENTARY,Fitbit App
2024-07-19T11:32:00Z,SEDENTARY,Fitbit App
2024-07-19T11:33:00Z,SEDENTARY,Fitbit App
2024-07-19T11:34:00Z,SEDENTARY,Fitbit App
2024-07-19T11:35:00Z,SEDENTARY,Fitbit App
2024-07-19T11:36:00Z,SEDENTARY,Fitbit App
2024-07-19T11:37:00Z,SEDENTARY,Fitbit App
2024-07-19T11:38:00Z,SEDENTARY,Fitbit App
2024-07-19T11:39:00Z,SEDENTARY,Fitbit App
2024-07-19T11:40:00Z,SEDENTARY,Fitbit App
2024-07-19T11:41:00Z,SEDENTARY,Fitbit App
2024-07-19T11:42:00Z,SEDENTARY,Fitbit App
2024-07-19T11:43:00Z,SEDENTARY,Fitbit App
2024-07-19T11:44:00Z,SEDENTARY,Fitbit App
2024-07-19T11:45:00Z,SEDENTARY,Fitbit App
2024-07-19T11:46:00Z,SEDENTARY,Fitbit App
2024-07-19T11:47:00Z,SEDENTARY,Fitbit App
2024-07-19T11:48:00Z,SEDENTARY,Fitbit App
2024-07-19T11:49:00Z,LIGHTLY_ACTIVE,Fitbit App
2024-07-19T11:50:00Z,SEDENTARY,Fitbit App
2024-07-19T11:51:00Z,SEDENTARY,Fitbit App
2024-07-19T11:52:00Z,SEDENTARY,Fitbit App
2024-07-19T11:53:00Z,SEDENTARY,Fitbit App
2024-07-19T11:54:00Z,SEDENTARY,Fitbit App
2024-07-19T11:55:00Z,SEDENTARY,Fitbit App
2024-07-19T11:56:00Z,SEDENTARY,Fitbit App
2024-07-19T11:57:00Z,SEDENTARY,Fitbit App
2024-07-19T11:58:00Z,SEDENTARY,Fitbit App
2024-07-19T11:59:00Z,SEDENTARY,Fitbit App
2024-07-19T12:00:00Z,SEDENTARY,Fitbit App
2024-07-19T12:01:00Z,SEDENTARY,Fitbit App
2024-07-19T12:02:00Z,SEDENTARY,Fitbit App
2024-07-19T12:03:00Z,SEDENTARY,Fitbit App
2024-07-19T12:04:00Z,SEDENTARY,Fitbit App
2024-07-19T12:05:00Z,SEDENTARY,Fitbit App
2024-07-19T12:06:00Z,SEDENTARY,Fitbit App
2024-07-19T12:07:00Z,SEDENTARY,Fitbit App
2024-07-19T12:08:00Z,SEDENTARY,Fitbit App
2024-07-19T12:09:00Z,SEDENTARY,Fitbit App
2024-07-19T12:10:00Z,SEDENTARY,Fitbit App
2024-07-19T12:11:00Z,SEDENTARY,Fitbit App
2024-07-19T12:12:00Z,SEDENTARY,Fitbit App
2024-07-19T12:13:00Z,SEDENTARY,Fitbit App
2024-07-19T12:14:00Z,SEDENTARY,Fitbit App
2024-07-19T12:15:00Z,SEDENTARY,Fitbit App
2024-07-19T12:16:00Z,SEDENTARY,Fitbit App
2024-07-19T12:17:00Z,SEDENTARY,Fitbit App
2024-07-19T12:18:00Z,SEDENTARY,Fitbit App
2024-07-19T12:19:00Z,SEDENTARY,Fitbit App
2024-07-19T12:20:00Z,SEDENTARY,Fitbit App
2024-07-19T12:21:00Z,LIGHTLY_ACTIVE,Fitbit App
2024-07-19T12:22:00Z,LIGHTLY_ACTIVE,Fitbit App
2024-07-19T12:23:00Z,SEDENTARY,Fitbit App
2024-07-19T12:24:00Z,SEDENTARY,Fitbit App
2024-07-19T12:25:00Z,SEDENTARY,Fitbit App
2024-07-19T12:26:00Z,SEDENTARY,Fitbit App
2024-07-19T12:27:00Z,SEDENTARY,Fitbit App
2024-07-19T12:28:00Z,SEDENTARY,Fitbit App
2024-07-19T12:29:00Z,SEDENTARY,Fitbit App
2024-07-19T12:31:00Z,SEDENTARY,Fitbit App
2024-07-19T12:32:00Z,LIGHTLY_ACTIVE,Fitbit App
2024-07-19T12:33:00Z,SEDENTARY,Fitbit App
2024-07-19T12:34:00Z,SEDENTARY,Fitbit App
2024-07-19T12:35:00Z,SEDENTARY,Fitbit App
2024-07-19T12:36:00Z,SEDENTARY,Fitbit App
2024-07-19T12:37:00Z,SEDENTARY,Fitbit App
2024-07-19T12:38:00Z,SEDENTARY,Fitbit App
2024-07-19T12:39:00Z,SEDENTARY,Fitbit App
2024-07-19T12:40:00Z,SEDENTARY,Fitbit App
2024-07-19T12:41:00Z,LIGHTLY_ACTIVE,Fitbit App
2024-07-19T12:42:00Z,SEDENTARY,Fitbit App
2024-07-19T12:43:00Z,SEDENTARY,Fitbit App
2024-07-19T12:44:00Z,SEDENTARY,Fitbit App
2024-07-19T12:45:00Z,SEDENTARY,Fitbit App
2024-07-19T12:46:00Z,SEDENTARY,Fitbit App
2024-07-19T12:47:00Z,SEDENTARY,Fitbit App
2024-07-19T12:48:00Z,SEDENTARY,Fitbit App
2024-07-19T12:49:00Z,SEDENTARY,Fitbit App
2024-07-19T12:50:00Z,SEDENTARY,Fitbit App
2024-07-19T12:51:00Z,SEDENTARY,Fitbit App
2024-07-19T12:52:00Z,SEDENTARY,Fitbit App
2024-07-19T12:53:00Z,SEDENTARY,Fitbit App
2024-07-19T12:54:00Z,SEDENTARY,Fitbit App
2024-07-19T12:55:00Z,SEDENTARY,Fitbit App
2024-07-19T12:56:00Z,SEDENTARY,Fitbit App
2024-07-19T12:57:00Z,SEDENTARY,Fitbit App
2024-07-19T12:58:00Z,SEDENTARY,Fitbit App
2024-07-19T12:59:00Z,SEDENTARY,Fitbit App
2024-07-19T13:00:00Z,SEDENTARY,Fitbit App
2024-07-19T13:01:00Z,SEDENTARY,Fitbit App
2024-07-19T13:02:00Z,SEDENTARY,Fitbit App
2024-07-19T13:03:00Z,SEDENTARY,Fitbit App
2024-07-19T13:04:00Z,SEDENTARY,Fitbit App
2024-07-19T13:05:00Z,LIGHTLY_ACTIVE,Fitbit App
2024-07-19T13:06:00Z,LIGHTLY_ACTIVE,Fitbit App
2024-07-19T13:07:00Z,SEDENTARY,Fitbit App
2024-07-19T13:08:00Z,LIGHTLY_ACTIVE,Fitbit App
2024-07-19T13:09:00Z,SEDENTARY,Fitbit App
2024-07-19T13:10:00Z,SEDENTARY,Fitbit App
2024-07-19T13:11:00Z,SEDENTARY,Fitbit App
2024-07-19T13:12:00Z,SEDENTARY,Fitbit App
2024-07-19T13:13:00Z,SEDENTARY,Fitbit App
2024-07-19T13:14:00Z,SEDENTARY,Fitbit App
2024-07-19T13:15:00Z,LIGHTLY_ACTIVE,Fitbit App
2024-07-19T13:16:00Z,SEDENTARY,Fitbit App
2024-07-19T13:17:00Z,LIGHTLY_ACTIVE,Fitbit App
2024-07-19T13:18:00Z,LIGHTLY_ACTIVE,Fitbit App
2024-07-19T13:19:00Z,SEDENTARY,Fitbit App
2024-07-19T13:20:00Z,SEDENTARY,Fitbit App
2024-07-19T13:21:00Z,LIGHTLY_ACTIVE,Fitbit App
2024-07-19T13:22:00Z,LIGHTLY_ACTIVE,Fitbit App
2024-07-19T13:23:00Z,LIGHTLY_ACTIVE,Fitbit App
2024-07-19T13:24:00Z,MODERATELY_ACTIVE,Fitbit App
2024-07-19T13:25:00Z,VERY_ACTIVE,Fitbit App
2024-07-19T13:26:00Z,VERY_ACTIVE,Fitbit App
2024-07-19T13:27:00Z,MODERATELY_ACTIVE,Fitbit App
2024-07-19T13:28:00Z,SEDENTARY,Fitbit App
2024-07-19T13:29:00Z,MODERATELY_ACTIVE,Fitbit App
2024-07-19T13:30:00Z,LIGHTLY_ACTIVE,Fitbit App
2024-07-19T13:31:00Z,LIGHTLY_ACTIVE,Fitbit App
2024-07-19T13:32:00Z,MODERATELY_ACTIVE,Fitbit App
2024-07-19T13:33:00Z,SEDENTARY,Fitbit App
2024-07-19T13:34:00Z,LIGHTLY_ACTIVE,Fitbit App
2024-07-19T13:35:00Z,SEDENTARY,Fitbit App
2024-07-19T13:36:00Z,SEDENTARY,Fitbit App
2024-07-19T13:37:00Z,SEDENTARY,Fitbit App
2024-07-19T13:38:00Z,LIGHTLY_ACTIVE,Fitbit App
2024-07-19T13:39:00Z,LIGHTLY_ACTIVE,Fitbit App
2024-07-19T13:40:00Z,SEDENTARY,Fitbit App
2024-07-19T13:41:00Z,LIGHTLY_ACTIVE,Fitbit App
2024-07-19T13:42:00Z,LIGHTLY_ACTIVE,Fitbit App
2024-07-19T13:43:00Z,LIGHTLY_ACTIVE,Fitbit App
2024-07-19T13:44:00Z,LIGHTLY_ACTIVE,Fitbit App
2024-07-19T13:45:00Z,VERY_ACTIVE,Fitbit App
2024-07-19T13:46:00Z,MODERATELY_ACTIVE,Fitbit App
2024-07-19T13:47:00Z,SEDENTARY,Fitbit App
2024-07-19T13:48:00Z,SEDENTARY,Fitbit App
2024-07-19T13:49:00Z,LIGHTLY_ACTIVE,Fitbit App
2024-07-19T13:50:00Z,SEDENTARY,Fitbit App
2024-07-19T13:51:00Z,LIGHTLY_ACTIVE,Fitbit App
2024-07-19T13:52:00Z,LIGHTLY_ACTIVE,Fitbit App
2024-07-19T13:53:00Z,LIGHTLY_ACTIVE,Fitbit App
2024-07-19T13:54:00Z,SEDENTARY,Fitbit App
2024-07-19T13:55:00Z,SEDENTARY,Fitbit App
2024-07-19T13:56:00Z,SEDENTARY,Fitbit App
2024-07-19T13:57:00Z,SEDENTARY,Fitbit App
2024-07-19T13:58:00Z,SEDENTARY,Fitbit App
2024-07-19T13:59:00Z,SEDENTARY,Fitbit App
2024-07-19T14:00:00Z,SEDENTARY,Fitbit App
2024-07-19T14:01:00Z,SEDENTARY,Fitbit App
2024-07-19T14:02:00Z,SEDENTARY,Fitbit App
2024-07-19T14:03:00Z,SEDENTARY,Fitbit App
2024-07-19T14:04:00Z,SEDENTARY,Fitbit App
2024-07-19T14:05:00Z,SEDENTARY,Fitbit App
2024-07-19T14:06:00Z,SEDENTARY,Fitbit App
2024-07-19T14:07:00Z,SEDENTARY,Fitbit App
2024-07-19T14:08:00Z,SEDENTARY,Fitbit App
2024-07-19T14:09:00Z,SEDENTARY,Fitbit App
2024-07-19T14:10:00Z,SEDENTARY,Fitbit App
2024-07-19T14:11:00Z,SEDENTARY,Fitbit App
2024-07-19T14:12:00Z,SEDENTARY,Fitbit App
2024-07-19T14:13:00Z,MODERATELY_ACTIVE,Fitbit App
2024-07-19T14:14:00Z,MODERATELY_ACTIVE,Fitbit App
2024-07-19T14:15:00Z,SEDENTARY,Fitbit App
2024-07-19T14:16:00Z,SEDENTARY,Fitbit App
2024-07-19T14:17:00Z,SEDENTARY,Fitbit App
2024-07-19T14:18:00Z,SEDENTARY,Fitbit App
2024-07-19T14:19:00Z,SEDENTARY,Fitbit App
2024-07-19T14:20:00Z,LIGHTLY_ACTIVE,Fitbit App
2024-07-19T14:21:00Z,LIGHTLY_ACTIVE,Fitbit App
2024-07-19T14:22:00Z,VERY_ACTIVE,Fitbit App
2024-07-19T14:23:00Z,MODERATELY_ACTIVE,Fitbit App
2024-07-19T14:24:00Z,MODERATELY_ACTIVE,Fitbit App
2024-07-19T14:25:00Z,LIGHTLY_ACTIVE,Fitbit App
2024-07-19T14:26:00Z,LIGHTLY_ACTIVE,Fitbit App
2024-07-19T14:27:00Z,LIGHTLY_ACTIVE,Fitbit App
2024-07-19T14:28:00Z,LIGHTLY_ACTIVE,Fitbit App
2024-07-19T14:29:00Z,SEDENTARY,Fitbit App
2024-07-19T14:30:00Z,LIGHTLY_ACTIVE,Fitbit App
2024-07-19T14:31:00Z,LIGHTLY_ACTIVE,Fitbit App
2024-07-19T14:32:00Z,SEDENTARY,Fitbit App
2024-07-19T14:33:00Z,SEDENTARY,Fitbit App
2024-07-19T14:34:00Z,SEDENTARY,Fitbit App
2024-07-19T14:35:00Z,SEDENTARY,Fitbit App
2024-07-19T14:36:00Z,LIGHTLY_ACTIVE,Fitbit App
2024-07-19T14:37:00Z,SEDENTARY,Fitbit App
2024-07-19T14:38:00Z,SEDENTARY,Fitbit App
2024-07-19T14:39:00Z,SEDENTARY,Fitbit App
2024-07-19T14:40:00Z,SEDENTARY,Fitbit App
2024-07-19T14:41:00Z,LIGHTLY_ACTIVE,Fitbit App
2024-07-19T14:42:00Z,LIGHTLY_ACTIVE,Fitbit App
2024-07-19T14:43:00Z,SEDENTARY,Fitbit App
2024-07-19T14:44:00Z,LIGHTLY_ACTIVE,Fitbit App
2024-07-19T14:45:00Z,LIGHTLY_ACTIVE,Fitbit App
2024-07-19T14:46:00Z,MODERATELY_ACTIVE,Fitbit App
2024-07-19T14:47:00Z,LIGHTLY_ACTIVE,Fitbit App
2024-07-19T14:48:00Z,MODERATELY_ACTIVE,Fitbit App
2024-07-19T14:49:00Z,MODERATELY_ACTIVE,Fitbit App
2024-07-19T14:50:00Z,MODERATELY_ACTIVE,Fitbit App
2024-07-19T14:51:00Z,SEDENTARY,Fitbit App
2024-07-19T14:52:00Z,LIGHTLY_ACTIVE,Fitbit App
2024-07-19T14:53:00Z,LIGHTLY_ACTIVE,Fitbit App
2024-07-19T14:54:00Z,SEDENTARY,Fitbit App
2024-07-19T14:55:00Z,SEDENTARY,Fitbit App
2024-07-19T14:56:00Z,LIGHTLY_ACTIVE,Fitbit App
2024-07-19T14:57:00Z,LIGHTLY_ACTIVE,Fitbit App
2024-07-19T14:58:00Z,SEDENTARY,Fitbit App
2024-07-19T14:59:00Z,LIGHTLY_ACTIVE,Fitbit App
2024-07-19T15:00:00Z,SEDENTARY,Fitbit App
2024-07-19T15:01:00Z,SEDENTARY,Fitbit App
2024-07-19T15:02:00Z,SEDENTARY,Fitbit App
2024-07-19T15:03:00Z,LIGHTLY_ACTIVE,Fitbit App
2024-07-19T15:04:00Z,LIGHTLY_ACTIVE,Fitbit App
2024-07-19T15:05:00Z,LIGHTLY_ACTIVE,Fitbit App
2024-07-19T15:06:00Z,LIGHTLY_ACTIVE,Fitbit App
2024-07-19T15:07:00Z,SEDENTARY,Fitbit App
2024-07-19T15:08:00Z,SEDENTARY,Fitbit App
2024-07-19T15:09:00Z,SEDENTARY,Fitbit App
2024-07-19T15:10:00Z,SEDENTARY,Fitbit App
2024-07-19T15:11:00Z,SEDENTARY,Fitbit App
2024-07-19T15:12:00Z,SEDENTARY,Fitbit App
2024-07-19T15:13:00Z,SEDENTARY,Fitbit App
2024-07-19T15:14:00Z,SEDENTARY,Fitbit App
2024-07-19T15:15:00Z,SEDENTARY,Fitbit App
2024-07-19T15:16:00Z,SEDENTARY,Fitbit App
2024-07-19T15:17:00Z,SEDENTARY,Fitbit App
2024-07-19T15:18:00Z,SEDENTARY,Fitbit App
2024-07-19T15:19:00Z,SEDENTARY,Fitbit App
2024-07-19T15:20:00Z,SEDENTARY,Fitbit App
2024-07-19T15:21:00Z,SEDENTARY,Fitbit App
2024-07-19T15:22:00Z,SEDENTARY,Fitbit App
2024-07-19T15:23:00Z,SEDENTARY,Fitbit App
2024-07-19T15:24:00Z,LIGHTLY_ACTIVE,Fitbit App
2024-07-19T15:25:00Z,MODERATELY_ACTIVE,Fitbit App
2024-07-19T15:26:00Z,MODERATELY_ACTIVE,Fitbit App
2024-07-19T15:27:00Z,VERY_ACTIVE,Fitbit App
2024-07-19T15:28:00Z,VERY_ACTIVE,Fitbit App
2024-07-19T15:29:00Z,VERY_ACTIVE,Fitbit App
2024-07-19T15:30:00Z,VERY_ACTIVE,Fitbit App
2024-07-19T15:31:00Z,VERY_ACTIVE,Fitbit App
2024-07-19T15:32:00Z,VERY_ACTIVE,Fitbit App
2024-07-19T15:33:00Z,MODERATELY_ACTIVE,Fitbit App
2024-07-19T15:34:00Z,MODERATELY_ACTIVE,Fitbit App
2024-07-19T15:35:00Z,MODERATELY_ACTIVE,Fitbit App
2024-07-19T15:36:00Z,VERY_ACTIVE,Fitbit App
2024-07-19T15:37:00Z,VERY_ACTIVE,Fitbit App
2024-07-19T15:38:00Z,VERY_ACTIVE,Fitbit App
2024-07-19T15:39:00Z,VERY_ACTIVE,Fitbit App
2024-07-19T15:40:00Z,MODERATELY_ACTIVE,Fitbit App
2024-07-19T15:41:00Z,MODERATELY_ACTIVE,Fitbit App
2024-07-19T15:42:00Z,MODERATELY_ACTIVE,Fitbit App
2024-07-19T15:43:00Z,VERY_ACTIVE,Fitbit App
2024-07-19T15:44:00Z,LIGHTLY_ACTIVE,Fitbit App
2024-07-19T15:45:00Z,LIGHTLY_ACTIVE,Fitbit App
2024-07-19T15:46:00Z,SEDENTARY,Fitbit App
2024-07-19T15:47:00Z,SEDENTARY,Fitbit App
2024-07-19T15:48:00Z,SEDENTARY,Fitbit App
2024-07-19T15:49:00Z,SEDENTARY,Fitbit App
2024-07-19T15:50:00Z,SEDENTARY,Fitbit App
2024-07-19T15:51:00Z,SEDENTARY,Fitbit App
2024-07-19T15:52:00Z,SEDENTARY,Fitbit App
2024-07-19T15:53:00Z,SEDENTARY,Fitbit App
2024-07-19T15:54:00Z,SEDENTARY,Fitbit App
2024-07-19T15:55:00Z,SEDENTARY,Fitbit App
2024-07-19T15:56:00Z,SEDENTARY,Fitbit App
2024-07-19T15:57:00Z,SEDENTARY,Fitbit App
2024-07-19T15:58:00Z,SEDENTARY,Fitbit App
2024-07-19T15:59:00Z,SEDENTARY,Fitbit App
2024-07-19T16:00:00Z,LIGHTLY_ACTIVE,Fitbit App
2024-07-19T16:01:00Z,SEDENTARY,Fitbit App
2024-07-19T16:02:00Z,SEDENTARY,Fitbit App
2024-07-19T16:03:00Z,SEDENTARY,Fitbit App
2024-07-19T16:04:00Z,SEDENTARY,Fitbit App
2024-07-19T16:05:00Z,SEDENTARY,Fitbit App
2024-07-19T16:07:00Z,SEDENTARY,Fitbit App
2024-07-19T16:08:00Z,SEDENTARY,Fitbit App
2024-07-19T16:09:00Z,SEDENTARY,Fitbit App
2024-07-19T16:10:00Z,SEDENTARY,Fitbit App
2024-07-19T16:11:00Z,SEDENTARY,Fitbit App
2024-07-19T16:12:00Z,SEDENTARY,Fitbit App
2024-07-19T16:13:00Z,SEDENTARY,Fitbit App
2024-07-19T16:14:00Z,LIGHTLY_ACTIVE,Fitbit App
2024-07-19T16:15:00Z,LIGHTLY_ACTIVE,Fitbit App
2024-07-19T16:16:00Z,SEDENTARY,Fitbit App
2024-07-19T16:17:00Z,SEDENTARY,Fitbit App
2024-07-19T16:18:00Z,SEDENTARY,Fitbit App
2024-07-19T16:19:00Z,SEDENTARY,Fitbit App
2024-07-19T16:20:00Z,SEDENTARY,Fitbit App
2024-07-19T16:21:00Z,SEDENTARY,Fitbit App
2024-07-19T16:22:00Z,SEDENTARY,Fitbit App
2024-07-19T16:23:00Z,SEDENTARY,Fitbit App
2024-07-19T16:24:00Z,MODERATELY_ACTIVE,Fitbit App
2024-07-19T16:25:00Z,MODERATELY_ACTIVE,Fitbit App
2024-07-19T16:26:00Z,MODERATELY_ACTIVE,Fitbit App
2024-07-19T16:27:00Z,MODERATELY_ACTIVE,Fitbit App
2024-07-19T16:28:00Z,LIGHTLY_ACTIVE,Fitbit App
2024-07-19T16:29:00Z,MODERATELY_ACTIVE,Fitbit App
2024-07-19T16:30:00Z,MODERATELY_ACTIVE,Fitbit App
2024-07-19T16:31:00Z,MODERATELY_ACTIVE,Fitbit App
2024-07-19T16:32:00Z,VERY_ACTIVE,Fitbit App
2024-07-19T16:33:00Z,VERY_ACTIVE,Fitbit App
2024-07-19T16:34:00Z,VERY_ACTIVE,Fitbit App
2024-07-19T16:35:00Z,VERY_ACTIVE,Fitbit App
2024-07-19T16:36:00Z,VERY_ACTIVE,Fitbit App
2024-07-19T16:37:00Z,VERY_ACTIVE,Fitbit App
2024-07-19T16:38:00Z,VERY_ACTIVE,Fitbit App
2024-07-19T16:39:00Z,VERY_ACTIVE,Fitbit App
2024-07-19T16:40:00Z,VERY_ACTIVE,Fitbit App
2024-07-19T16:41:00Z,VERY_ACTIVE,Fitbit App
2024-07-19T16:42:00Z,VERY_ACTIVE,Fitbit App
2024-07-19T16:43:00Z,VERY_ACTIVE,Fitbit App
2024-07-19T16:44:00Z,VERY_ACTIVE,Fitbit App
2024-07-19T16:45:00Z,VERY_ACTIVE,Fitbit App
2024-07-19T16:46:00Z,VERY_ACTIVE,Fitbit App
2024-07-19T16:47:00Z,VERY_ACTIVE,Fitbit App
2024-07-19T16:48:00Z,VERY_ACTIVE,Fitbit App
2024-07-19T16:49:00Z,VERY_ACTIVE,Fitbit App
2024-07-19T16:50:00Z,VERY_ACTIVE,Fitbit App
2024-07-19T16:51:00Z,VERY_ACTIVE,Fitbit App
2024-07-19T16:52:00Z,VERY_ACTIVE,Fitbit App
2024-07-19T16:53:00Z,VERY_ACTIVE,Fitbit App
2024-07-19T16:54:00Z,VERY_ACTIVE,Fitbit App
2024-07-19T16:55:00Z,VERY_ACTIVE,Fitbit App
2024-07-19T16:56:00Z,MODERATELY_ACTIVE,Fitbit App
2024-07-19T16:57:00Z,VERY_ACTIVE,Fitbit App
2024-07-19T16:58:00Z,LIGHTLY_ACTIVE,Fitbit App
2024-07-19T16:59:00Z,LIGHTLY_ACTIVE,Fitbit App
2024-07-19T17:00:00Z,LIGHTLY_ACTIVE,Fitbit App
2024-07-19T17:01:00Z,MODERATELY_ACTIVE,Fitbit App
2024-07-19T17:02:00Z,VERY_ACTIVE,Fitbit App
2024-07-19T17:03:00Z,VERY_ACTIVE,Fitbit App
2024-07-19T17:04:00Z,MODERATELY_ACTIVE,Fitbit App
2024-07-19T17:05:00Z,MODERATELY_ACTIVE,Fitbit App
2024-07-19T17:06:00Z,MODERATELY_ACTIVE,Fitbit App
2024-07-19T17:07:00Z,MODERATELY_ACTIVE,Fitbit App
2024-07-19T17:08:00Z,VERY_ACTIVE,Fitbit App
2024-07-19T17:09:00Z,MODERATELY_ACTIVE,Fitbit App
2024-07-19T17:10:00Z,MODERATELY_ACTIVE,Fitbit App
2024-07-19T17:11:00Z,SEDENTARY,Fitbit App
2024-07-19T17:12:00Z,LIGHTLY_ACTIVE,Fitbit App
2024-07-19T17:13:00Z,MODERATELY_ACTIVE,Fitbit App
2024-07-19T17:14:00Z,MODERATELY_ACTIVE,Fitbit App
2024-07-19T17:15:00Z,MODERATELY_ACTIVE,Fitbit App
2024-07-19T17:16:00Z,VERY_ACTIVE,Fitbit App
2024-07-19T17:17:00Z,MODERATELY_ACTIVE,Fitbit App
2024-07-19T17:18:00Z,MODERATELY_ACTIVE,Fitbit App
2024-07-19T17:19:00Z,VERY_ACTIVE,Fitbit App
2024-07-19T17:20:00Z,VERY_ACTIVE,Fitbit App
2024-07-19T17:21:00Z,MODERATELY_ACTIVE,Fitbit App
2024-07-19T17:22:00Z,VERY_ACTIVE,Fitbit App
2024-07-19T17:23:00Z,MODERATELY_ACTIVE,Fitbit App
2024-07-19T17:24:00Z,MODERATELY_ACTIVE,Fitbit App
2024-07-19T17:25:00Z,MODERATELY_ACTIVE,Fitbit App
2024-07-19T17:26:00Z,VERY_ACTIVE,Fitbit App
2024-07-19T17:27:00Z,VERY_ACTIVE,Fitbit App
2024-07-19T17:28:00Z,MODERATELY_ACTIVE,Fitbit App
2024-07-19T17:29:00Z,VERY_ACTIVE,Fitbit App
2024-07-19T17:30:00Z,VERY_ACTIVE,Fitbit App
2024-07-19T17:31:00Z,VERY_ACTIVE,Fitbit App
2024-07-19T17:32:00Z,MODERATELY_ACTIVE,Fitbit App
2024-07-19T17:33:00Z,MODERATELY_ACTIVE,Fitbit App
2024-07-19T17:34:00Z,MODERATELY_ACTIVE,Fitbit App
2024-07-19T17:35:00Z,MODERATELY_ACTIVE,Fitbit App
2024-07-19T17:36:00Z,VERY_ACTIVE,Fitbit App
2024-07-19T17:37:00Z,VERY_ACTIVE,Fitbit App
2024-07-19T17:38:00Z,VERY_ACTIVE,Fitbit App
2024-07-19T17:39:00Z,MODERATELY_ACTIVE,Fitbit App
2024-07-19T17:40:00Z,MODERATELY_ACTIVE,Fitbit App
2024-07-19T17:41:00Z,MODERATELY_ACTIVE,Fitbit App
2024-07-19T17:42:00Z,MODERATELY_ACTIVE,Fitbit App
2024-07-19T17:43:00Z,MODERATELY_ACTIVE,Fitbit App
2024-07-19T17:44:00Z,MODERATELY_ACTIVE,Fitbit App
2024-07-19T17:45:00Z,SEDENTARY,Fitbit App
2024-07-19T17:46:00Z,VERY_ACTIVE,Fitbit App
2024-07-19T17:47:00Z,MODERATELY_ACTIVE,Fitbit App
2024-07-19T17:48:00Z,MODERATELY_ACTIVE,Fitbit App
2024-07-19T17:49:00Z,VERY_ACTIVE,Fitbit App
2024-07-19T17:50:00Z,MODERATELY_ACTIVE,Fitbit App
2024-07-19T17:51:00Z,MODERATELY_ACTIVE,Fitbit App
2024-07-19T17:52:00Z,VERY_ACTIVE,Fitbit App
2024-07-19T17:53:00Z,MODERATELY_ACTIVE,Fitbit App
2024-07-19T17:54:00Z,MODERATELY_ACTIVE,Fitbit App
2024-07-19T17:55:00Z,MODERATELY_ACTIVE,Fitbit App
2024-07-19T17:56:00Z,MODERATELY_ACTIVE,Fitbit App
2024-07-19T17:57:00Z,MODERATELY_ACTIVE,Fitbit App
2024-07-19T17:58:00Z,VERY_ACTIVE,Fitbit App
2024-07-19T17:59:00Z,MODERATELY_ACTIVE,Fitbit App
2024-07-19T18:00:00Z,VERY_ACTIVE,Fitbit App
2024-07-19T18:01:00Z,VERY_ACTIVE,Fitbit App
2024-07-19T18:02:00Z,MODERATELY_ACTIVE,Fitbit App
2024-07-19T18:03:00Z,MODERATELY_ACTIVE,Fitbit App
2024-07-19T18:04:00Z,MODERATELY_ACTIVE,Fitbit App
2024-07-19T18:05:00Z,MODERATELY_ACTIVE,Fitbit App
2024-07-19T18:06:00Z,MODERATELY_ACTIVE,Fitbit App
2024-07-19T18:07:00Z,VERY_ACTIVE,Fitbit App
2024-07-19T18:08:00Z,VERY_ACTIVE,Fitbit App
2024-07-19T18:09:00Z,VERY_ACTIVE,Fitbit App
2024-07-19T18:10:00Z,VERY_ACTIVE,Fitbit App
2024-07-19T18:11:00Z,VERY_ACTIVE,Fitbit App
2024-07-19T18:12:00Z,VERY_ACTIVE,Fitbit App
2024-07-19T18:13:00Z,MODERATELY_ACTIVE,Fitbit App
2024-07-19T18:14:00Z,MODERATELY_ACTIVE,Fitbit App
2024-07-19T18:15:00Z,MODERATELY_ACTIVE,Fitbit App
2024-07-19T18:16:00Z,LIGHTLY_ACTIVE,Fitbit App
2024-07-19T18:17:00Z,VERY_ACTIVE,Fitbit App
2024-07-19T18:18:00Z,VERY_ACTIVE,Fitbit App
2024-07-19T18:19:00Z,MODERATELY_ACTIVE,Fitbit App
2024-07-19T18:20:00Z,MODERATELY_ACTIVE,Fitbit App
2024-07-19T18:21:00Z,MODERATELY_ACTIVE,Fitbit App
2024-07-19T18:22:00Z,VERY_ACTIVE,Fitbit App
2024-07-19T18:23:00Z,VERY_ACTIVE,Fitbit App
2024-07-19T18:24:00Z,VERY_ACTIVE,Fitbit App
2024-07-19T18:25:00Z,VERY_ACTIVE,Fitbit App
2024-07-19T18:26:00Z,MODERATELY_ACTIVE,Fitbit App
2024-07-19T18:27:00Z,VERY_ACTIVE,Fitbit App
2024-07-19T18:28:00Z,VERY_ACTIVE,Fitbit App
2024-07-19T18:29:00Z,VERY_ACTIVE,Fitbit App
2024-07-19T18:30:00Z,VERY_ACTIVE,Fitbit App
2024-07-19T18:31:00Z,MODERATELY_ACTIVE,Fitbit App
2024-07-19T18:32:00Z,MODERATELY_ACTIVE,Fitbit App
2024-07-19T18:33:00Z,MODERATELY_ACTIVE,Fitbit App
2024-07-19T18:34:00Z,MODERATELY_ACTIVE,Fitbit App
2024-07-19T18:35:00Z,MODERATELY_ACTIVE,Fitbit App
2024-07-19T18:36:00Z,MODERATELY_ACTIVE,Fitbit App
2024-07-19T18:37:00Z,MODERATELY_ACTIVE,Fitbit App
2024-07-19T18:38:00Z,VERY_ACTIVE,Fitbit App
2024-07-19T18:39:00Z,MODERATELY_ACTIVE,Fitbit App
2024-07-19T18:40:00Z,MODERATELY_ACTIVE,Fitbit App
2024-07-19T18:41:00Z,MODERATELY_ACTIVE,Fitbit App
2024-07-19T18:42:00Z,VERY_ACTIVE,Fitbit App
2024-07-19T18:43:00Z,VERY_ACTIVE,Fitbit App
2024-07-19T18:44:00Z,VERY_ACTIVE,Fitbit App
2024-07-19T18:45:00Z,MODERATELY_ACTIVE,Fitbit App
2024-07-19T18:46:00Z,MODERATELY_ACTIVE,Fitbit App
2024-07-19T18:47:00Z,MODERATELY_ACTIVE,Fitbit App
2024-07-19T18:48:00Z,MODERATELY_ACTIVE,Fitbit App
2024-07-19T18:49:00Z,MODERATELY_ACTIVE,Fitbit App
2024-07-19T18:50:00Z,MODERATELY_ACTIVE,Fitbit App
2024-07-19T18:51:00Z,MODERATELY_ACTIVE,Fitbit App
2024-07-19T18:52:00Z,MODERATELY_ACTIVE,Fitbit App
2024-07-19T18:53:00Z,MODERATELY_ACTIVE,Fitbit App
2024-07-19T18:54:00Z,MODERATELY_ACTIVE,Fitbit App
2024-07-19T18:55:00Z,MODERATELY_ACTIVE,Fitbit App
2024-07-19T18:56:00Z,MODERATELY_ACTIVE,Fitbit App
2024-07-19T18:57:00Z,MODERATELY_ACTIVE,Fitbit App
2024-07-19T18:58:00Z,LIGHTLY_ACTIVE,Fitbit App
2024-07-19T18:59:00Z,LIGHTLY_ACTIVE,Fitbit App
2024-07-19T19:00:00Z,LIGHTLY_ACTIVE,Fitbit App
2024-07-19T19:01:00Z,SEDENTARY,Fitbit App
2024-07-19T19:02:00Z,SEDENTARY,Fitbit App
2024-07-19T19:03:00Z,SEDENTARY,Fitbit App
2024-07-19T19:04:00Z,SEDENTARY,Fitbit App
2024-07-19T19:05:00Z,SEDENTARY,Fitbit App
2024-07-19T19:06:00Z,SEDENTARY,Fitbit App
2024-07-19T19:07:00Z,SEDENTARY,Fitbit App
2024-07-19T19:08:00Z,SEDENTARY,Fitbit App
2024-07-19T19:09:00Z,LIGHTLY_ACTIVE,Fitbit App
2024-07-19T19:10:00Z,SEDENTARY,Fitbit App
2024-07-19T19:11:00Z,LIGHTLY_ACTIVE,Fitbit App
2024-07-19T19:12:00Z,MODERATELY_ACTIVE,Fitbit App
2024-07-19T19:13:00Z,MODERATELY_ACTIVE,Fitbit App
2024-07-19T19:14:00Z,MODERATELY_ACTIVE,Fitbit App
2024-07-19T19:15:00Z,MODERATELY_ACTIVE,Fitbit App
2024-07-19T19:16:00Z,MODERATELY_ACTIVE,Fitbit App
2024-07-19T19:17:00Z,VERY_ACTIVE,Fitbit App
2024-07-19T19:18:00Z,MODERATELY_ACTIVE,Fitbit App
2024-07-19T19:19:00Z,MODERATELY_ACTIVE,Fitbit App
2024-07-19T19:20:00Z,MODERATELY_ACTIVE,Fitbit App
2024-07-19T19:21:00Z,LIGHTLY_ACTIVE,Fitbit App
2024-07-19T19:22:00Z,SEDENTARY,Fitbit App
2024-07-19T19:23:00Z,SEDENTARY,Fitbit App
2024-07-19T19:24:00Z,LIGHTLY_ACTIVE,Fitbit App
2024-07-19T19:25:00Z,MODERATELY_ACTIVE,Fitbit App
2024-07-19T19:26:00Z,VERY_ACTIVE,Fitbit App
2024-07-19T19:27:00Z,MODERATELY_ACTIVE,Fitbit App
2024-07-19T19:28:00Z,MODERATELY_ACTIVE,Fitbit App
2024-07-19T19:29:00Z,MODERATELY_ACTIVE,Fitbit App
2024-07-19T19:30:00Z,LIGHTLY_ACTIVE,Fitbit App
2024-07-19T19:31:00Z,MODERATELY_ACTIVE,Fitbit App
2024-07-19T19:32:00Z,SEDENTARY,Fitbit App
2024-07-19T19:33:00Z,MODERATELY_ACTIVE,Fitbit App
2024-07-19T19:34:00Z,MODERATELY_ACTIVE,Fitbit App
2024-07-19T19:35:00Z,SEDENTARY,Fitbit App
2024-07-19T19:36:00Z,MODERATELY_ACTIVE,Fitbit App
2024-07-19T19:37:00Z,VERY_ACTIVE,Fitbit App
2024-07-19T19:38:00Z,MODERATELY_ACTIVE,Fitbit App
2024-07-19T19:39:00Z,MODERATELY_ACTIVE,Fitbit App
2024-07-19T19:40:00Z,SEDENTARY,Fitbit App
2024-07-19T19:41:00Z,SEDENTARY,Fitbit App
2024-07-19T19:42:00Z,LIGHTLY_ACTIVE,Fitbit App
2024-07-19T19:43:00Z,SEDENTARY,Fitbit App
2024-07-19T19:44:00Z,SEDENTARY,Fitbit App
2024-07-19T19:45:00Z,SEDENTARY,Fitbit App
2024-07-19T19:46:00Z,LIGHTLY_ACTIVE,Fitbit App
2024-07-19T19:47:00Z,LIGHTLY_ACTIVE,Fitbit App
2024-07-19T19:48:00Z,MODERATELY_ACTIVE,Fitbit App
2024-07-19T19:49:00Z,LIGHTLY_ACTIVE,Fitbit App
2024-07-19T19:50:00Z,MODERATELY_ACTIVE,Fitbit App
2024-07-19T19:51:00Z,LIGHTLY_ACTIVE,Fitbit App
2024-07-19T19:52:00Z,SEDENTARY,Fitbit App
2024-07-19T19:53:00Z,SEDENTARY,Fitbit App
2024-07-19T19:54:00Z,SEDENTARY,Fitbit App
2024-07-19T19:55:00Z,LIGHTLY_ACTIVE,Fitbit App
2024-07-19T19:56:00Z,SEDENTARY,Fitbit App
2024-07-19T19:57:00Z,MODERATELY_ACTIVE,Fitbit App
2024-07-19T19:58:00Z,VERY_ACTIVE,Fitbit App
2024-07-19T19:59:00Z,SEDENTARY,Fitbit App
2024-07-19T20:00:00Z,SEDENTARY,Fitbit App
2024-07-19T20:01:00Z,SEDENTARY,Fitbit App
2024-07-19T20:02:00Z,SEDENTARY,Fitbit App
2024-07-19T20:03:00Z,SEDENTARY,Fitbit App
2024-07-19T20:04:00Z,SEDENTARY,Fitbit App
2024-07-19T20:05:00Z,SEDENTARY,Fitbit App
2024-07-19T20:06:00Z,SEDENTARY,Fitbit App
2024-07-19T20:07:00Z,SEDENTARY,Fitbit App
2024-07-19T20:08:00Z,SEDENTARY,Fitbit App
2024-07-19T20:09:00Z,SEDENTARY,Fitbit App
2024-07-19T20:10:00Z,SEDENTARY,Fitbit App
2024-07-19T20:11:00Z,SEDENTARY,Fitbit App
2024-07-19T20:12:00Z,SEDENTARY,Fitbit App
2024-07-19T20:13:00Z,SEDENTARY,Fitbit App
2024-07-19T20:14:00Z,SEDENTARY,Fitbit App
2024-07-19T20:15:00Z,LIGHTLY_ACTIVE,Fitbit App
2024-07-19T20:16:00Z,SEDENTARY,Fitbit App
2024-07-19T20:17:00Z,SEDENTARY,Fitbit App
2024-07-19T20:18:00Z,LIGHTLY_ACTIVE,Fitbit App
2024-07-19T20:19:00Z,SEDENTARY,Fitbit App
2024-07-19T20:20:00Z,SEDENTARY,Fitbit App
2024-07-19T20:21:00Z,SEDENTARY,Fitbit App
2024-07-19T20:22:00Z,SEDENTARY,Fitbit App
2024-07-19T20:23:00Z,SEDENTARY,Fitbit App
2024-07-19T20:24:00Z,LIGHTLY_ACTIVE,Fitbit App
2024-07-19T20:25:00Z,SEDENTARY,Fitbit App
2024-07-19T20:26:00Z,SEDENTARY,Fitbit App
2024-07-19T20:27:00Z,SEDENTARY,Fitbit App
2024-07-19T20:28:00Z,MODERATELY_ACTIVE,Fitbit App
2024-07-19T20:29:00Z,MODERATELY_ACTIVE,Fitbit App
2024-07-19T20:30:00Z,SEDENTARY,Fitbit App
2024-07-19T20:31:00Z,SEDENTARY,Fitbit App
2024-07-19T20:32:00Z,MODERATELY_ACTIVE,Fitbit App
2024-07-19T20:33:00Z,SEDENTARY,Fitbit App
2024-07-19T20:34:00Z,SEDENTARY,Fitbit App
2024-07-19T20:35:00Z,SEDENTARY,Fitbit App
2024-07-19T20:36:00Z,SEDENTARY,Fitbit App
2024-07-19T20:37:00Z,SEDENTARY,Fitbit App
2024-07-19T20:38:00Z,SEDENTARY,Fitbit App
2024-07-19T20:39:00Z,LIGHTLY_ACTIVE,Fitbit App
2024-07-19T20:40:00Z,MODERATELY_ACTIVE,Fitbit App
2024-07-19T20:41:00Z,MODERATELY_ACTIVE,Fitbit App
2024-07-19T20:42:00Z,LIGHTLY_ACTIVE,Fitbit App
2024-07-19T20:43:00Z,LIGHTLY_ACTIVE,Fitbit App
2024-07-19T20:44:00Z,LIGHTLY_ACTIVE,Fitbit App
2024-07-19T20:45:00Z,SEDENTARY,Fitbit App
2024-07-19T20:46:00Z,SEDENTARY,Fitbit App
2024-07-19T20:47:00Z,SEDENTARY,Fitbit App
2024-07-19T20:48:00Z,SEDENTARY,Fitbit App
2024-07-19T20:49:00Z,SEDENTARY,Fitbit App
2024-07-19T20:50:00Z,SEDENTARY,Fitbit App
2024-07-19T20:51:00Z,SEDENTARY,Fitbit App
2024-07-19T20:52:00Z,SEDENTARY,Fitbit App
2024-07-19T20:53:00Z,SEDENTARY,Fitbit App
2024-07-19T20:54:00Z,SEDENTARY,Fitbit App
2024-07-19T20:55:00Z,SEDENTARY,Fitbit App
2024-07-19T20:56:00Z,SEDENTARY,Fitbit App
2024-07-19T20:57:00Z,SEDENTARY,Fitbit App
2024-07-19T20:58:00Z,SEDENTARY,Fitbit App
2024-07-19T20:59:00Z,SEDENTARY,Fitbit App
2024-07-19T21:00:00Z,SEDENTARY,Fitbit App
2024-07-19T21:01:00Z,SEDENTARY,Fitbit App
2024-07-19T21:02:00Z,SEDENTARY,Fitbit App
2024-07-19T21:03:00Z,SEDENTARY,Fitbit App
2024-07-19T21:04:00Z,SEDENTARY,Fitbit App
2024-07-19T21:05:00Z,MODERATELY_ACTIVE,Fitbit App
2024-07-19T21:06:00Z,MODERATELY_ACTIVE,Fitbit App
2024-07-19T21:07:00Z,MODERATELY_ACTIVE,Fitbit App
2024-07-19T21:08:00Z,MODERATELY_ACTIVE,Fitbit App
2024-07-19T21:09:00Z,VERY_ACTIVE,Fitbit App
2024-07-19T21:10:00Z,VERY_ACTIVE,Fitbit App
2024-07-19T21:11:00Z,VERY_ACTIVE,Fitbit App
2024-07-19T21:12:00Z,VERY_ACTIVE,Fitbit App
2024-07-19T21:13:00Z,VERY_ACTIVE,Fitbit App
2024-07-19T21:14:00Z,VERY_ACTIVE,Fitbit App
2024-07-19T21:15:00Z,MODERATELY_ACTIVE,Fitbit App
2024-07-19T21:16:00Z,MODERATELY_ACTIVE,Fitbit App
2024-07-19T21:17:00Z,LIGHTLY_ACTIVE,Fitbit App
2024-07-19T21:18:00Z,LIGHTLY_ACTIVE,Fitbit App
2024-07-19T21:19:00Z,SEDENTARY,Fitbit App
2024-07-19T21:20:00Z,LIGHTLY_ACTIVE,Fitbit App
2024-07-19T21:21:00Z,VERY_ACTIVE,Fitbit App
2024-07-19T21:22:00Z,VERY_ACTIVE,Fitbit App
2024-07-19T21:23:00Z,VERY_ACTIVE,Fitbit App
2024-07-19T21:24:00Z,VERY_ACTIVE,Fitbit App
2024-07-19T21:25:00Z,VERY_ACTIVE,Fitbit App
2024-07-19T21:26:00Z,LIGHTLY_ACTIVE,Fitbit App
2024-07-19T21:27:00Z,SEDENTARY,Fitbit App
2024-07-19T21:28:00Z,SEDENTARY,Fitbit App
2024-07-19T21:29:00Z,SEDENTARY,Fitbit App
2024-07-19T21:30:00Z,LIGHTLY_ACTIVE,Fitbit App
2024-07-19T21:31:00Z,SEDENTARY,Fitbit App
2024-07-19T21:32:00Z,MODERATELY_ACTIVE,Fitbit App
2024-07-19T21:33:00Z,MODERATELY_ACTIVE,Fitbit App
2024-07-19T21:34:00Z,VERY_ACTIVE,Fitbit App
2024-07-19T21:35:00Z,MODERATELY_ACTIVE,Fitbit App
2024-07-19T21:36:00Z,MODERATELY_ACTIVE,Fitbit App
2024-07-19T21:37:00Z,VERY_ACTIVE,Fitbit App
2024-07-19T21:38:00Z,VERY_ACTIVE,Fitbit App
2024-07-19T21:39:00Z,VERY_ACTIVE,Fitbit App
2024-07-19T21:40:00Z,VERY_ACTIVE,Fitbit App
2024-07-19T21:41:00Z,VERY_ACTIVE,Fitbit App
2024-07-19T21:42:00Z,VERY_ACTIVE,Fitbit App
2024-07-19T21:43:00Z,VERY_ACTIVE,Fitbit App
2024-07-19T21:44:00Z,VERY_ACTIVE,Fitbit App
2024-07-19T21:45:00Z,VERY_ACTIVE,Fitbit App
2024-07-19T21:46:00Z,VERY_ACTIVE,Fitbit App
2024-07-19T21:47:00Z,VERY_ACTIVE,Fitbit App
2024-07-19T21:48:00Z,VERY_ACTIVE,Fitbit App
2024-07-19T21:49:00Z,VERY_ACTIVE,Fitbit App
2024-07-19T21:50:00Z,VERY_ACTIVE,Fitbit App
2024-07-19T21:51:00Z,VERY_ACTIVE,Fitbit App
2024-07-19T21:52:00Z,VERY_ACTIVE,Fitbit App
2024-07-19T21:53:00Z,VERY_ACTIVE,Fitbit App
2024-07-19T21:54:00Z,VERY_ACTIVE,Fitbit App
2024-07-19T21:55:00Z,VERY_ACTIVE,Fitbit App
2024-07-19T21:56:00Z,VERY_ACTIVE,Fitbit App
2024-07-19T21:57:00Z,MODERATELY_ACTIVE,Fitbit App
2024-07-19T21:58:00Z,VERY_ACTIVE,Fitbit App
2024-07-19T21:59:00Z,VERY_ACTIVE,Fitbit App
2024-07-19T22:00:00Z,MODERATELY_ACTIVE,Fitbit App
2024-07-19T22:01:00Z,MODERATELY_ACTIVE,Fitbit App
2024-07-19T22:02:00Z,MODERATELY_ACTIVE,Fitbit App
2024-07-19T22:03:00Z,VERY_ACTIVE,Fitbit App
2024-07-19T22:04:00Z,VERY_ACTIVE,Fitbit App
2024-07-19T22:05:00Z,VERY_ACTIVE,Fitbit App
2024-07-19T22:06:00Z,MODERATELY_ACTIVE,Fitbit App
2024-07-19T22:07:00Z,VERY_ACTIVE,Fitbit App
2024-07-19T22:08:00Z,VERY_ACTIVE,Fitbit App
2024-07-19T22:09:00Z,VERY_ACTIVE,Fitbit App
2024-07-19T22:10:00Z,MODERATELY_ACTIVE,Fitbit App
2024-07-19T22:11:00Z,MODERATELY_ACTIVE,Fitbit App
2024-07-19T22:12:00Z,MODERATELY_ACTIVE,Fitbit App
2024-07-19T22:13:00Z,MODERATELY_ACTIVE,Fitbit App
2024-07-19T22:14:00Z,VERY_ACTIVE,Fitbit App
2024-07-19T22:15:00Z,VERY_ACTIVE,Fitbit App
2024-07-19T22:16:00Z,VERY_ACTIVE,Fitbit App
2024-07-19T22:17:00Z,VERY_ACTIVE,Fitbit App
2024-07-19T22:18:00Z,VERY_ACTIVE,Fitbit App
2024-07-19T22:19:00Z,VERY_ACTIVE,Fitbit App
2024-07-19T22:20:00Z,VERY_ACTIVE,Fitbit App
2024-07-19T22:21:00Z,VERY_ACTIVE,Fitbit App
2024-07-19T22:22:00Z,VERY_ACTIVE,Fitbit App
2024-07-19T22:23:00Z,VERY_ACTIVE,Fitbit App
2024-07-19T22:24:00Z,VERY_ACTIVE,Fitbit App
2024-07-19T22:25:00Z,VERY_ACTIVE,Fitbit App
2024-07-19T22:26:00Z,MODERATELY_ACTIVE,Fitbit App
2024-07-19T22:27:00Z,LIGHTLY_ACTIVE,Fitbit App
2024-07-19T22:28:00Z,SEDENTARY,Fitbit App
2024-07-19T22:29:00Z,LIGHTLY_ACTIVE,Fitbit App
2024-07-19T22:30:00Z,LIGHTLY_ACTIVE,Fitbit App
2024-07-19T22:31:00Z,MODERATELY_ACTIVE,Fitbit App
2024-07-19T22:32:00Z,MODERATELY_ACTIVE,Fitbit App
2024-07-19T22:33:00Z,MODERATELY_ACTIVE,Fitbit App
2024-07-19T22:34:00Z,MODERATELY_ACTIVE,Fitbit App
2024-07-19T22:35:00Z,LIGHTLY_ACTIVE,Fitbit App
2024-07-19T22:36:00Z,MODERATELY_ACTIVE,Fitbit App
2024-07-19T22:37:00Z,MODERATELY_ACTIVE,Fitbit App
2024-07-19T22:38:00Z,MODERATELY_ACTIVE,Fitbit App
2024-07-19T22:39:00Z,MODERATELY_ACTIVE,Fitbit App
2024-07-19T22:40:00Z,MODERATELY_ACTIVE,Fitbit App
2024-07-19T22:41:00Z,MODERATELY_ACTIVE,Fitbit App
2024-07-19T22:42:00Z,MODERATELY_ACTIVE,Fitbit App
2024-07-19T22:43:00Z,LIGHTLY_ACTIVE,Fitbit App
2024-07-19T22:44:00Z,MODERATELY_ACTIVE,Fitbit App
2024-07-19T22:45:00Z,MODERATELY_ACTIVE,Fitbit App
2024-07-19T22:46:00Z,MODERATELY_ACTIVE,Fitbit App
2024-07-19T22:47:00Z,VERY_ACTIVE,Fitbit App
2024-07-19T22:48:00Z,MODERATELY_ACTIVE,Fitbit App
2024-07-19T22:49:00Z,MODERATELY_ACTIVE,Fitbit App
2024-07-19T22:50:00Z,VERY_ACTIVE,Fitbit App
2024-07-19T22:51:00Z,VERY_ACTIVE,Fitbit App
2024-07-19T22:52:00Z,VERY_ACTIVE,Fitbit App
2024-07-19T22:53:00Z,VERY_ACTIVE,Fitbit App
2024-07-19T22:54:00Z,VERY_ACTIVE,Fitbit App
2024-07-19T22:55:00Z,VERY_ACTIVE,Fitbit App
2024-07-19T22:56:00Z,VERY_ACTIVE,Fitbit App
2024-07-19T22:57:00Z,VERY_ACTIVE,Fitbit App
2024-07-19T22:58:00Z,VERY_ACTIVE,Fitbit App
2024-07-19T22:59:00Z,VERY_ACTIVE,Fitbit App
2024-07-19T23:00:00Z,VERY_ACTIVE,Fitbit App
2024-07-19T23:01:00Z,VERY_ACTIVE,Fitbit App
2024-07-19T23:02:00Z,VERY_ACTIVE,Fitbit App
2024-07-19T23:03:00Z,VERY_ACTIVE,Fitbit App
2024-07-19T23:04:00Z,VERY_ACTIVE,Fitbit App
2024-07-19T23:05:00Z,MODERATELY_ACTIVE,Fitbit App
2024-07-19T23:06:00Z,VERY_ACTIVE,Fitbit App
2024-07-19T23:07:00Z,VERY_ACTIVE,Fitbit App
2024-07-19T23:08:00Z,VERY_ACTIVE,Fitbit App
2024-07-19T23:09:00Z,VERY_ACTIVE,Fitbit App
2024-07-19T23:10:00Z,VERY_ACTIVE,Fitbit App
2024-07-19T23:11:00Z,VERY_ACTIVE,Fitbit App
2024-07-19T23:12:00Z,VERY_ACTIVE,Fitbit App
2024-07-19T23:13:00Z,VERY_ACTIVE,Fitbit App
2024-07-19T23:14:00Z,VERY_ACTIVE,Fitbit App
2024-07-19T23:15:00Z,VERY_ACTIVE,Fitbit App
2024-07-19T23:16:00Z,VERY_ACTIVE,Fitbit App
2024-07-19T23:17:00Z,VERY_ACTIVE,Fitbit App
2024-07-19T23:18:00Z,VERY_ACTIVE,Fitbit App
2024-07-19T23:19:00Z,VERY_ACTIVE,Fitbit App
2024-07-19T23:20:00Z,MODERATELY_ACTIVE,Fitbit App
2024-07-19T23:21:00Z,MODERATELY_ACTIVE,Fitbit App
2024-07-19T23:22:00Z,MODERATELY_ACTIVE,Fitbit App
2024-07-19T23:23:00Z,MODERATELY_ACTIVE,Fitbit App
2024-07-19T23:24:00Z,SEDENTARY,Fitbit App
2024-07-19T23:25:00Z,MODERATELY_ACTIVE,Fitbit App
2024-07-19T23:26:00Z,VERY_ACTIVE,Fitbit App
2024-07-19T23:27:00Z,VERY_ACTIVE,Fitbit App
2024-07-19T23:28:00Z,MODERATELY_ACTIVE,Fitbit App
2024-07-19T23:29:00Z,MODERATELY_ACTIVE,Fitbit App
2024-07-19T23:30:00Z,MODERATELY_ACTIVE,Fitbit App
2024-07-19T23:31:00Z,MODERATELY_ACTIVE,Fitbit App
2024-07-19T23:32:00Z,MODERATELY_ACTIVE,Fitbit App
2024-07-19T23:33:00Z,LIGHTLY_ACTIVE,Fitbit App
2024-07-19T23:34:00Z,LIGHTLY_ACTIVE,Fitbit App
2024-07-19T23:35:00Z,SEDENTARY,Fitbit App
2024-07-19T23:36:00Z,SEDENTARY,Fitbit App
2024-07-19T23:37:00Z,MODERATELY_ACTIVE,Fitbit App
2024-07-19T23:38:00Z,MODERATELY_ACTIVE,Fitbit App
2024-07-19T23:39:00Z,VERY_ACTIVE,Fitbit App
2024-07-19T23:40:00Z,MODERATELY_ACTIVE,Fitbit App
2024-07-19T23:41:00Z,MODERATELY_ACTIVE,Fitbit App
2024-07-19T23:42:00Z,MODERATELY_ACTIVE,Fitbit App
2024-07-19T23:43:00Z,SEDENTARY,Fitbit App
2024-07-19T23:44:00Z,SEDENTARY,Fitbit App
2024-07-19T23:45:00Z,SEDENTARY,Fitbit App
2024-07-19T23:46:00Z,MODERATELY_ACTIVE,Fitbit App
2024-07-19T23:47:00Z,VERY_ACTIVE,Fitbit App
2024-07-19T23:48:00Z,VERY_ACTIVE,Fitbit App
2024-07-19T23:49:00Z,VERY_ACTIVE,Fitbit App
2024-07-19T23:50:00Z,VERY_ACTIVE,Fitbit App
2024-07-19T23:51:00Z,MODERATELY_ACTIVE,Fitbit App
2024-07-19T23:52:00Z,VERY_ACTIVE,Fitbit App
2024-07-19T23:53:00Z,VERY_ACTIVE,Fitbit App
2024-07-19T23:54:00Z,VERY_ACTIVE,Fitbit App
2024-07-19T23:55:00Z,VERY_ACTIVE,Fitbit App
2024-07-19T23:56:00Z,MODERATELY_ACTIVE,Fitbit App
2024-07-19T23:57:00Z,VERY_ACTIVE,Fitbit App
2024-07-19T23:58:00Z,MODERATELY_ACTIVE,Fitbit App
2024-07-19T23:59:00Z,SEDENTARY,Fitbit App
2024-07-20T00:00:00Z,SEDENTARY,Fitbit App
2024-07-20T00:01:00Z,SEDENTARY,Fitbit App
2024-07-20T00:02:00Z,SEDENTARY,Fitbit App
2024-07-20T00:03:00Z,SEDENTARY,Fitbit App
2024-07-20T00:04:00Z,SEDENTARY,Fitbit App
2024-07-20T00:05:00Z,SEDENTARY,Fitbit App
2024-07-20T00:06:00Z,SEDENTARY,Fitbit App
2024-07-20T00:07:00Z,SEDENTARY,Fitbit App
2024-07-20T00:08:00Z,SEDENTARY,Fitbit App
2024-07-20T00:09:00Z,SEDENTARY,Fitbit App
2024-07-20T00:10:00Z,SEDENTARY,Fitbit App
2024-07-20T00:11:00Z,SEDENTARY,Fitbit App
2024-07-20T00:12:00Z,SEDENTARY,Fitbit App
2024-07-20T00:13:00Z,SEDENTARY,Fitbit App
2024-07-20T00:14:00Z,SEDENTARY,Fitbit App
2024-07-20T00:15:00Z,SEDENTARY,Fitbit App
2024-07-20T00:16:00Z,SEDENTARY,Fitbit App
2024-07-20T00:17:00Z,SEDENTARY,Fitbit App
2024-07-20T00:18:00Z,SEDENTARY,Fitbit App
2024-07-20T00:19:00Z,SEDENTARY,Fitbit App
2024-07-20T00:20:00Z,SEDENTARY,Fitbit App
2024-07-20T00:21:00Z,SEDENTARY,Fitbit App
2024-07-20T00:22:00Z,SEDENTARY,Fitbit App
2024-07-20T00:23:00Z,SEDENTARY,Fitbit App
2024-07-20T00:24:00Z,SEDENTARY,Fitbit App
2024-07-20T00:25:00Z,SEDENTARY,Fitbit App
2024-07-20T00:26:00Z,SEDENTARY,Fitbit App
2024-07-20T00:27:00Z,SEDENTARY,Fitbit App
2024-07-20T00:28:00Z,SEDENTARY,Fitbit App
2024-07-20T00:29:00Z,SEDENTARY,Fitbit App
2024-07-20T00:30:00Z,SEDENTARY,Fitbit App
2024-07-20T00:31:00Z,SEDENTARY,Fitbit App
2024-07-20T00:32:00Z,SEDENTARY,Fitbit App
2024-07-20T00:33:00Z,SEDENTARY,Fitbit App
2024-07-20T00:34:00Z,SEDENTARY,Fitbit App
2024-07-20T00:35:00Z,SEDENTARY,Fitbit App
2024-07-20T00:36:00Z,SEDENTARY,Fitbit App
2024-07-20T00:37:00Z,SEDENTARY,Fitbit App
2024-07-20T00:38:00Z,SEDENTARY,Fitbit App
2024-07-20T00:39:00Z,SEDENTARY,Fitbit App
2024-07-20T00:40:00Z,SEDENTARY,Fitbit App
2024-07-20T00:41:00Z,SEDENTARY,Fitbit App
2024-07-20T00:42:00Z,SEDENTARY,Fitbit App
2024-07-20T00:43:00Z,SEDENTARY,Fitbit App
2024-07-20T00:44:00Z,SEDENTARY,Fitbit App
2024-07-20T00:45:00Z,SEDENTARY,Fitbit App
2024-07-20T00:46:00Z,SEDENTARY,Fitbit App
2024-07-20T00:47:00Z,SEDENTARY,Fitbit App
2024-07-20T00:48:00Z,SEDENTARY,Fitbit App
2024-07-20T00:49:00Z,SEDENTARY,Fitbit App
2024-07-20T00:50:00Z,SEDENTARY,Fitbit App
2024-07-20T00:51:00Z,SEDENTARY,Fitbit App
2024-07-20T00:52:00Z,SEDENTARY,Fitbit App
2024-07-20T00:53:00Z,SEDENTARY,Fitbit App
2024-07-20T00:54:00Z,SEDENTARY,Fitbit App
2024-07-20T00:56:00Z,SEDENTARY,Fitbit App
2024-07-20T00:58:00Z,SEDENTARY,Fitbit App
2024-07-20T00:59:00Z,SEDENTARY,Fitbit App
2024-07-20T01:00:00Z,SEDENTARY,Fitbit App
2024-07-20T01:01:00Z,SEDENTARY,Fitbit App
2024-07-20T01:02:00Z,SEDENTARY,Fitbit App
2024-07-20T01:03:00Z,SEDENTARY,Fitbit App
2024-07-20T01:04:00Z,SEDENTARY,Fitbit App
2024-07-20T01:05:00Z,SEDENTARY,Fitbit App
2024-07-20T01:06:00Z,SEDENTARY,Fitbit App
2024-07-20T01:07:00Z,SEDENTARY,Fitbit App
2024-07-20T01:08:00Z,VERY_ACTIVE,Fitbit App
2024-07-20T01:09:00Z,VERY_ACTIVE,Fitbit App
2024-07-20T01:10:00Z,VERY_ACTIVE,Fitbit App
2024-07-20T01:11:00Z,MODERATELY_ACTIVE,Fitbit App
2024-07-20T01:12:00Z,SEDENTARY,Fitbit App
2024-07-20T01:13:00Z,SEDENTARY,Fitbit App
2024-07-20T01:15:00Z,SEDENTARY,Fitbit App
2024-07-20T01:18:00Z,SEDENTARY,Fitbit App
2024-07-20T01:23:00Z,SEDENTARY,Fitbit App
2024-07-20T01:25:00Z,SEDENTARY,Fitbit App
2024-07-20T01:26:00Z,SEDENTARY,Fitbit App
2024-07-20T01:27:00Z,SEDENTARY,Fitbit App
2024-07-20T01:28:00Z,SEDENTARY,Fitbit App
2024-07-20T01:29:00Z,SEDENTARY,Fitbit App
2024-07-20T01:30:00Z,SEDENTARY,Fitbit App
2024-07-20T01:31:00Z,SEDENTARY,Fitbit App
2024-07-20T01:32:00Z,SEDENTARY,Fitbit App
2024-07-20T01:33:00Z,SEDENTARY,Fitbit App
2024-07-20T01:34:00Z,SEDENTARY,Fitbit App
2024-07-20T01:45:00Z,SEDENTARY,Fitbit App
2024-07-20T01:46:00Z,SEDENTARY,Fitbit App
2024-07-20T01:55:00Z,SEDENTARY,Fitbit App
2024-07-20T01:59:00Z,SEDENTARY,Fitbit App
2024-07-20T02:00:00Z,SEDENTARY,Fitbit App
2024-07-20T02:10:00Z,SEDENTARY,Fitbit App
2024-07-20T02:11:00Z,SEDENTARY,Fitbit App
2024-07-20T02:13:00Z,SEDENTARY,Fitbit App
2024-07-20T02:14:00Z,SEDENTARY,Fitbit App
2024-07-20T02:31:00Z,SEDENTARY,Fitbit App
2024-07-20T02:32:00Z,SEDENTARY,Fitbit App
2024-07-20T02:33:00Z,SEDENTARY,Fitbit App
2024-07-20T02:42:00Z,SEDENTARY,Fitbit App
2024-07-20T02:43:00Z,SEDENTARY,Fitbit App
2024-07-20T02:44:00Z,SEDENTARY,Fitbit App
2024-07-20T02:53:00Z,SEDENTARY,Fitbit App
2024-07-20T03:10:00Z,SEDENTARY,Fitbit App
2024-07-20T03:21:00Z,SEDENTARY,Fitbit App
2024-07-20T03:22:00Z,SEDENTARY,Fitbit App
2024-07-20T03:52:00Z,LIGHTLY_ACTIVE,Fitbit App
2024-07-20T04:02:00Z,SEDENTARY,Fitbit App
2024-07-20T04:14:00Z,SEDENTARY,Fitbit App
2024-07-20T04:28:00Z,SEDENTARY,Fitbit App
2024-07-20T04:56:00Z,SEDENTARY,Fitbit App
2024-07-20T04:57:00Z,SEDENTARY,Fitbit App
2024-07-20T05:40:00Z,SEDENTARY,Fitbit App
2024-07-20T05:42:00Z,SEDENTARY,Fitbit App
2024-07-20T06:05:00Z,SEDENTARY,Fitbit App
2024-07-20T06:06:00Z,SEDENTARY,Fitbit App
2024-07-20T06:34:00Z,LIGHTLY_ACTIVE,Fitbit App
2024-07-20T07:03:00Z,SEDENTARY,Fitbit App
2024-07-20T07:07:00Z,SEDENTARY,Fitbit App
2024-07-20T07:09:00Z,SEDENTARY,Fitbit App
2024-07-20T07:11:00Z,SEDENTARY,Fitbit App
2024-07-20T07:12:00Z,SEDENTARY,Fitbit App
2024-07-20T07:13:00Z,SEDENTARY,Fitbit App
2024-07-20T07:14:00Z,SEDENTARY,Fitbit App
2024-07-20T07:15:00Z,SEDENTARY,Fitbit App
2024-07-20T07:18:00Z,SEDENTARY,Fitbit App
2024-07-20T07:20:00Z,SEDENTARY,Fitbit App
2024-07-20T07:22:00Z,SEDENTARY,Fitbit App
2024-07-20T07:23:00Z,SEDENTARY,Fitbit App
2024-07-20T07:24:00Z,SEDENTARY,Fitbit App
2024-07-20T07:25:00Z,SEDENTARY,Fitbit App
2024-07-20T07:26:00Z,LIGHTLY_ACTIVE,Fitbit App
2024-07-20T07:27:00Z,SEDENTARY,Fitbit App
2024-07-20T07:28:00Z,SEDENTARY,Fitbit App
2024-07-20T07:29:00Z,SEDENTARY,Fitbit App
2024-07-20T07:30:00Z,SEDENTARY,Fitbit App
2024-07-20T07:31:00Z,SEDENTARY,Fitbit App
2024-07-20T07:32:00Z,MODERATELY_ACTIVE,Fitbit App
2024-07-20T07:33:00Z,MODERATELY_ACTIVE,Fitbit App
2024-07-20T07:34:00Z,MODERATELY_ACTIVE,Fitbit App
2024-07-20T07:35:00Z,MODERATELY_ACTIVE,Fitbit App
2024-07-20T07:36:00Z,MODERATELY_ACTIVE,Fitbit App
2024-07-20T07:37:00Z,LIGHTLY_ACTIVE,Fitbit App
2024-07-20T07:38:00Z,VERY_ACTIVE,Fitbit App
2024-07-20T07:39:00Z,LIGHTLY_ACTIVE,Fitbit App
2024-07-20T07:40:00Z,SEDENTARY,Fitbit App
2024-07-20T07:41:00Z,LIGHTLY_ACTIVE,Fitbit App
2024-07-20T07:42:00Z,LIGHTLY_ACTIVE,Fitbit App
2024-07-20T07:43:00Z,LIGHTLY_ACTIVE,Fitbit App
2024-07-20T07:44:00Z,SEDENTARY,Fitbit App
2024-07-20T07:45:00Z,LIGHTLY_ACTIVE,Fitbit App
2024-07-20T07:46:00Z,LIGHTLY_ACTIVE,Fitbit App
2024-07-20T07:47:00Z,LIGHTLY_ACTIVE,Fitbit App
2024-07-20T07:48:00Z,MODERATELY_ACTIVE,Fitbit App
2024-07-20T07:49:00Z,SEDENTARY,Fitbit App
2024-07-20T07:51:00Z,SEDENTARY,Fitbit App
2024-07-20T07:52:00Z,SEDENTARY,Fitbit App
2024-07-20T07:53:00Z,SEDENTARY,Fitbit App
2024-07-20T07:54:00Z,SEDENTARY,Fitbit App
2024-07-20T07:55:00Z,LIGHTLY_ACTIVE,Fitbit App
2024-07-20T07:56:00Z,MODERATELY_ACTIVE,Fitbit App
2024-07-20T07:57:00Z,MODERATELY_ACTIVE,Fitbit App
2024-07-20T07:58:00Z,LIGHTLY_ACTIVE,Fitbit App
2024-07-20T07:59:00Z,SEDENTARY,Fitbit App
2024-07-20T08:00:00Z,SEDENTARY,Fitbit App
2024-07-20T08:01:00Z,LIGHTLY_ACTIVE,Fitbit App
2024-07-20T08:02:00Z,SEDENTARY,Fitbit App
2024-07-20T08:03:00Z,MODERATELY_ACTIVE,Fitbit App
2024-07-20T08:04:00Z,VERY_ACTIVE,Fitbit App
2024-07-20T08:05:00Z,VERY_ACTIVE,Fitbit App
2024-07-20T08:06:00Z,SEDENTARY,Fitbit App
2024-07-20T08:07:00Z,SEDENTARY,Fitbit App
2024-07-20T08:08:00Z,MODERATELY_ACTIVE,Fitbit App
2024-07-20T08:09:00Z,MODERATELY_ACTIVE,Fitbit App
2024-07-20T08:10:00Z,MODERATELY_ACTIVE,Fitbit App
2024-07-20T08:11:00Z,SEDENTARY,Fitbit App
2024-07-20T08:12:00Z,SEDENTARY,Fitbit App
2024-07-20T08:14:00Z,SEDENTARY,Fitbit App
2024-07-20T08:15:00Z,SEDENTARY,Fitbit App
2024-07-20T08:16:00Z,SEDENTARY,Fitbit App
2024-07-20T08:17:00Z,SEDENTARY,Fitbit App
2024-07-20T08:18:00Z,SEDENTARY,Fitbit App
2024-07-20T08:19:00Z,SEDENTARY,Fitbit App
2024-07-20T08:20:00Z,LIGHTLY_ACTIVE,Fitbit App
2024-07-20T08:21:00Z,MODERATELY_ACTIVE,Fitbit App
2024-07-20T08:22:00Z,MODERATELY_ACTIVE,Fitbit App
2024-07-20T08:23:00Z,SEDENTARY,Fitbit App
2024-07-20T08:24:00Z,SEDENTARY,Fitbit App
2024-07-20T08:25:00Z,LIGHTLY_ACTIVE,Fitbit App
2024-07-20T08:26:00Z,MODERATELY_ACTIVE,Fitbit App
2024-07-20T08:27:00Z,MODERATELY_ACTIVE,Fitbit App
2024-07-20T08:28:00Z,MODERATELY_ACTIVE,Fitbit App
2024-07-20T08:29:00Z,MODERATELY_ACTIVE,Fitbit App
2024-07-20T08:30:00Z,SEDENTARY,Fitbit App
2024-07-20T08:31:00Z,SEDENTARY,Fitbit App
2024-07-20T08:32:00Z,LIGHTLY_ACTIVE,Fitbit App
2024-07-20T08:33:00Z,LIGHTLY_ACTIVE,Fitbit App
2024-07-20T08:34:00Z,LIGHTLY_ACTIVE,Fitbit App
2024-07-20T08:35:00Z,MODERATELY_ACTIVE,Fitbit App
2024-07-20T08:36:00Z,MODERATELY_ACTIVE,Fitbit App
2024-07-20T08:37:00Z,MODERATELY_ACTIVE,Fitbit App
2024-07-20T08:38:00Z,MODERATELY_ACTIVE,Fitbit App
2024-07-20T08:39:00Z,MODERATELY_ACTIVE,Fitbit App
2024-07-20T08:40:00Z,VERY_ACTIVE,Fitbit App
2024-07-20T08:41:00Z,MODERATELY_ACTIVE,Fitbit App
2024-07-20T08:42:00Z,MODERATELY_ACTIVE,Fitbit App
2024-07-20T08:43:00Z,VERY_ACTIVE,Fitbit App
2024-07-20T08:44:00Z,MODERATELY_ACTIVE,Fitbit App
2024-07-20T08:45:00Z,MODERATELY_ACTIVE,Fitbit App
2024-07-20T08:46:00Z,LIGHTLY_ACTIVE,Fitbit App
2024-07-20T08:47:00Z,VERY_ACTIVE,Fitbit App
2024-07-20T08:48:00Z,VERY_ACTIVE,Fitbit App
2024-07-20T08:49:00Z,VERY_ACTIVE,Fitbit App
2024-07-20T08:50:00Z,VERY_ACTIVE,Fitbit App
2024-07-20T08:51:00Z,VERY_ACTIVE,Fitbit App
2024-07-20T08:52:00Z,VERY_ACTIVE,Fitbit App
2024-07-20T08:53:00Z,VERY_ACTIVE,Fitbit App
2024-07-20T08:54:00Z,LIGHTLY_ACTIVE,Fitbit App
2024-07-20T08:55:00Z,MODERATELY_ACTIVE,Fitbit App
2024-07-20T08:56:00Z,LIGHTLY_ACTIVE,Fitbit App
2024-07-20T08:57:00Z,LIGHTLY_ACTIVE,Fitbit App
2024-07-20T08:58:00Z,SEDENTARY,Fitbit App
2024-07-20T08:59:00Z,SEDENTARY,Fitbit App
2024-07-20T09:00:00Z,LIGHTLY_ACTIVE,Fitbit App
2024-07-20T09:01:00Z,VERY_ACTIVE,Fitbit App
2024-07-20T09:02:00Z,MODERATELY_ACTIVE,Fitbit App
2024-07-20T09:03:00Z,MODERATELY_ACTIVE,Fitbit App
2024-07-20T09:04:00Z,MODERATELY_ACTIVE,Fitbit App
2024-07-20T09:05:00Z,MODERATELY_ACTIVE,Fitbit App
2024-07-20T09:06:00Z,MODERATELY_ACTIVE,Fitbit App
2024-07-20T09:07:00Z,SEDENTARY,Fitbit App
2024-07-20T09:08:00Z,SEDENTARY,Fitbit App
2024-07-20T09:09:00Z,MODERATELY_ACTIVE,Fitbit App
2024-07-20T09:10:00Z,MODERATELY_ACTIVE,Fitbit App
2024-07-20T09:11:00Z,SEDENTARY,Fitbit App
2024-07-20T09:12:00Z,SEDENTARY,Fitbit App
2024-07-20T09:13:00Z,LIGHTLY_ACTIVE,Fitbit App
2024-07-20T09:14:00Z,LIGHTLY_ACTIVE,Fitbit App
2024-07-20T09:15:00Z,LIGHTLY_ACTIVE,Fitbit App
2024-07-20T09:16:00Z,LIGHTLY_ACTIVE,Fitbit App
2024-07-20T09:17:00Z,SEDENTARY,Fitbit App
2024-07-20T09:18:00Z,SEDENTARY,Fitbit App
2024-07-20T09:19:00Z,LIGHTLY_ACTIVE,Fitbit App
2024-07-20T09:20:00Z,SEDENTARY,Fitbit App
2024-07-20T09:21:00Z,SEDENTARY,Fitbit App
2024-07-20T09:22:00Z,SEDENTARY,Fitbit App
2024-07-20T09:23:00Z,LIGHTLY_ACTIVE,Fitbit App
2024-07-20T09:24:00Z,SEDENTARY,Fitbit App
2024-07-20T09:25:00Z,SEDENTARY,Fitbit App
2024-07-20T09:26:00Z,SEDENTARY,Fitbit App
2024-07-20T09:27:00Z,SEDENTARY,Fitbit App
2024-07-20T09:28:00Z,SEDENTARY,Fitbit App
2024-07-20T09:29:00Z,SEDENTARY,Fitbit App
2024-07-20T09:30:00Z,SEDENTARY,Fitbit App
2024-07-20T09:31:00Z,SEDENTARY,Fitbit App
2024-07-20T09:32:00Z,SEDENTARY,Fitbit App
2024-07-20T09:33:00Z,SEDENTARY,Fitbit App
2024-07-20T09:34:00Z,SEDENTARY,Fitbit App
2024-07-20T09:35:00Z,SEDENTARY,Fitbit App
2024-07-20T09:36:00Z,SEDENTARY,Fitbit App
2024-07-20T09:37:00Z,SEDENTARY,Fitbit App
2024-07-20T09:38:00Z,SEDENTARY,Fitbit App
2024-07-20T09:39:00Z,SEDENTARY,Fitbit App
2024-07-20T09:40:00Z,SEDENTARY,Fitbit App
2024-07-20T09:41:00Z,SEDENTARY,Fitbit App
2024-07-20T09:42:00Z,SEDENTARY,Fitbit App
2024-07-20T09:43:00Z,LIGHTLY_ACTIVE,Fitbit App
2024-07-20T09:44:00Z,SEDENTARY,Fitbit App
2024-07-20T09:45:00Z,SEDENTARY,Fitbit App
2024-07-20T09:46:00Z,SEDENTARY,Fitbit App
2024-07-20T09:47:00Z,SEDENTARY,Fitbit App
2024-07-20T09:48:00Z,SEDENTARY,Fitbit App
2024-07-20T09:49:00Z,SEDENTARY,Fitbit App
2024-07-20T09:50:00Z,SEDENTARY,Fitbit App
2024-07-20T09:51:00Z,SEDENTARY,Fitbit App
2024-07-20T09:52:00Z,SEDENTARY,Fitbit App
2024-07-20T09:53:00Z,SEDENTARY,Fitbit App
2024-07-20T09:54:00Z,SEDENTARY,Fitbit App
2024-07-20T09:55:00Z,SEDENTARY,Fitbit App
2024-07-20T09:56:00Z,SEDENTARY,Fitbit App
2024-07-20T09:57:00Z,LIGHTLY_ACTIVE,Fitbit App
2024-07-20T09:58:00Z,LIGHTLY_ACTIVE,Fitbit App
2024-07-20T09:59:00Z,LIGHTLY_ACTIVE,Fitbit App
2024-07-20T10:00:00Z,SEDENTARY,Fitbit App
2024-07-20T10:01:00Z,LIGHTLY_ACTIVE,Fitbit App
2024-07-20T10:02:00Z,LIGHTLY_ACTIVE,Fitbit App
2024-07-20T10:03:00Z,SEDENTARY,Fitbit App
2024-07-20T10:04:00Z,SEDENTARY,Fitbit App
2024-07-20T10:05:00Z,SEDENTARY,Fitbit App
2024-07-20T10:06:00Z,LIGHTLY_ACTIVE,Fitbit App
2024-07-20T10:07:00Z,LIGHTLY_ACTIVE,Fitbit App
2024-07-20T10:08:00Z,SEDENTARY,Fitbit App
2024-07-20T10:09:00Z,SEDENTARY,Fitbit App
2024-07-20T10:10:00Z,SEDENTARY,Fitbit App
2024-07-20T10:11:00Z,SEDENTARY,Fitbit App
2024-07-20T10:12:00Z,SEDENTARY,Fitbit App
2024-07-20T10:13:00Z,SEDENTARY,Fitbit App
2024-07-20T10:14:00Z,SEDENTARY,Fitbit App
2024-07-20T10:15:00Z,SEDENTARY,Fitbit App
2024-07-20T10:16:00Z,SEDENTARY,Fitbit App
2024-07-20T10:17:00Z,SEDENTARY,Fitbit App
2024-07-20T10:18:00Z,SEDENTARY,Fitbit App
2024-07-20T10:19:00Z,SEDENTARY,Fitbit App
2024-07-20T10:20:00Z,SEDENTARY,Fitbit App
2024-07-20T10:21:00Z,SEDENTARY,Fitbit App
2024-07-20T10:22:00Z,SEDENTARY,Fitbit App
2024-07-20T10:23:00Z,SEDENTARY,Fitbit App
2024-07-20T10:24:00Z,SEDENTARY,Fitbit App
2024-07-20T10:25:00Z,SEDENTARY,Fitbit App
2024-07-20T10:26:00Z,SEDENTARY,Fitbit App
2024-07-20T10:27:00Z,SEDENTARY,Fitbit App
2024-07-20T10:28:00Z,SEDENTARY,Fitbit App
2024-07-20T10:29:00Z,SEDENTARY,Fitbit App
2024-07-20T10:30:00Z,LIGHTLY_ACTIVE,Fitbit App
2024-07-20T10:31:00Z,MODERATELY_ACTIVE,Fitbit App
2024-07-20T10:32:00Z,SEDENTARY,Fitbit App
2024-07-20T10:33:00Z,LIGHTLY_ACTIVE,Fitbit App
2024-07-20T10:34:00Z,LIGHTLY_ACTIVE,Fitbit App
2024-07-20T10:35:00Z,LIGHTLY_ACTIVE,Fitbit App
2024-07-20T10:36:00Z,SEDENTARY,Fitbit App
2024-07-20T10:37:00Z,LIGHTLY_ACTIVE,Fitbit App
2024-07-20T10:38:00Z,VERY_ACTIVE,Fitbit App
2024-07-20T10:39:00Z,VERY_ACTIVE,Fitbit App
2024-07-20T10:40:00Z,MODERATELY_ACTIVE,Fitbit App
2024-07-20T10:41:00Z,LIGHTLY_ACTIVE,Fitbit App
2024-07-20T10:42:00Z,SEDENTARY,Fitbit App
2024-07-20T10:43:00Z,SEDENTARY,Fitbit App
2024-07-20T10:44:00Z,LIGHTLY_ACTIVE,Fitbit App
2024-07-20T10:45:00Z,MODERATELY_ACTIVE,Fitbit App
2024-07-20T10:46:00Z,MODERATELY_ACTIVE,Fitbit App
2024-07-20T10:47:00Z,MODERATELY_ACTIVE,Fitbit App
2024-07-20T10:48:00Z,LIGHTLY_ACTIVE,Fitbit App
2024-07-20T10:49:00Z,SEDENTARY,Fitbit App
2024-07-20T10:50:00Z,SEDENTARY,Fitbit App
2024-07-20T10:51:00Z,LIGHTLY_ACTIVE,Fitbit App
2024-07-20T10:52:00Z,LIGHTLY_ACTIVE,Fitbit App
2024-07-20T10:53:00Z,MODERATELY_ACTIVE,Fitbit App
2024-07-20T10:54:00Z,SEDENTARY,Fitbit App
2024-07-20T10:55:00Z,SEDENTARY,Fitbit App
2024-07-20T10:56:00Z,SEDENTARY,Fitbit App
2024-07-20T10:57:00Z,SEDENTARY,Fitbit App
2024-07-20T10:58:00Z,LIGHTLY_ACTIVE,Fitbit App
2024-07-20T10:59:00Z,LIGHTLY_ACTIVE,Fitbit App
2024-07-20T11:00:00Z,MODERATELY_ACTIVE,Fitbit App
2024-07-20T11:01:00Z,LIGHTLY_ACTIVE,Fitbit App
2024-07-20T11:02:00Z,LIGHTLY_ACTIVE,Fitbit App
2024-07-20T11:03:00Z,SEDENTARY,Fitbit App
2024-07-20T11:04:00Z,SEDENTARY,Fitbit App
2024-07-20T11:05:00Z,SEDENTARY,Fitbit App
2024-07-20T11:06:00Z,SEDENTARY,Fitbit App
2024-07-20T11:07:00Z,SEDENTARY,Fitbit App
2024-07-20T11:08:00Z,SEDENTARY,Fitbit App
2024-07-20T11:09:00Z,LIGHTLY_ACTIVE,Fitbit App
2024-07-20T11:10:00Z,MODERATELY_ACTIVE,Fitbit App
2024-07-20T11:11:00Z,MODERATELY_ACTIVE,Fitbit App
2024-07-20T11:12:00Z,SEDENTARY,Fitbit App
2024-07-20T11:13:00Z,LIGHTLY_ACTIVE,Fitbit App
2024-07-20T11:14:00Z,VERY_ACTIVE,Fitbit App
2024-07-20T11:15:00Z,LIGHTLY_ACTIVE,Fitbit App
2024-07-20T11:16:00Z,LIGHTLY_ACTIVE,Fitbit App
2024-07-20T11:17:00Z,LIGHTLY_ACTIVE,Fitbit App
2024-07-20T11:18:00Z,LIGHTLY_ACTIVE,Fitbit App
2024-07-20T11:19:00Z,LIGHTLY_ACTIVE,Fitbit App
2024-07-20T11:20:00Z,LIGHTLY_ACTIVE,Fitbit App
2024-07-20T11:21:00Z,MODERATELY_ACTIVE,Fitbit App
2024-07-20T11:22:00Z,LIGHTLY_ACTIVE,Fitbit App
2024-07-20T11:23:00Z,SEDENTARY,Fitbit App
2024-07-20T11:24:00Z,SEDENTARY,Fitbit App
2024-07-20T11:25:00Z,SEDENTARY,Fitbit App
2024-07-20T11:26:00Z,SEDENTARY,Fitbit App
2024-07-20T11:27:00Z,LIGHTLY_ACTIVE,Fitbit App
2024-07-20T11:28:00Z,LIGHTLY_ACTIVE,Fitbit App
2024-07-20T11:29:00Z,LIGHTLY_ACTIVE,Fitbit App
2024-07-20T11:30:00Z,SEDENTARY,Fitbit App
2024-07-20T11:31:00Z,SEDENTARY,Fitbit App
2024-07-20T11:32:00Z,SEDENTARY,Fitbit App
2024-07-20T11:33:00Z,SEDENTARY,Fitbit App
2024-07-20T11:34:00Z,SEDENTARY,Fitbit App
2024-07-20T11:35:00Z,SEDENTARY,Fitbit App
2024-07-20T11:36:00Z,SEDENTARY,Fitbit App
2024-07-20T11:37:00Z,SEDENTARY,Fitbit App
2024-07-20T11:38:00Z,SEDENTARY,Fitbit App
2024-07-20T11:39:00Z,SEDENTARY,Fitbit App
2024-07-20T11:46:00Z,SEDENTARY,Fitbit App
2024-07-20T11:47:00Z,SEDENTARY,Fitbit App
2024-07-20T11:48:00Z,SEDENTARY,Fitbit App
2024-07-20T11:49:00Z,SEDENTARY,Fitbit App
2024-07-20T11:50:00Z,SEDENTARY,Fitbit App
2024-07-20T11:51:00Z,SEDENTARY,Fitbit App
2024-07-20T11:52:00Z,SEDENTARY,Fitbit App
2024-07-20T11:53:00Z,SEDENTARY,Fitbit App
2024-07-20T11:54:00Z,SEDENTARY,Fitbit App
2024-07-20T11:55:00Z,SEDENTARY,Fitbit App
2024-07-20T11:56:00Z,SEDENTARY,Fitbit App
2024-07-20T11:57:00Z,SEDENTARY,Fitbit App
2024-07-20T11:58:00Z,SEDENTARY,Fitbit App
2024-07-20T11:59:00Z,SEDENTARY,Fitbit App
2024-07-20T12:00:00Z,LIGHTLY_ACTIVE,Fitbit App
2024-07-20T12:01:00Z,SEDENTARY,Fitbit App
2024-07-20T12:02:00Z,SEDENTARY,Fitbit App
2024-07-20T12:03:00Z,SEDENTARY,Fitbit App
2024-07-20T12:04:00Z,SEDENTARY,Fitbit App
2024-07-20T12:05:00Z,SEDENTARY,Fitbit App
2024-07-20T12:06:00Z,SEDENTARY,Fitbit App
2024-07-20T12:07:00Z,SEDENTARY,Fitbit App
2024-07-20T12:08:00Z,SEDENTARY,Fitbit App
2024-07-20T12:09:00Z,SEDENTARY,Fitbit App
2024-07-20T12:10:00Z,MODERATELY_ACTIVE,Fitbit App
2024-07-20T12:11:00Z,MODERATELY_ACTIVE,Fitbit App
2024-07-20T12:12:00Z,LIGHTLY_ACTIVE,Fitbit App
2024-07-20T12:13:00Z,SEDENTARY,Fitbit App
2024-07-20T12:14:00Z,LIGHTLY_ACTIVE,Fitbit App
2024-07-20T12:15:00Z,SEDENTARY,Fitbit App
2024-07-20T12:16:00Z,SEDENTARY,Fitbit App
2024-07-20T12:17:00Z,LIGHTLY_ACTIVE,Fitbit App
2024-07-20T12:18:00Z,LIGHTLY_ACTIVE,Fitbit App
2024-07-20T12:19:00Z,SEDENTARY,Fitbit App
2024-07-20T12:20:00Z,LIGHTLY_ACTIVE,Fitbit App
2024-07-20T12:21:00Z,SEDENTARY,Fitbit App
2024-07-20T12:22:00Z,SEDENTARY,Fitbit App
2024-07-20T12:23:00Z,SEDENTARY,Fitbit App
2024-07-20T12:24:00Z,LIGHTLY_ACTIVE,Fitbit App
2024-07-20T12:25:00Z,LIGHTLY_ACTIVE,Fitbit App
2024-07-20T12:26:00Z,LIGHTLY_ACTIVE,Fitbit App
2024-07-20T12:27:00Z,LIGHTLY_ACTIVE,Fitbit App
2024-07-20T12:28:00Z,LIGHTLY_ACTIVE,Fitbit App
2024-07-20T12:29:00Z,LIGHTLY_ACTIVE,Fitbit App
2024-07-20T12:30:00Z,LIGHTLY_ACTIVE,Fitbit App
2024-07-20T12:31:00Z,MODERATELY_ACTIVE,Fitbit App
2024-07-20T12:32:00Z,SEDENTARY,Fitbit App
2024-07-20T12:33:00Z,SEDENTARY,Fitbit App
2024-07-20T12:34:00Z,MODERATELY_ACTIVE,Fitbit App
2024-07-20T12:35:00Z,VERY_ACTIVE,Fitbit App
2024-07-20T12:36:00Z,SEDENTARY,Fitbit App
2024-07-20T12:37:00Z,SEDENTARY,Fitbit App
2024-07-20T12:38:00Z,SEDENTARY,Fitbit App
2024-07-20T12:39:00Z,MODERATELY_ACTIVE,Fitbit App
2024-07-20T12:40:00Z,MODERATELY_ACTIVE,Fitbit App
2024-07-20T12:41:00Z,MODERATELY_ACTIVE,Fitbit App
2024-07-20T12:42:00Z,LIGHTLY_ACTIVE,Fitbit App
2024-07-20T12:43:00Z,SEDENTARY,Fitbit App
2024-07-20T12:44:00Z,MODERATELY_ACTIVE,Fitbit App
2024-07-20T12:45:00Z,MODERATELY_ACTIVE,Fitbit App
2024-07-20T12:46:00Z,VERY_ACTIVE,Fitbit App
2024-07-20T12:47:00Z,VERY_ACTIVE,Fitbit App
2024-07-20T12:48:00Z,VERY_ACTIVE,Fitbit App
2024-07-20T12:49:00Z,VERY_ACTIVE,Fitbit App
2024-07-20T12:50:00Z,VERY_ACTIVE,Fitbit App
2024-07-20T12:51:00Z,VERY_ACTIVE,Fitbit App
2024-07-20T12:52:00Z,LIGHTLY_ACTIVE,Fitbit App
2024-07-20T12:53:00Z,LIGHTLY_ACTIVE,Fitbit App
2024-07-20T12:54:00Z,VERY_ACTIVE,Fitbit App
2024-07-20T12:55:00Z,LIGHTLY_ACTIVE,Fitbit App
2024-07-20T12:56:00Z,SEDENTARY,Fitbit App
2024-07-20T12:57:00Z,SEDENTARY,Fitbit App
2024-07-20T12:58:00Z,SEDENTARY,Fitbit App
2024-07-20T12:59:00Z,SEDENTARY,Fitbit App
2024-07-20T13:00:00Z,SEDENTARY,Fitbit App
2024-07-20T13:01:00Z,SEDENTARY,Fitbit App
2024-07-20T13:02:00Z,LIGHTLY_ACTIVE,Fitbit App
2024-07-20T13:03:00Z,MODERATELY_ACTIVE,Fitbit App
2024-07-20T13:04:00Z,MODERATELY_ACTIVE,Fitbit App
2024-07-20T13:05:00Z,MODERATELY_ACTIVE,Fitbit App
2024-07-20T13:06:00Z,MODERATELY_ACTIVE,Fitbit App
2024-07-20T13:07:00Z,MODERATELY_ACTIVE,Fitbit App
2024-07-20T13:08:00Z,MODERATELY_ACTIVE,Fitbit App
2024-07-20T13:09:00Z,MODERATELY_ACTIVE,Fitbit App
2024-07-20T13:10:00Z,LIGHTLY_ACTIVE,Fitbit App
2024-07-20T13:11:00Z,LIGHTLY_ACTIVE,Fitbit App
2024-07-20T13:12:00Z,LIGHTLY_ACTIVE,Fitbit App
2024-07-20T13:13:00Z,MODERATELY_ACTIVE,Fitbit App
2024-07-20T13:14:00Z,VERY_ACTIVE,Fitbit App
2024-07-20T13:15:00Z,MODERATELY_ACTIVE,Fitbit App
2024-07-20T13:16:00Z,SEDENTARY,Fitbit App
2024-07-20T13:17:00Z,SEDENTARY,Fitbit App
2024-07-20T13:18:00Z,SEDENTARY,Fitbit App
2024-07-20T13:19:00Z,MODERATELY_ACTIVE,Fitbit App
2024-07-20T13:20:00Z,VERY_ACTIVE,Fitbit App
2024-07-20T13:21:00Z,LIGHTLY_ACTIVE,Fitbit App
2024-07-20T13:22:00Z,SEDENTARY,Fitbit App
2024-07-20T13:23:00Z,SEDENTARY,Fitbit App
2024-07-20T13:24:00Z,SEDENTARY,Fitbit App
2024-07-20T13:25:00Z,SEDENTARY,Fitbit App
2024-07-20T13:26:00Z,SEDENTARY,Fitbit App
2024-07-20T13:27:00Z,SEDENTARY,Fitbit App
2024-07-20T13:28:00Z,SEDENTARY,Fitbit App
2024-07-20T13:29:00Z,SEDENTARY,Fitbit App
2024-07-20T13:30:00Z,SEDENTARY,Fitbit App
2024-07-20T13:31:00Z,SEDENTARY,Fitbit App
2024-07-20T13:32:00Z,SEDENTARY,Fitbit App
2024-07-20T13:34:00Z,SEDENTARY,Fitbit App
2024-07-20T13:39:00Z,SEDENTARY,Fitbit App
2024-07-20T14:12:00Z,SEDENTARY,Fitbit App
2024-07-20T14:14:00Z,SEDENTARY,Fitbit App
2024-07-20T14:15:00Z,SEDENTARY,Fitbit App
2024-07-20T14:18:00Z,SEDENTARY,Fitbit App
2024-07-20T14:30:00Z,SEDENTARY,Fitbit App
2024-07-20T14:31:00Z,SEDENTARY,Fitbit App
2024-07-20T14:58:00Z,SEDENTARY,Fitbit App
2024-07-20T15:11:00Z,SEDENTARY,Fitbit App
2024-07-20T15:13:00Z,SEDENTARY,Fitbit App
2024-07-20T15:42:00Z,SEDENTARY,Fitbit App
2024-07-20T15:43:00Z,SEDENTARY,Fitbit App
2024-07-20T15:50:00Z,SEDENTARY,Fitbit App
2024-07-20T15:53:00Z,SEDENTARY,Fitbit App
2024-07-20T15:54:00Z,SEDENTARY,Fitbit App
2024-07-20T15:55:00Z,SEDENTARY,Fitbit App
2024-07-20T15:57:00Z,SEDENTARY,Fitbit App
2024-07-20T15:58:00Z,LIGHTLY_ACTIVE,Fitbit App
2024-07-20T15:59:00Z,LIGHTLY_ACTIVE,Fitbit App
2024-07-20T16:00:00Z,MODERATELY_ACTIVE,Fitbit App
2024-07-20T16:01:00Z,MODERATELY_ACTIVE,Fitbit App
2024-07-20T16:02:00Z,LIGHTLY_ACTIVE,Fitbit App
2024-07-20T16:03:00Z,VERY_ACTIVE,Fitbit App
2024-07-20T16:04:00Z,MODERATELY_ACTIVE,Fitbit App
2024-07-20T16:05:00Z,LIGHTLY_ACTIVE,Fitbit App
2024-07-20T16:06:00Z,LIGHTLY_ACTIVE,Fitbit App
2024-07-20T16:07:00Z,SEDENTARY,Fitbit App
2024-07-20T16:08:00Z,SEDENTARY,Fitbit App
2024-07-20T16:09:00Z,SEDENTARY,Fitbit App
2024-07-20T16:10:00Z,SEDENTARY,Fitbit App
2024-07-20T16:11:00Z,LIGHTLY_ACTIVE,Fitbit App
2024-07-20T16:12:00Z,LIGHTLY_ACTIVE,Fitbit App
2024-07-20T16:13:00Z,LIGHTLY_ACTIVE,Fitbit App
2024-07-20T16:14:00Z,LIGHTLY_ACTIVE,Fitbit App
2024-07-20T16:15:00Z,LIGHTLY_ACTIVE,Fitbit App
2024-07-20T16:16:00Z,LIGHTLY_ACTIVE,Fitbit App
2024-07-20T16:17:00Z,LIGHTLY_ACTIVE,Fitbit App
2024-07-20T16:18:00Z,LIGHTLY_ACTIVE,Fitbit App
2024-07-20T16:19:00Z,SEDENTARY,Fitbit App
2024-07-20T16:20:00Z,SEDENTARY,Fitbit App
2024-07-20T16:21:00Z,SEDENTARY,Fitbit App
2024-07-20T16:22:00Z,LIGHTLY_ACTIVE,Fitbit App
2024-07-20T16:23:00Z,SEDENTARY,Fitbit App
2024-07-20T16:24:00Z,SEDENTARY,Fitbit App
2024-07-20T16:25:00Z,SEDENTARY,Fitbit App
2024-07-20T16:26:00Z,SEDENTARY,Fitbit App
2024-07-20T16:27:00Z,SEDENTARY,Fitbit App
2024-07-20T16:28:00Z,SEDENTARY,Fitbit App
2024-07-20T16:29:00Z,SEDENTARY,Fitbit App
2024-07-20T16:30:00Z,SEDENTARY,Fitbit App
2024-07-20T16:31:00Z,LIGHTLY_ACTIVE,Fitbit App
2024-07-20T16:32:00Z,LIGHTLY_ACTIVE,Fitbit App
2024-07-20T16:33:00Z,LIGHTLY_ACTIVE,Fitbit App
2024-07-20T16:34:00Z,SEDENTARY,Fitbit App
2024-07-20T16:35:00Z,LIGHTLY_ACTIVE,Fitbit App
2024-07-20T16:36:00Z,LIGHTLY_ACTIVE,Fitbit App
2024-07-20T16:37:00Z,LIGHTLY_ACTIVE,Fitbit App
2024-07-20T16:38:00Z,LIGHTLY_ACTIVE,Fitbit App
2024-07-20T16:39:00Z,LIGHTLY_ACTIVE,Fitbit App
2024-07-20T16:40:00Z,SEDENTARY,Fitbit App
2024-07-20T16:41:00Z,LIGHTLY_ACTIVE,Fitbit App
2024-07-20T16:42:00Z,SEDENTARY,Fitbit App
2024-07-20T16:43:00Z,SEDENTARY,Fitbit App
2024-07-20T16:44:00Z,SEDENTARY,Fitbit App
2024-07-20T16:45:00Z,SEDENTARY,Fitbit App
2024-07-20T16:46:00Z,SEDENTARY,Fitbit App
2024-07-20T16:47:00Z,SEDENTARY,Fitbit App
2024-07-20T16:48:00Z,SEDENTARY,Fitbit App
2024-07-20T16:49:00Z,SEDENTARY,Fitbit App
2024-07-20T16:50:00Z,SEDENTARY,Fitbit App
2024-07-20T16:51:00Z,SEDENTARY,Fitbit App
2024-07-20T16:52:00Z,LIGHTLY_ACTIVE,Fitbit App
2024-07-20T16:53:00Z,LIGHTLY_ACTIVE,Fitbit App
2024-07-20T16:54:00Z,SEDENTARY,Fitbit App
2024-07-20T16:55:00Z,LIGHTLY_ACTIVE,Fitbit App
2024-07-20T16:56:00Z,LIGHTLY_ACTIVE,Fitbit App
2024-07-20T16:57:00Z,SEDENTARY,Fitbit App
2024-07-20T16:58:00Z,SEDENTARY,Fitbit App
2024-07-20T16:59:00Z,LIGHTLY_ACTIVE,Fitbit App
2024-07-20T17:00:00Z,SEDENTARY,Fitbit App
2024-07-20T17:01:00Z,SEDENTARY,Fitbit App
2024-07-20T17:02:00Z,SEDENTARY,Fitbit App
2024-07-20T17:03:00Z,SEDENTARY,Fitbit App
2024-07-20T17:04:00Z,LIGHTLY_ACTIVE,Fitbit App
2024-07-20T17:05:00Z,SEDENTARY,Fitbit App
2024-07-20T17:06:00Z,SEDENTARY,Fitbit App
2024-07-20T17:07:00Z,SEDENTARY,Fitbit App
2024-07-20T17:08:00Z,SEDENTARY,Fitbit App
2024-07-20T17:09:00Z,LIGHTLY_ACTIVE,Fitbit App
2024-07-20T17:10:00Z,SEDENTARY,Fitbit App
2024-07-20T17:11:00Z,SEDENTARY,Fitbit App
2024-07-20T17:12:00Z,SEDENTARY,Fitbit App
2024-07-20T17:13:00Z,LIGHTLY_ACTIVE,Fitbit App
2024-07-20T17:14:00Z,SEDENTARY,Fitbit App
2024-07-20T17:15:00Z,SEDENTARY,Fitbit App
2024-07-20T17:16:00Z,SEDENTARY,Fitbit App
2024-07-20T17:17:00Z,SEDENTARY,Fitbit App
2024-07-20T17:18:00Z,LIGHTLY_ACTIVE,Fitbit App
2024-07-20T17:19:00Z,SEDENTARY,Fitbit App
2024-07-20T17:20:00Z,SEDENTARY,Fitbit App
2024-07-20T17:21:00Z,SEDENTARY,Fitbit App
2024-07-20T17:22:00Z,LIGHTLY_ACTIVE,Fitbit App
2024-07-20T17:23:00Z,VERY_ACTIVE,Fitbit App
2024-07-20T17:24:00Z,MODERATELY_ACTIVE,Fitbit App
2024-07-20T17:25:00Z,LIGHTLY_ACTIVE,Fitbit App
2024-07-20T17:26:00Z,LIGHTLY_ACTIVE,Fitbit App
2024-07-20T17:27:00Z,SEDENTARY,Fitbit App
2024-07-20T17:28:00Z,LIGHTLY_ACTIVE,Fitbit App
2024-07-20T17:29:00Z,VERY_ACTIVE,Fitbit App
2024-07-20T17:30:00Z,LIGHTLY_ACTIVE,Fitbit App
2024-07-20T17:31:00Z,SEDENTARY,Fitbit App
2024-07-20T17:32:00Z,SEDENTARY,Fitbit App
2024-07-20T17:33:00Z,SEDENTARY,Fitbit App
2024-07-20T17:34:00Z,MODERATELY_ACTIVE,Fitbit App
2024-07-20T17:35:00Z,LIGHTLY_ACTIVE,Fitbit App
2024-07-20T17:36:00Z,SEDENTARY,Fitbit App
2024-07-20T17:37:00Z,SEDENTARY,Fitbit App
2024-07-20T17:38:00Z,SEDENTARY,Fitbit App
2024-07-20T17:39:00Z,SEDENTARY,Fitbit App
2024-07-20T17:40:00Z,SEDENTARY,Fitbit App
2024-07-20T17:41:00Z,SEDENTARY,Fitbit App
2024-07-20T17:42:00Z,SEDENTARY,Fitbit App
2024-07-20T17:43:00Z,SEDENTARY,Fitbit App
2024-07-20T17:44:00Z,LIGHTLY_ACTIVE,Fitbit App
2024-07-20T17:45:00Z,LIGHTLY_ACTIVE,Fitbit App
2024-07-20T17:46:00Z,LIGHTLY_ACTIVE,Fitbit App
2024-07-20T17:47:00Z,LIGHTLY_ACTIVE,Fitbit App
2024-07-20T17:48:00Z,SEDENTARY,Fitbit App
2024-07-20T17:49:00Z,SEDENTARY,Fitbit App
2024-07-20T17:50:00Z,SEDENTARY,Fitbit App
2024-07-20T17:51:00Z,SEDENTARY,Fitbit App
2024-07-20T17:52:00Z,LIGHTLY_ACTIVE,Fitbit App
2024-07-20T17:53:00Z,LIGHTLY_ACTIVE,Fitbit App
2024-07-20T17:54:00Z,SEDENTARY,Fitbit App
2024-07-20T17:55:00Z,SEDENTARY,Fitbit App
2024-07-20T17:56:00Z,LIGHTLY_ACTIVE,Fitbit App
2024-07-20T17:57:00Z,SEDENTARY,Fitbit App
2024-07-20T17:58:00Z,MODERATELY_ACTIVE,Fitbit App
2024-07-20T17:59:00Z,VERY_ACTIVE,Fitbit App
2024-07-20T18:00:00Z,LIGHTLY_ACTIVE,Fitbit App
2024-07-20T18:01:00Z,LIGHTLY_ACTIVE,Fitbit App
2024-07-20T18:02:00Z,SEDENTARY,Fitbit App
2024-07-20T18:03:00Z,LIGHTLY_ACTIVE,Fitbit App
2024-07-20T18:04:00Z,SEDENTARY,Fitbit App
2024-07-20T18:05:00Z,LIGHTLY_ACTIVE,Fitbit App
2024-07-20T18:06:00Z,SEDENTARY,Fitbit App
2024-07-20T18:07:00Z,SEDENTARY,Fitbit App
2024-07-20T18:08:00Z,MODERATELY_ACTIVE,Fitbit App
2024-07-20T18:09:00Z,LIGHTLY_ACTIVE,Fitbit App
2024-07-20T18:10:00Z,SEDENTARY,Fitbit App
2024-07-20T18:11:00Z,MODERATELY_ACTIVE,Fitbit App
2024-07-20T18:12:00Z,MODERATELY_ACTIVE,Fitbit App
2024-07-20T18:13:00Z,MODERATELY_ACTIVE,Fitbit App
2024-07-20T18:14:00Z,LIGHTLY_ACTIVE,Fitbit App
2024-07-20T18:15:00Z,LIGHTLY_ACTIVE,Fitbit App
2024-07-20T18:16:00Z,LIGHTLY_ACTIVE,Fitbit App
2024-07-20T18:17:00Z,LIGHTLY_ACTIVE,Fitbit App
2024-07-20T18:18:00Z,LIGHTLY_ACTIVE,Fitbit App
2024-07-20T18:19:00Z,MODERATELY_ACTIVE,Fitbit App
2024-07-20T18:20:00Z,MODERATELY_ACTIVE,Fitbit App
2024-07-20T18:21:00Z,MODERATELY_ACTIVE,Fitbit App
2024-07-20T18:22:00Z,SEDENTARY,Fitbit App
2024-07-20T18:23:00Z,LIGHTLY_ACTIVE,Fitbit App
2024-07-20T18:24:00Z,MODERATELY_ACTIVE,Fitbit App
2024-07-20T18:25:00Z,LIGHTLY_ACTIVE,Fitbit App
2024-07-20T18:26:00Z,LIGHTLY_ACTIVE,Fitbit App
2024-07-20T18:27:00Z,SEDENTARY,Fitbit App
2024-07-20T18:28:00Z,SEDENTARY,Fitbit App
2024-07-20T18:29:00Z,MODERATELY_ACTIVE,Fitbit App
2024-07-20T18:30:00Z,MODERATELY_ACTIVE,Fitbit App
2024-07-20T18:31:00Z,MODERATELY_ACTIVE,Fitbit App
2024-07-20T18:32:00Z,LIGHTLY_ACTIVE,Fitbit App
2024-07-20T18:33:00Z,SEDENTARY,Fitbit App
2024-07-20T18:34:00Z,SEDENTARY,Fitbit App
2024-07-20T18:35:00Z,SEDENTARY,Fitbit App
2024-07-20T18:36:00Z,LIGHTLY_ACTIVE,Fitbit App
2024-07-20T18:37:00Z,MODERATELY_ACTIVE,Fitbit App
2024-07-20T18:38:00Z,MODERATELY_ACTIVE,Fitbit App
2024-07-20T18:39:00Z,MODERATELY_ACTIVE,Fitbit App
2024-07-20T18:40:00Z,MODERATELY_ACTIVE,Fitbit App
2024-07-20T18:41:00Z,MODERATELY_ACTIVE,Fitbit App
2024-07-20T18:42:00Z,SEDENTARY,Fitbit App
2024-07-20T18:43:00Z,SEDENTARY,Fitbit App
2024-07-20T18:44:00Z,SEDENTARY,Fitbit App
2024-07-20T18:45:00Z,SEDENTARY,Fitbit App
2024-07-20T18:46:00Z,LIGHTLY_ACTIVE,Fitbit App
2024-07-20T18:47:00Z,LIGHTLY_ACTIVE,Fitbit App
2024-07-20T18:48:00Z,SEDENTARY,Fitbit App
2024-07-20T18:49:00Z,LIGHTLY_ACTIVE,Fitbit App
2024-07-20T18:50:00Z,LIGHTLY_ACTIVE,Fitbit App
2024-07-20T18:51:00Z,LIGHTLY_ACTIVE,Fitbit App
2024-07-20T18:52:00Z,LIGHTLY_ACTIVE,Fitbit App
2024-07-20T18:53:00Z,LIGHTLY_ACTIVE,Fitbit App
2024-07-20T18:54:00Z,LIGHTLY_ACTIVE,Fitbit App
2024-07-20T18:55:00Z,SEDENTARY,Fitbit App
2024-07-20T18:56:00Z,LIGHTLY_ACTIVE,Fitbit App
2024-07-20T18:57:00Z,MODERATELY_ACTIVE,Fitbit App
2024-07-20T18:58:00Z,MODERATELY_ACTIVE,Fitbit App
2024-07-20T18:59:00Z,LIGHTLY_ACTIVE,Fitbit App
2024-07-20T19:00:00Z,SEDENTARY,Fitbit App
2024-07-20T19:01:00Z,SEDENTARY,Fitbit App
2024-07-20T19:02:00Z,SEDENTARY,Fitbit App
2024-07-20T19:03:00Z,SEDENTARY,Fitbit App
2024-07-20T19:04:00Z,SEDENTARY,Fitbit App
2024-07-20T19:05:00Z,SEDENTARY,Fitbit App
2024-07-20T19:06:00Z,LIGHTLY_ACTIVE,Fitbit App
2024-07-20T19:07:00Z,LIGHTLY_ACTIVE,Fitbit App
2024-07-20T19:08:00Z,MODERATELY_ACTIVE,Fitbit App
2024-07-20T19:09:00Z,MODERATELY_ACTIVE,Fitbit App
2024-07-20T19:10:00Z,SEDENTARY,Fitbit App
2024-07-20T19:11:00Z,LIGHTLY_ACTIVE,Fitbit App
2024-07-20T19:12:00Z,SEDENTARY,Fitbit App
2024-07-20T19:13:00Z,SEDENTARY,Fitbit App
2024-07-20T19:14:00Z,LIGHTLY_ACTIVE,Fitbit App
2024-07-20T19:15:00Z,LIGHTLY_ACTIVE,Fitbit App
2024-07-20T19:16:00Z,LIGHTLY_ACTIVE,Fitbit App
2024-07-20T19:17:00Z,SEDENTARY,Fitbit App
2024-07-20T19:18:00Z,LIGHTLY_ACTIVE,Fitbit App
2024-07-20T19:19:00Z,LIGHTLY_ACTIVE,Fitbit App
2024-07-20T19:20:00Z,MODERATELY_ACTIVE,Fitbit App
2024-07-20T19:21:00Z,MODERATELY_ACTIVE,Fitbit App
2024-07-20T19:22:00Z,MODERATELY_ACTIVE,Fitbit App
2024-07-20T19:23:00Z,SEDENTARY,Fitbit App
2024-07-20T19:24:00Z,LIGHTLY_ACTIVE,Fitbit App
2024-07-20T19:25:00Z,LIGHTLY_ACTIVE,Fitbit App
2024-07-20T19:26:00Z,MODERATELY_ACTIVE,Fitbit App
2024-07-20T19:27:00Z,MODERATELY_ACTIVE,Fitbit App
2024-07-20T19:28:00Z,MODERATELY_ACTIVE,Fitbit App
2024-07-20T19:29:00Z,LIGHTLY_ACTIVE,Fitbit App
2024-07-20T19:30:00Z,LIGHTLY_ACTIVE,Fitbit App
2024-07-20T19:31:00Z,SEDENTARY,Fitbit App
2024-07-20T19:32:00Z,SEDENTARY,Fitbit App
2024-07-20T19:33:00Z,LIGHTLY_ACTIVE,Fitbit App
2024-07-20T19:34:00Z,LIGHTLY_ACTIVE,Fitbit App
2024-07-20T19:35:00Z,LIGHTLY_ACTIVE,Fitbit App
2024-07-20T19:36:00Z,LIGHTLY_ACTIVE,Fitbit App
2024-07-20T19:37:00Z,LIGHTLY_ACTIVE,Fitbit App
2024-07-20T19:38:00Z,LIGHTLY_ACTIVE,Fitbit App
2024-07-20T19:39:00Z,LIGHTLY_ACTIVE,Fitbit App
2024-07-20T19:40:00Z,MODERATELY_ACTIVE,Fitbit App
2024-07-20T19:41:00Z,MODERATELY_ACTIVE,Fitbit App
2024-07-20T19:42:00Z,VERY_ACTIVE,Fitbit App
2024-07-20T19:43:00Z,VERY_ACTIVE,Fitbit App
2024-07-20T19:44:00Z,VERY_ACTIVE,Fitbit App
2024-07-20T19:45:00Z,VERY_ACTIVE,Fitbit App
2024-07-20T19:46:00Z,VERY_ACTIVE,Fitbit App
2024-07-20T19:47:00Z,MODERATELY_ACTIVE,Fitbit App
2024-07-20T19:48:00Z,MODERATELY_ACTIVE,Fitbit App
2024-07-20T19:49:00Z,LIGHTLY_ACTIVE,Fitbit App
2024-07-20T19:50:00Z,SEDENTARY,Fitbit App
2024-07-20T19:51:00Z,LIGHTLY_ACTIVE,Fitbit App
2024-07-20T19:52:00Z,LIGHTLY_ACTIVE,Fitbit App
2024-07-20T19:53:00Z,LIGHTLY_ACTIVE,Fitbit App
2024-07-20T19:54:00Z,VERY_ACTIVE,Fitbit App
2024-07-20T19:55:00Z,MODERATELY_ACTIVE,Fitbit App
2024-07-20T19:56:00Z,MODERATELY_ACTIVE,Fitbit App
2024-07-20T19:57:00Z,MODERATELY_ACTIVE,Fitbit App
2024-07-20T19:58:00Z,LIGHTLY_ACTIVE,Fitbit App
2024-07-20T19:59:00Z,SEDENTARY,Fitbit App
2024-07-20T20:00:00Z,MODERATELY_ACTIVE,Fitbit App
2024-07-20T20:01:00Z,VERY_ACTIVE,Fitbit App
2024-07-20T20:02:00Z,MODERATELY_ACTIVE,Fitbit App
2024-07-20T20:03:00Z,MODERATELY_ACTIVE,Fitbit App
2024-07-20T20:04:00Z,LIGHTLY_ACTIVE,Fitbit App
2024-07-20T20:05:00Z,LIGHTLY_ACTIVE,Fitbit App
2024-07-20T20:06:00Z,LIGHTLY_ACTIVE,Fitbit App
2024-07-20T20:07:00Z,LIGHTLY_ACTIVE,Fitbit App
2024-07-20T20:08:00Z,MODERATELY_ACTIVE,Fitbit App
2024-07-20T20:09:00Z,LIGHTLY_ACTIVE,Fitbit App
2024-07-20T20:10:00Z,LIGHTLY_ACTIVE,Fitbit App
2024-07-20T20:11:00Z,LIGHTLY_ACTIVE,Fitbit App
2024-07-20T20:12:00Z,LIGHTLY_ACTIVE,Fitbit App
2024-07-20T20:13:00Z,SEDENTARY,Fitbit App
2024-07-20T20:14:00Z,LIGHTLY_ACTIVE,Fitbit App
2024-07-20T20:15:00Z,LIGHTLY_ACTIVE,Fitbit App
2024-07-20T20:16:00Z,LIGHTLY_ACTIVE,Fitbit App
2024-07-20T20:17:00Z,MODERATELY_ACTIVE,Fitbit App
2024-07-20T20:18:00Z,LIGHTLY_ACTIVE,Fitbit App
2024-07-20T20:19:00Z,SEDENTARY,Fitbit App
2024-07-20T20:20:00Z,SEDENTARY,Fitbit App
2024-07-20T20:21:00Z,SEDENTARY,Fitbit App
2024-07-20T20:22:00Z,SEDENTARY,Fitbit App
2024-07-20T20:23:00Z,SEDENTARY,Fitbit App
2024-07-20T20:24:00Z,SEDENTARY,Fitbit App
2024-07-20T20:25:00Z,SEDENTARY,Fitbit App
2024-07-20T20:26:00Z,SEDENTARY,Fitbit App
2024-07-20T20:27:00Z,SEDENTARY,Fitbit App
2024-07-20T20:28:00Z,SEDENTARY,Fitbit App
2024-07-20T20:31:00Z,SEDENTARY,Fitbit App
2024-07-20T20:34:00Z,SEDENTARY,Fitbit App
2024-07-20T20:36:00Z,SEDENTARY,Fitbit App
2024-07-20T20:42:00Z,LIGHTLY_ACTIVE,Fitbit App
2024-07-20T20:43:00Z,LIGHTLY_ACTIVE,Fitbit App
2024-07-20T20:44:00Z,MODERATELY_ACTIVE,Fitbit App
2024-07-20T20:45:00Z,LIGHTLY_ACTIVE,Fitbit App
2024-07-20T20:46:00Z,LIGHTLY_ACTIVE,Fitbit App
2024-07-20T20:47:00Z,LIGHTLY_ACTIVE,Fitbit App
2024-07-20T20:48:00Z,SEDENTARY,Fitbit App
2024-07-20T20:49:00Z,SEDENTARY,Fitbit App
2024-07-20T20:50:00Z,SEDENTARY,Fitbit App
2024-07-20T20:51:00Z,SEDENTARY,Fitbit App
2024-07-20T20:52:00Z,SEDENTARY,Fitbit App
2024-07-20T20:53:00Z,SEDENTARY,Fitbit App
2024-07-20T20:54:00Z,LIGHTLY_ACTIVE,Fitbit App
2024-07-20T20:55:00Z,LIGHTLY_ACTIVE,Fitbit App
2024-07-20T20:56:00Z,MODERATELY_ACTIVE,Fitbit App
2024-07-20T20:57:00Z,LIGHTLY_ACTIVE,Fitbit App
2024-07-20T20:58:00Z,MODERATELY_ACTIVE,Fitbit App
2024-07-20T20:59:00Z,LIGHTLY_ACTIVE,Fitbit App
2024-07-20T21:00:00Z,MODERATELY_ACTIVE,Fitbit App
2024-07-20T21:01:00Z,LIGHTLY_ACTIVE,Fitbit App
2024-07-20T21:02:00Z,SEDENTARY,Fitbit App
2024-07-20T21:03:00Z,SEDENTARY,Fitbit App
2024-07-20T21:04:00Z,SEDENTARY,Fitbit App
2024-07-20T21:05:00Z,SEDENTARY,Fitbit App
2024-07-20T21:06:00Z,SEDENTARY,Fitbit App
2024-07-20T21:07:00Z,SEDENTARY,Fitbit App
2024-07-20T21:08:00Z,SEDENTARY,Fitbit App
2024-07-20T21:09:00Z,SEDENTARY,Fitbit App
2024-07-20T21:10:00Z,SEDENTARY,Fitbit App
2024-07-20T21:11:00Z,SEDENTARY,Fitbit App
2024-07-20T21:13:00Z,SEDENTARY,Fitbit App
2024-07-20T21:14:00Z,SEDENTARY,Fitbit App
2024-07-20T21:16:00Z,SEDENTARY,Fitbit App
2024-07-20T21:17:00Z,SEDENTARY,Fitbit App
2024-07-20T21:18:00Z,SEDENTARY,Fitbit App
2024-07-20T21:19:00Z,SEDENTARY,Fitbit App
2024-07-20T21:20:00Z,SEDENTARY,Fitbit App
2024-07-20T21:21:00Z,SEDENTARY,Fitbit App
2024-07-20T21:22:00Z,SEDENTARY,Fitbit App
2024-07-20T21:23:00Z,SEDENTARY,Fitbit App
2024-07-20T21:24:00Z,SEDENTARY,Fitbit App
2024-07-20T21:25:00Z,SEDENTARY,Fitbit App
2024-07-20T21:26:00Z,SEDENTARY,Fitbit App
2024-07-20T21:27:00Z,SEDENTARY,Fitbit App
2024-07-20T21:28:00Z,SEDENTARY,Fitbit App
2024-07-20T21:29:00Z,SEDENTARY,Fitbit App
2024-07-20T21:30:00Z,SEDENTARY,Fitbit App
2024-07-20T21:31:00Z,SEDENTARY,Fitbit App
2024-07-20T21:32:00Z,SEDENTARY,Fitbit App
2024-07-20T21:33:00Z,SEDENTARY,Fitbit App
2024-07-20T21:34:00Z,SEDENTARY,Fitbit App
2024-07-20T21:35:00Z,SEDENTARY,Fitbit App
2024-07-20T21:36:00Z,SEDENTARY,Fitbit App
2024-07-20T21:37:00Z,SEDENTARY,Fitbit App
2024-07-20T21:40:00Z,SEDENTARY,Fitbit App
2024-07-20T21:41:00Z,SEDENTARY,Fitbit App
2024-07-20T21:42:00Z,SEDENTARY,Fitbit App
2024-07-20T21:43:00Z,LIGHTLY_ACTIVE,Fitbit App
2024-07-20T21:44:00Z,LIGHTLY_ACTIVE,Fitbit App
2024-07-20T21:45:00Z,SEDENTARY,Fitbit App
2024-07-20T21:46:00Z,SEDENTARY,Fitbit App
2024-07-20T21:47:00Z,SEDENTARY,Fitbit App
2024-07-20T21:48:00Z,SEDENTARY,Fitbit App
2024-07-20T21:50:00Z,SEDENTARY,Fitbit App
2024-07-20T21:51:00Z,SEDENTARY,Fitbit App
2024-07-20T21:52:00Z,SEDENTARY,Fitbit App
2024-07-20T21:53:00Z,SEDENTARY,Fitbit App
2024-07-20T21:55:00Z,SEDENTARY,Fitbit App
2024-07-20T21:56:00Z,SEDENTARY,Fitbit App
2024-07-20T21:58:00Z,SEDENTARY,Fitbit App
2024-07-20T21:59:00Z,SEDENTARY,Fitbit App
2024-07-20T22:00:00Z,SEDENTARY,Fitbit App
2024-07-20T22:03:00Z,SEDENTARY,Fitbit App
2024-07-20T22:04:00Z,SEDENTARY,Fitbit App
2024-07-20T22:05:00Z,SEDENTARY,Fitbit App
2024-07-20T22:06:00Z,SEDENTARY,Fitbit App
2024-07-20T22:07:00Z,LIGHTLY_ACTIVE,Fitbit App
2024-07-20T22:08:00Z,VERY_ACTIVE,Fitbit App
2024-07-20T22:09:00Z,MODERATELY_ACTIVE,Fitbit App
2024-07-20T22:10:00Z,VERY_ACTIVE,Fitbit App
2024-07-20T22:11:00Z,LIGHTLY_ACTIVE,Fitbit App
2024-07-20T22:12:00Z,SEDENTARY,Fitbit App
2024-07-20T22:13:00Z,SEDENTARY,Fitbit App
2024-07-20T22:14:00Z,SEDENTARY,Fitbit App
2024-07-20T22:59:00Z,SEDENTARY,Fitbit App
2024-07-20T23:59:00Z,SEDENTARY,Fitbit App
2024-07-21T00:00:00Z,LIGHTLY_ACTIVE,Fitbit App
2024-07-21T00:01:00Z,SEDENTARY,Fitbit App
2024-07-21T00:25:00Z,SEDENTARY,Fitbit App
2024-07-21T00:26:00Z,SEDENTARY,Fitbit App
2024-07-21T00:27:00Z,LIGHTLY_ACTIVE,Fitbit App
2024-07-21T00:28:00Z,SEDENTARY,Fitbit App
2024-07-21T00:31:00Z,SEDENTARY,Fitbit App
2024-07-21T01:09:00Z,LIGHTLY_ACTIVE,Fitbit App
2024-07-21T01:10:00Z,SEDENTARY,Fitbit App
2024-07-21T01:11:00Z,LIGHTLY_ACTIVE,Fitbit App
2024-07-21T01:12:00Z,LIGHTLY_ACTIVE,Fitbit App
2024-07-21T01:32:00Z,LIGHTLY_ACTIVE,Fitbit App
2024-07-21T01:51:00Z,SEDENTARY,Fitbit App
2024-07-21T01:54:00Z,SEDENTARY,Fitbit App
2024-07-21T01:55:00Z,SEDENTARY,Fitbit App
2024-07-21T01:56:00Z,SEDENTARY,Fitbit App
2024-07-21T02:47:00Z,SEDENTARY,Fitbit App
2024-07-21T03:13:00Z,SEDENTARY,Fitbit App
2024-07-21T03:29:00Z,SEDENTARY,Fitbit App
2024-07-21T03:52:00Z,SEDENTARY,Fitbit App
2024-07-21T04:31:00Z,SEDENTARY,Fitbit App
2024-07-21T04:32:00Z,SEDENTARY,Fitbit App
2024-07-21T04:42:00Z,SEDENTARY,Fitbit App
2024-07-21T04:43:00Z,SEDENTARY,Fitbit App
2024-07-21T04:44:00Z,SEDENTARY,Fitbit App
2024-07-21T04:51:00Z,SEDENTARY,Fitbit App
2024-07-21T04:52:00Z,LIGHTLY_ACTIVE,Fitbit App
2024-07-21T04:53:00Z,VERY_ACTIVE,Fitbit App
2024-07-21T04:54:00Z,LIGHTLY_ACTIVE,Fitbit App
2024-07-21T04:55:00Z,MODERATELY_ACTIVE,Fitbit App
2024-07-21T04:56:00Z,MODERATELY_ACTIVE,Fitbit App
2024-07-21T04:57:00Z,LIGHTLY_ACTIVE,Fitbit App
2024-07-21T04:58:00Z,SEDENTARY,Fitbit App
2024-07-21T04:59:00Z,LIGHTLY_ACTIVE,Fitbit App
2024-07-21T05:00:00Z,LIGHTLY_ACTIVE,Fitbit App
2024-07-21T05:01:00Z,MODERATELY_ACTIVE,Fitbit App
2024-07-21T05:02:00Z,LIGHTLY_ACTIVE,Fitbit App
2024-07-21T05:03:00Z,LIGHTLY_ACTIVE,Fitbit App
2024-07-21T05:04:00Z,SEDENTARY,Fitbit App
2024-07-21T05:05:00Z,LIGHTLY_ACTIVE,Fitbit App
2024-07-21T05:06:00Z,LIGHTLY_ACTIVE,Fitbit App
2024-07-21T05:07:00Z,LIGHTLY_ACTIVE,Fitbit App
2024-07-21T05:08:00Z,SEDENTARY,Fitbit App
2024-07-21T05:09:00Z,LIGHTLY_ACTIVE,Fitbit App
2024-07-21T05:10:00Z,LIGHTLY_ACTIVE,Fitbit App
2024-07-21T05:11:00Z,MODERATELY_ACTIVE,Fitbit App
2024-07-21T05:12:00Z,LIGHTLY_ACTIVE,Fitbit App
2024-07-21T05:19:00Z,SEDENTARY,Fitbit App
2024-07-21T05:21:00Z,LIGHTLY_ACTIVE,Fitbit App
2024-07-21T05:22:00Z,LIGHTLY_ACTIVE,Fitbit App
2024-07-21T05:23:00Z,MODERATELY_ACTIVE,Fitbit App
2024-07-21T05:24:00Z,LIGHTLY_ACTIVE,Fitbit App
2024-07-21T05:25:00Z,SEDENTARY,Fitbit App
2024-07-21T05:26:00Z,SEDENTARY,Fitbit App
2024-07-21T05:27:00Z,SEDENTARY,Fitbit App
2024-07-21T05:29:00Z,LIGHTLY_ACTIVE,Fitbit App
2024-07-21T05:30:00Z,LIGHTLY_ACTIVE,Fitbit App
2024-07-21T05:31:00Z,LIGHTLY_ACTIVE,Fitbit App
2024-07-21T05:32:00Z,LIGHTLY_ACTIVE,Fitbit App
2024-07-21T05:33:00Z,LIGHTLY_ACTIVE,Fitbit App
2024-07-21T05:34:00Z,SEDENTARY,Fitbit App
2024-07-21T05:35:00Z,LIGHTLY_ACTIVE,Fitbit App
2024-07-21T05:36:00Z,LIGHTLY_ACTIVE,Fitbit App
2024-07-21T05:37:00Z,LIGHTLY_ACTIVE,Fitbit App
2024-07-21T05:38:00Z,LIGHTLY_ACTIVE,Fitbit App
2024-07-21T05:39:00Z,SEDENTARY,Fitbit App
2024-07-21T05:40:00Z,LIGHTLY_ACTIVE,Fitbit App
2024-07-21T05:41:00Z,LIGHTLY_ACTIVE,Fitbit App
2024-07-21T05:42:00Z,SEDENTARY,Fitbit App
2024-07-21T05:43:00Z,SEDENTARY,Fitbit App
2024-07-21T05:44:00Z,SEDENTARY,Fitbit App
2024-07-21T05:45:00Z,LIGHTLY_ACTIVE,Fitbit App
2024-07-21T05:46:00Z,LIGHTLY_ACTIVE,Fitbit App
2024-07-21T05:47:00Z,LIGHTLY_ACTIVE,Fitbit App
2024-07-21T05:48:00Z,LIGHTLY_ACTIVE,Fitbit App
2024-07-21T05:49:00Z,MODERATELY_ACTIVE,Fitbit App
2024-07-21T05:50:00Z,MODERATELY_ACTIVE,Fitbit App
2024-07-21T05:51:00Z,LIGHTLY_ACTIVE,Fitbit App
2024-07-21T05:52:00Z,MODERATELY_ACTIVE,Fitbit App
2024-07-21T05:53:00Z,LIGHTLY_ACTIVE,Fitbit App
2024-07-21T05:54:00Z,LIGHTLY_ACTIVE,Fitbit App
2024-07-21T05:55:00Z,SEDENTARY,Fitbit App
2024-07-21T05:56:00Z,LIGHTLY_ACTIVE,Fitbit App
2024-07-21T05:57:00Z,LIGHTLY_ACTIVE,Fitbit App
2024-07-21T05:58:00Z,LIGHTLY_ACTIVE,Fitbit App
2024-07-21T05:59:00Z,LIGHTLY_ACTIVE,Fitbit App
2024-07-21T06:00:00Z,LIGHTLY_ACTIVE,Fitbit App
2024-07-21T06:01:00Z,SEDENTARY,Fitbit App
2024-07-21T06:02:00Z,SEDENTARY,Fitbit App
2024-07-21T06:03:00Z,SEDENTARY,Fitbit App
2024-07-21T06:04:00Z,LIGHTLY_ACTIVE,Fitbit App
2024-07-21T06:05:00Z,LIGHTLY_ACTIVE,Fitbit App
2024-07-21T06:06:00Z,LIGHTLY_ACTIVE,Fitbit App
2024-07-21T06:07:00Z,LIGHTLY_ACTIVE,Fitbit App
2024-07-21T06:08:00Z,LIGHTLY_ACTIVE,Fitbit App
2024-07-21T06:09:00Z,LIGHTLY_ACTIVE,Fitbit App
2024-07-21T06:10:00Z,LIGHTLY_ACTIVE,Fitbit App
2024-07-21T06:11:00Z,LIGHTLY_ACTIVE,Fitbit App
2024-07-21T06:12:00Z,LIGHTLY_ACTIVE,Fitbit App
2024-07-21T06:13:00Z,LIGHTLY_ACTIVE,Fitbit App
2024-07-21T06:14:00Z,MODERATELY_ACTIVE,Fitbit App
2024-07-21T06:15:00Z,SEDENTARY,Fitbit App
2024-07-21T06:16:00Z,SEDENTARY,Fitbit App
2024-07-21T06:17:00Z,SEDENTARY,Fitbit App
2024-07-21T06:18:00Z,LIGHTLY_ACTIVE,Fitbit App
2024-07-21T06:19:00Z,MODERATELY_ACTIVE,Fitbit App
2024-07-21T06:20:00Z,MODERATELY_ACTIVE,Fitbit App
2024-07-21T06:21:00Z,MODERATELY_ACTIVE,Fitbit App
2024-07-21T06:22:00Z,SEDENTARY,Fitbit App
2024-07-21T06:23:00Z,LIGHTLY_ACTIVE,Fitbit App
2024-07-21T06:24:00Z,LIGHTLY_ACTIVE,Fitbit App
2024-07-21T06:25:00Z,LIGHTLY_ACTIVE,Fitbit App
2024-07-21T06:26:00Z,MODERATELY_ACTIVE,Fitbit App
2024-07-21T06:27:00Z,MODERATELY_ACTIVE,Fitbit App
2024-07-21T06:28:00Z,SEDENTARY,Fitbit App
2024-07-21T06:29:00Z,LIGHTLY_ACTIVE,Fitbit App
2024-07-21T06:30:00Z,LIGHTLY_ACTIVE,Fitbit App
2024-07-21T06:31:00Z,MODERATELY_ACTIVE,Fitbit App
2024-07-21T06:32:00Z,MODERATELY_ACTIVE,Fitbit App
2024-07-21T06:33:00Z,LIGHTLY_ACTIVE,Fitbit App
2024-07-21T06:34:00Z,LIGHTLY_ACTIVE,Fitbit App
2024-07-21T06:35:00Z,MODERATELY_ACTIVE,Fitbit App
2024-07-21T06:36:00Z,MODERATELY_ACTIVE,Fitbit App
2024-07-21T06:37:00Z,LIGHTLY_ACTIVE,Fitbit App
2024-07-21T06:38:00Z,MODERATELY_ACTIVE,Fitbit App
2024-07-21T06:39:00Z,LIGHTLY_ACTIVE,Fitbit App
2024-07-21T06:40:00Z,LIGHTLY_ACTIVE,Fitbit App
2024-07-21T06:41:00Z,MODERATELY_ACTIVE,Fitbit App
2024-07-21T06:42:00Z,MODERATELY_ACTIVE,Fitbit App
2024-07-21T06:43:00Z,MODERATELY_ACTIVE,Fitbit App
2024-07-21T06:44:00Z,LIGHTLY_ACTIVE,Fitbit App
2024-07-21T06:45:00Z,LIGHTLY_ACTIVE,Fitbit App
2024-07-21T06:46:00Z,MODERATELY_ACTIVE,Fitbit App
2024-07-21T06:47:00Z,LIGHTLY_ACTIVE,Fitbit App
2024-07-21T06:48:00Z,MODERATELY_ACTIVE,Fitbit App
2024-07-21T06:49:00Z,MODERATELY_ACTIVE,Fitbit App
2024-07-21T06:50:00Z,LIGHTLY_ACTIVE,Fitbit App
2024-07-21T06:51:00Z,MODERATELY_ACTIVE,Fitbit App
2024-07-21T06:52:00Z,MODERATELY_ACTIVE,Fitbit App
2024-07-21T06:53:00Z,MODERATELY_ACTIVE,Fitbit App
2024-07-21T06:54:00Z,MODERATELY_ACTIVE,Fitbit App
2024-07-21T06:55:00Z,LIGHTLY_ACTIVE,Fitbit App
2024-07-21T06:56:00Z,LIGHTLY_ACTIVE,Fitbit App
2024-07-21T06:57:00Z,MODERATELY_ACTIVE,Fitbit App
2024-07-21T06:58:00Z,MODERATELY_ACTIVE,Fitbit App
2024-07-21T06:59:00Z,MODERATELY_ACTIVE,Fitbit App
2024-07-21T07:00:00Z,MODERATELY_ACTIVE,Fitbit App
2024-07-21T07:01:00Z,VERY_ACTIVE,Fitbit App
2024-07-21T07:02:00Z,MODERATELY_ACTIVE,Fitbit App
2024-07-21T07:03:00Z,SEDENTARY,Fitbit App
2024-07-21T07:04:00Z,MODERATELY_ACTIVE,Fitbit App
2024-07-21T07:05:00Z,LIGHTLY_ACTIVE,Fitbit App
2024-07-21T07:06:00Z,MODERATELY_ACTIVE,Fitbit App
2024-07-21T07:07:00Z,MODERATELY_ACTIVE,Fitbit App
2024-07-21T07:08:00Z,LIGHTLY_ACTIVE,Fitbit App
2024-07-21T07:09:00Z,MODERATELY_ACTIVE,Fitbit App
2024-07-21T07:10:00Z,MODERATELY_ACTIVE,Fitbit App
2024-07-21T07:11:00Z,VERY_ACTIVE,Fitbit App
2024-07-21T07:12:00Z,VERY_ACTIVE,Fitbit App
2024-07-21T07:13:00Z,VERY_ACTIVE,Fitbit App
2024-07-21T07:14:00Z,MODERATELY_ACTIVE,Fitbit App
2024-07-21T07:15:00Z,SEDENTARY,Fitbit App
2024-07-21T07:16:00Z,VERY_ACTIVE,Fitbit App
2024-07-21T07:17:00Z,VERY_ACTIVE,Fitbit App
2024-07-21T07:18:00Z,VERY_ACTIVE,Fitbit App
2024-07-21T07:19:00Z,VERY_ACTIVE,Fitbit App
2024-07-21T07:20:00Z,VERY_ACTIVE,Fitbit App
2024-07-21T07:21:00Z,VERY_ACTIVE,Fitbit App
2024-07-21T07:22:00Z,VERY_ACTIVE,Fitbit App
2024-07-21T07:23:00Z,MODERATELY_ACTIVE,Fitbit App
2024-07-21T07:24:00Z,MODERATELY_ACTIVE,Fitbit App
2024-07-21T07:25:00Z,LIGHTLY_ACTIVE,Fitbit App
2024-07-21T07:26:00Z,MODERATELY_ACTIVE,Fitbit App
2024-07-21T07:27:00Z,MODERATELY_ACTIVE,Fitbit App
2024-07-21T07:28:00Z,SEDENTARY,Fitbit App
2024-07-21T07:29:00Z,SEDENTARY,Fitbit App
2024-07-21T07:30:00Z,SEDENTARY,Fitbit App
2024-07-21T07:31:00Z,LIGHTLY_ACTIVE,Fitbit App
2024-07-21T07:32:00Z,SEDENTARY,Fitbit App
2024-07-21T07:33:00Z,SEDENTARY,Fitbit App
2024-07-21T07:34:00Z,LIGHTLY_ACTIVE,Fitbit App
2024-07-21T07:35:00Z,SEDENTARY,Fitbit App
2024-07-21T07:36:00Z,SEDENTARY,Fitbit App
2024-07-21T07:37:00Z,SEDENTARY,Fitbit App
2024-07-21T07:38:00Z,SEDENTARY,Fitbit App
2024-07-21T07:39:00Z,SEDENTARY,Fitbit App
2024-07-21T07:40:00Z,SEDENTARY,Fitbit App
2024-07-21T07:41:00Z,LIGHTLY_ACTIVE,Fitbit App
2024-07-21T07:42:00Z,LIGHTLY_ACTIVE,Fitbit App
2024-07-21T07:43:00Z,LIGHTLY_ACTIVE,Fitbit App
2024-07-21T07:44:00Z,SEDENTARY,Fitbit App
2024-07-21T07:45:00Z,SEDENTARY,Fitbit App
2024-07-21T07:46:00Z,LIGHTLY_ACTIVE,Fitbit App
2024-07-21T07:47:00Z,SEDENTARY,Fitbit App
2024-07-21T07:48:00Z,LIGHTLY_ACTIVE,Fitbit App
2024-07-21T07:49:00Z,LIGHTLY_ACTIVE,Fitbit App
2024-07-21T07:50:00Z,LIGHTLY_ACTIVE,Fitbit App
2024-07-21T07:51:00Z,MODERATELY_ACTIVE,Fitbit App
2024-07-21T07:52:00Z,LIGHTLY_ACTIVE,Fitbit App
2024-07-21T07:53:00Z,SEDENTARY,Fitbit App
2024-07-21T07:54:00Z,SEDENTARY,Fitbit App
2024-07-21T07:55:00Z,SEDENTARY,Fitbit App
2024-07-21T07:56:00Z,SEDENTARY,Fitbit App
2024-07-21T07:57:00Z,SEDENTARY,Fitbit App
2024-07-21T07:58:00Z,SEDENTARY,Fitbit App
2024-07-21T07:59:00Z,SEDENTARY,Fitbit App
2024-07-21T08:00:00Z,SEDENTARY,Fitbit App
2024-07-21T08:01:00Z,SEDENTARY,Fitbit App
2024-07-21T08:02:00Z,SEDENTARY,Fitbit App
2024-07-21T08:03:00Z,SEDENTARY,Fitbit App
2024-07-21T08:04:00Z,LIGHTLY_ACTIVE,Fitbit App
2024-07-21T08:05:00Z,SEDENTARY,Fitbit App
2024-07-21T08:06:00Z,SEDENTARY,Fitbit App
2024-07-21T08:07:00Z,SEDENTARY,Fitbit App
2024-07-21T08:08:00Z,SEDENTARY,Fitbit App
2024-07-21T08:09:00Z,SEDENTARY,Fitbit App
2024-07-21T08:10:00Z,SEDENTARY,Fitbit App
2024-07-21T08:11:00Z,SEDENTARY,Fitbit App
2024-07-21T08:12:00Z,SEDENTARY,Fitbit App
2024-07-21T08:13:00Z,SEDENTARY,Fitbit App
2024-07-21T08:14:00Z,LIGHTLY_ACTIVE,Fitbit App
2024-07-21T08:15:00Z,MODERATELY_ACTIVE,Fitbit App
2024-07-21T08:16:00Z,MODERATELY_ACTIVE,Fitbit App
2024-07-21T08:17:00Z,VERY_ACTIVE,Fitbit App
2024-07-21T08:18:00Z,VERY_ACTIVE,Fitbit App
2024-07-21T08:19:00Z,VERY_ACTIVE,Fitbit App
2024-07-21T08:20:00Z,MODERATELY_ACTIVE,Fitbit App
2024-07-21T08:21:00Z,LIGHTLY_ACTIVE,Fitbit App
2024-07-21T08:22:00Z,LIGHTLY_ACTIVE,Fitbit App
2024-07-21T08:23:00Z,VERY_ACTIVE,Fitbit App
2024-07-21T08:24:00Z,VERY_ACTIVE,Fitbit App
2024-07-21T08:25:00Z,VERY_ACTIVE,Fitbit App
2024-07-21T08:26:00Z,MODERATELY_ACTIVE,Fitbit App
2024-07-21T08:27:00Z,SEDENTARY,Fitbit App
2024-07-21T08:28:00Z,SEDENTARY,Fitbit App
2024-07-21T08:29:00Z,SEDENTARY,Fitbit App
2024-07-21T08:30:00Z,LIGHTLY_ACTIVE,Fitbit App
2024-07-21T08:31:00Z,SEDENTARY,Fitbit App
2024-07-21T08:32:00Z,LIGHTLY_ACTIVE,Fitbit App
2024-07-21T08:33:00Z,SEDENTARY,Fitbit App
2024-07-21T08:34:00Z,SEDENTARY,Fitbit App
2024-07-21T08:35:00Z,SEDENTARY,Fitbit App
2024-07-21T08:36:00Z,SEDENTARY,Fitbit App
2024-07-21T08:37:00Z,SEDENTARY,Fitbit App
2024-07-21T08:38:00Z,SEDENTARY,Fitbit App
2024-07-21T08:39:00Z,SEDENTARY,Fitbit App
2024-07-21T08:40:00Z,SEDENTARY,Fitbit App
2024-07-21T08:41:00Z,LIGHTLY_ACTIVE,Fitbit App
2024-07-21T08:42:00Z,SEDENTARY,Fitbit App
2024-07-21T08:43:00Z,SEDENTARY,Fitbit App
2024-07-21T08:44:00Z,SEDENTARY,Fitbit App
2024-07-21T08:45:00Z,SEDENTARY,Fitbit App
2024-07-21T08:46:00Z,SEDENTARY,Fitbit App
2024-07-21T08:47:00Z,SEDENTARY,Fitbit App
2024-07-21T08:48:00Z,SEDENTARY,Fitbit App
2024-07-21T08:49:00Z,SEDENTARY,Fitbit App
2024-07-21T08:50:00Z,SEDENTARY,Fitbit App
2024-07-21T08:51:00Z,SEDENTARY,Fitbit App
2024-07-21T08:52:00Z,SEDENTARY,Fitbit App
2024-07-21T08:53:00Z,SEDENTARY,Fitbit App
2024-07-21T08:54:00Z,SEDENTARY,Fitbit App
2024-07-21T08:55:00Z,SEDENTARY,Fitbit App
2024-07-21T08:56:00Z,SEDENTARY,Fitbit App
2024-07-21T08:57:00Z,SEDENTARY,Fitbit App
2024-07-21T08:58:00Z,SEDENTARY,Fitbit App
2024-07-21T08:59:00Z,SEDENTARY,Fitbit App
2024-07-21T09:00:00Z,SEDENTARY,Fitbit App
2024-07-21T09:01:00Z,SEDENTARY,Fitbit App
2024-07-21T09:02:00Z,SEDENTARY,Fitbit App
2024-07-21T09:03:00Z,SEDENTARY,Fitbit App
2024-07-21T09:04:00Z,SEDENTARY,Fitbit App
2024-07-21T09:05:00Z,SEDENTARY,Fitbit App
2024-07-21T09:06:00Z,SEDENTARY,Fitbit App
2024-07-21T09:07:00Z,SEDENTARY,Fitbit App
2024-07-21T09:08:00Z,SEDENTARY,Fitbit App
2024-07-21T09:09:00Z,SEDENTARY,Fitbit App
2024-07-21T09:10:00Z,SEDENTARY,Fitbit App
2024-07-21T09:11:00Z,SEDENTARY,Fitbit App
2024-07-21T09:12:00Z,SEDENTARY,Fitbit App
2024-07-21T09:13:00Z,SEDENTARY,Fitbit App
2024-07-21T09:14:00Z,SEDENTARY,Fitbit App
2024-07-21T09:15:00Z,SEDENTARY,Fitbit App
2024-07-21T09:16:00Z,SEDENTARY,Fitbit App
2024-07-21T09:17:00Z,SEDENTARY,Fitbit App
2024-07-21T09:18:00Z,SEDENTARY,Fitbit App
2024-07-21T09:19:00Z,LIGHTLY_ACTIVE,Fitbit App
2024-07-21T09:20:00Z,SEDENTARY,Fitbit App
2024-07-21T09:21:00Z,SEDENTARY,Fitbit App
2024-07-21T09:22:00Z,SEDENTARY,Fitbit App
2024-07-21T09:23:00Z,SEDENTARY,Fitbit App
2024-07-21T09:24:00Z,SEDENTARY,Fitbit App
2024-07-21T09:25:00Z,SEDENTARY,Fitbit App
2024-07-21T09:26:00Z,SEDENTARY,Fitbit App
2024-07-21T09:27:00Z,SEDENTARY,Fitbit App
2024-07-21T09:28:00Z,SEDENTARY,Fitbit App
2024-07-21T09:29:00Z,SEDENTARY,Fitbit App
2024-07-21T09:30:00Z,SEDENTARY,Fitbit App
2024-07-21T09:31:00Z,SEDENTARY,Fitbit App
2024-07-21T09:32:00Z,SEDENTARY,Fitbit App
2024-07-21T09:33:00Z,SEDENTARY,Fitbit App
2024-07-21T09:34:00Z,SEDENTARY,Fitbit App
2024-07-21T09:35:00Z,SEDENTARY,Fitbit App
2024-07-21T09:36:00Z,SEDENTARY,Fitbit App
2024-07-21T09:37:00Z,SEDENTARY,Fitbit App
2024-07-21T09:38:00Z,SEDENTARY,Fitbit App
2024-07-21T09:39:00Z,LIGHTLY_ACTIVE,Fitbit App
2024-07-21T09:40:00Z,SEDENTARY,Fitbit App
2024-07-21T09:41:00Z,SEDENTARY,Fitbit App
2024-07-21T09:42:00Z,SEDENTARY,Fitbit App
2024-07-21T09:43:00Z,SEDENTARY,Fitbit App
2024-07-21T09:44:00Z,SEDENTARY,Fitbit App
2024-07-21T09:45:00Z,SEDENTARY,Fitbit App
2024-07-21T09:46:00Z,SEDENTARY,Fitbit App
2024-07-21T09:47:00Z,SEDENTARY,Fitbit App
2024-07-21T09:49:00Z,SEDENTARY,Fitbit App
2024-07-21T09:50:00Z,SEDENTARY,Fitbit App
2024-07-21T09:51:00Z,SEDENTARY,Fitbit App
2024-07-21T09:53:00Z,SEDENTARY,Fitbit App
2024-07-21T09:54:00Z,SEDENTARY,Fitbit App
2024-07-21T09:55:00Z,SEDENTARY,Fitbit App
2024-07-21T10:00:00Z,SEDENTARY,Fitbit App
2024-07-21T10:01:00Z,SEDENTARY,Fitbit App
2024-07-21T10:02:00Z,SEDENTARY,Fitbit App
2024-07-21T10:03:00Z,LIGHTLY_ACTIVE,Fitbit App
2024-07-21T10:04:00Z,SEDENTARY,Fitbit App
2024-07-21T10:05:00Z,LIGHTLY_ACTIVE,Fitbit App
2024-07-21T10:06:00Z,SEDENTARY,Fitbit App
2024-07-21T10:07:00Z,SEDENTARY,Fitbit App
2024-07-21T10:08:00Z,SEDENTARY,Fitbit App
2024-07-21T10:12:00Z,SEDENTARY,Fitbit App
2024-07-21T10:13:00Z,SEDENTARY,Fitbit App
2024-07-21T10:14:00Z,SEDENTARY,Fitbit App
2024-07-21T10:15:00Z,SEDENTARY,Fitbit App
2024-07-21T10:17:00Z,SEDENTARY,Fitbit App
2024-07-21T10:18:00Z,SEDENTARY,Fitbit App
2024-07-21T10:19:00Z,SEDENTARY,Fitbit App
2024-07-21T10:20:00Z,SEDENTARY,Fitbit App
2024-07-21T10:21:00Z,SEDENTARY,Fitbit App
2024-07-21T10:22:00Z,SEDENTARY,Fitbit App
2024-07-21T10:23:00Z,SEDENTARY,Fitbit App
2024-07-21T10:24:00Z,SEDENTARY,Fitbit App
2024-07-21T10:25:00Z,SEDENTARY,Fitbit App
2024-07-21T10:26:00Z,SEDENTARY,Fitbit App
2024-07-21T10:27:00Z,SEDENTARY,Fitbit App
2024-07-21T10:28:00Z,SEDENTARY,Fitbit App
2024-07-21T10:29:00Z,SEDENTARY,Fitbit App
2024-07-21T10:30:00Z,SEDENTARY,Fitbit App
2024-07-21T10:32:00Z,LIGHTLY_ACTIVE,Fitbit App
2024-07-21T10:33:00Z,SEDENTARY,Fitbit App
2024-07-21T10:34:00Z,SEDENTARY,Fitbit App
2024-07-21T10:39:00Z,SEDENTARY,Fitbit App
2024-07-21T10:40:00Z,SEDENTARY,Fitbit App
2024-07-21T10:43:00Z,SEDENTARY,Fitbit App
2024-07-21T10:44:00Z,LIGHTLY_ACTIVE,Fitbit App
2024-07-21T10:45:00Z,LIGHTLY_ACTIVE,Fitbit App
2024-07-21T10:46:00Z,LIGHTLY_ACTIVE,Fitbit App
2024-07-21T10:47:00Z,LIGHTLY_ACTIVE,Fitbit App
2024-07-21T10:48:00Z,SEDENTARY,Fitbit App
2024-07-21T10:49:00Z,SEDENTARY,Fitbit App
2024-07-21T10:50:00Z,SEDENTARY,Fitbit App
2024-07-21T10:51:00Z,SEDENTARY,Fitbit App
2024-07-21T10:52:00Z,LIGHTLY_ACTIVE,Fitbit App
2024-07-21T10:53:00Z,LIGHTLY_ACTIVE,Fitbit App
2024-07-21T10:54:00Z,LIGHTLY_ACTIVE,Fitbit App
2024-07-21T10:55:00Z,LIGHTLY_ACTIVE,Fitbit App
2024-07-21T10:56:00Z,LIGHTLY_ACTIVE,Fitbit App
2024-07-21T10:57:00Z,SEDENTARY,Fitbit App
2024-07-21T10:58:00Z,SEDENTARY,Fitbit App
2024-07-21T10:59:00Z,LIGHTLY_ACTIVE,Fitbit App
2024-07-21T11:00:00Z,SEDENTARY,Fitbit App
2024-07-21T11:01:00Z,SEDENTARY,Fitbit App
2024-07-21T11:02:00Z,SEDENTARY,Fitbit App
2024-07-21T11:03:00Z,SEDENTARY,Fitbit App
2024-07-21T11:04:00Z,SEDENTARY,Fitbit App
2024-07-21T11:05:00Z,SEDENTARY,Fitbit App
2024-07-21T11:06:00Z,LIGHTLY_ACTIVE,Fitbit App
2024-07-21T11:07:00Z,LIGHTLY_ACTIVE,Fitbit App
2024-07-21T11:08:00Z,SEDENTARY,Fitbit App
2024-07-21T11:09:00Z,LIGHTLY_ACTIVE,Fitbit App
2024-07-21T11:10:00Z,MODERATELY_ACTIVE,Fitbit App
2024-07-21T11:11:00Z,VERY_ACTIVE,Fitbit App
2024-07-21T11:12:00Z,VERY_ACTIVE,Fitbit App
2024-07-21T11:13:00Z,VERY_ACTIVE,Fitbit App
2024-07-21T11:14:00Z,VERY_ACTIVE,Fitbit App
2024-07-21T11:15:00Z,MODERATELY_ACTIVE,Fitbit App
2024-07-21T11:16:00Z,VERY_ACTIVE,Fitbit App
2024-07-21T11:17:00Z,MODERATELY_ACTIVE,Fitbit App
2024-07-21T11:18:00Z,VERY_ACTIVE,Fitbit App
2024-07-21T11:19:00Z,VERY_ACTIVE,Fitbit App
2024-07-21T11:20:00Z,VERY_ACTIVE,Fitbit App
2024-07-21T11:21:00Z,VERY_ACTIVE,Fitbit App
2024-07-21T11:22:00Z,MODERATELY_ACTIVE,Fitbit App
2024-07-21T11:23:00Z,VERY_ACTIVE,Fitbit App
2024-07-21T11:24:00Z,MODERATELY_ACTIVE,Fitbit App
2024-07-21T11:25:00Z,VERY_ACTIVE,Fitbit App
2024-07-21T11:26:00Z,VERY_ACTIVE,Fitbit App
2024-07-21T11:27:00Z,VERY_ACTIVE,Fitbit App
2024-07-21T11:28:00Z,VERY_ACTIVE,Fitbit App
2024-07-21T11:29:00Z,VERY_ACTIVE,Fitbit App
2024-07-21T11:30:00Z,VERY_ACTIVE,Fitbit App
2024-07-21T11:31:00Z,MODERATELY_ACTIVE,Fitbit App
2024-07-21T11:32:00Z,MODERATELY_ACTIVE,Fitbit App
2024-07-21T11:33:00Z,LIGHTLY_ACTIVE,Fitbit App
2024-07-21T11:34:00Z,MODERATELY_ACTIVE,Fitbit App
2024-07-21T11:35:00Z,SEDENTARY,Fitbit App
2024-07-21T11:36:00Z,SEDENTARY,Fitbit App
2024-07-21T11:37:00Z,SEDENTARY,Fitbit App
2024-07-21T11:38:00Z,SEDENTARY,Fitbit App
2024-07-21T11:39:00Z,LIGHTLY_ACTIVE,Fitbit App
2024-07-21T11:40:00Z,LIGHTLY_ACTIVE,Fitbit App
2024-07-21T11:41:00Z,LIGHTLY_ACTIVE,Fitbit App
2024-07-21T11:42:00Z,LIGHTLY_ACTIVE,Fitbit App
2024-07-21T11:43:00Z,SEDENTARY,Fitbit App
2024-07-21T11:44:00Z,SEDENTARY,Fitbit App
2024-07-21T11:45:00Z,LIGHTLY_ACTIVE,Fitbit App
2024-07-21T11:46:00Z,LIGHTLY_ACTIVE,Fitbit App
2024-07-21T11:47:00Z,LIGHTLY_ACTIVE,Fitbit App
2024-07-21T11:48:00Z,SEDENTARY,Fitbit App
2024-07-21T11:49:00Z,LIGHTLY_ACTIVE,Fitbit App
2024-07-21T11:50:00Z,SEDENTARY,Fitbit App
2024-07-21T11:51:00Z,SEDENTARY,Fitbit App
2024-07-21T11:52:00Z,SEDENTARY,Fitbit App
2024-07-21T11:53:00Z,SEDENTARY,Fitbit App
2024-07-21T11:54:00Z,SEDENTARY,Fitbit App
2024-07-21T11:55:00Z,SEDENTARY,Fitbit App
2024-07-21T11:56:00Z,SEDENTARY,Fitbit App
2024-07-21T11:58:00Z,SEDENTARY,Fitbit App
2024-07-21T11:59:00Z,SEDENTARY,Fitbit App
2024-07-21T12:00:00Z,SEDENTARY,Fitbit App
2024-07-21T12:02:00Z,SEDENTARY,Fitbit App
2024-07-21T12:04:00Z,LIGHTLY_ACTIVE,Fitbit App
2024-07-21T12:05:00Z,LIGHTLY_ACTIVE,Fitbit App
2024-07-21T12:08:00Z,SEDENTARY,Fitbit App
2024-07-21T12:09:00Z,SEDENTARY,Fitbit App
2024-07-21T12:10:00Z,SEDENTARY,Fitbit App
2024-07-21T12:14:00Z,SEDENTARY,Fitbit App
2024-07-21T12:16:00Z,LIGHTLY_ACTIVE,Fitbit App
2024-07-21T12:18:00Z,SEDENTARY,Fitbit App
2024-07-21T12:23:00Z,LIGHTLY_ACTIVE,Fitbit App
2024-07-21T12:24:00Z,SEDENTARY,Fitbit App
2024-07-21T12:27:00Z,SEDENTARY,Fitbit App
2024-07-21T12:29:00Z,SEDENTARY,Fitbit App
2024-07-21T12:30:00Z,LIGHTLY_ACTIVE,Fitbit App
2024-07-21T12:31:00Z,LIGHTLY_ACTIVE,Fitbit App
2024-07-21T12:32:00Z,LIGHTLY_ACTIVE,Fitbit App
2024-07-21T12:33:00Z,LIGHTLY_ACTIVE,Fitbit App
2024-07-21T12:34:00Z,LIGHTLY_ACTIVE,Fitbit App
2024-07-21T12:35:00Z,SEDENTARY,Fitbit App
2024-07-21T12:36:00Z,LIGHTLY_ACTIVE,Fitbit App
2024-07-21T12:37:00Z,LIGHTLY_ACTIVE,Fitbit App
2024-07-21T12:38:00Z,LIGHTLY_ACTIVE,Fitbit App
2024-07-21T12:39:00Z,LIGHTLY_ACTIVE,Fitbit App
2024-07-21T12:40:00Z,SEDENTARY,Fitbit App
2024-07-21T12:41:00Z,LIGHTLY_ACTIVE,Fitbit App
2024-07-21T12:42:00Z,LIGHTLY_ACTIVE,Fitbit App
2024-07-21T12:43:00Z,LIGHTLY_ACTIVE,Fitbit App
2024-07-21T12:44:00Z,LIGHTLY_ACTIVE,Fitbit App
2024-07-21T12:45:00Z,LIGHTLY_ACTIVE,Fitbit App
2024-07-21T12:46:00Z,LIGHTLY_ACTIVE,Fitbit App
2024-07-21T12:47:00Z,LIGHTLY_ACTIVE,Fitbit App
2024-07-21T12:48:00Z,LIGHTLY_ACTIVE,Fitbit App
2024-07-21T12:49:00Z,LIGHTLY_ACTIVE,Fitbit App
2024-07-21T12:50:00Z,LIGHTLY_ACTIVE,Fitbit App
2024-07-21T12:51:00Z,LIGHTLY_ACTIVE,Fitbit App
2024-07-21T12:52:00Z,LIGHTLY_ACTIVE,Fitbit App
2024-07-21T12:53:00Z,SEDENTARY,Fitbit App
2024-07-21T12:54:00Z,SEDENTARY,Fitbit App
2024-07-21T12:56:00Z,LIGHTLY_ACTIVE,Fitbit App
2024-07-21T12:57:00Z,SEDENTARY,Fitbit App
2024-07-21T12:58:00Z,SEDENTARY,Fitbit App
2024-07-21T12:59:00Z,SEDENTARY,Fitbit App
2024-07-21T13:00:00Z,SEDENTARY,Fitbit App
2024-07-21T13:01:00Z,SEDENTARY,Fitbit App
2024-07-21T13:02:00Z,SEDENTARY,Fitbit App
2024-07-21T13:03:00Z,SEDENTARY,Fitbit App
2024-07-21T13:04:00Z,SEDENTARY,Fitbit App
2024-07-21T13:06:00Z,SEDENTARY,Fitbit App
2024-07-21T13:07:00Z,SEDENTARY,Fitbit App
2024-07-21T13:12:00Z,SEDENTARY,Fitbit App
2024-07-21T13:14:00Z,LIGHTLY_ACTIVE,Fitbit App
2024-07-21T13:15:00Z,LIGHTLY_ACTIVE,Fitbit App
2024-07-21T13:16:00Z,LIGHTLY_ACTIVE,Fitbit App
2024-07-21T13:17:00Z,SEDENTARY,Fitbit App
2024-07-21T13:18:00Z,LIGHTLY_ACTIVE,Fitbit App
2024-07-21T13:19:00Z,LIGHTLY_ACTIVE,Fitbit App
2024-07-21T13:20:00Z,MODERATELY_ACTIVE,Fitbit App
2024-07-21T13:21:00Z,SEDENTARY,Fitbit App
2024-07-21T13:22:00Z,LIGHTLY_ACTIVE,Fitbit App
2024-07-21T13:23:00Z,SEDENTARY,Fitbit App
2024-07-21T13:24:00Z,SEDENTARY,Fitbit App
2024-07-21T13:25:00Z,SEDENTARY,Fitbit App
2024-07-21T13:26:00Z,SEDENTARY,Fitbit App
2024-07-21T13:27:00Z,SEDENTARY,Fitbit App
2024-07-21T13:28:00Z,SEDENTARY,Fitbit App
2024-07-21T13:29:00Z,SEDENTARY,Fitbit App
2024-07-21T13:30:00Z,SEDENTARY,Fitbit App
2024-07-21T13:32:00Z,SEDENTARY,Fitbit App
2024-07-21T13:35:00Z,SEDENTARY,Fitbit App
2024-07-21T13:36:00Z,LIGHTLY_ACTIVE,Fitbit App
2024-07-21T13:37:00Z,SEDENTARY,Fitbit App
2024-07-21T13:38:00Z,SEDENTARY,Fitbit App
2024-07-21T13:39:00Z,SEDENTARY,Fitbit App
2024-07-21T13:40:00Z,SEDENTARY,Fitbit App
2024-07-21T13:41:00Z,SEDENTARY,Fitbit App
2024-07-21T13:42:00Z,SEDENTARY,Fitbit App
2024-07-21T13:43:00Z,SEDENTARY,Fitbit App
2024-07-21T13:44:00Z,SEDENTARY,Fitbit App
2024-07-21T13:45:00Z,SEDENTARY,Fitbit App
2024-07-21T13:46:00Z,SEDENTARY,Fitbit App
2024-07-21T13:47:00Z,LIGHTLY_ACTIVE,Fitbit App
2024-07-21T13:48:00Z,SEDENTARY,Fitbit App
2024-07-21T13:49:00Z,SEDENTARY,Fitbit App
2024-07-21T13:50:00Z,LIGHTLY_ACTIVE,Fitbit App
2024-07-21T13:51:00Z,LIGHTLY_ACTIVE,Fitbit App
2024-07-21T13:52:00Z,SEDENTARY,Fitbit App
2024-07-21T13:53:00Z,SEDENTARY,Fitbit App
2024-07-21T13:58:00Z,SEDENTARY,Fitbit App
2024-07-21T14:00:00Z,LIGHTLY_ACTIVE,Fitbit App
2024-07-21T14:01:00Z,SEDENTARY,Fitbit App
2024-07-21T14:02:00Z,SEDENTARY,Fitbit App
2024-07-21T14:06:00Z,SEDENTARY,Fitbit App
2024-07-21T14:07:00Z,SEDENTARY,Fitbit App
2024-07-21T14:09:00Z,SEDENTARY,Fitbit App
2024-07-21T14:14:00Z,SEDENTARY,Fitbit App
2024-07-21T14:17:00Z,SEDENTARY,Fitbit App
2024-07-21T14:22:00Z,SEDENTARY,Fitbit App
2024-07-21T14:23:00Z,SEDENTARY,Fitbit App
2024-07-21T14:29:00Z,SEDENTARY,Fitbit App
2024-07-21T14:30:00Z,SEDENTARY,Fitbit App
2024-07-21T14:33:00Z,SEDENTARY,Fitbit App
2024-07-21T14:36:00Z,SEDENTARY,Fitbit App
2024-07-21T14:37:00Z,SEDENTARY,Fitbit App
2024-07-21T15:07:00Z,SEDENTARY,Fitbit App
2024-07-21T15:09:00Z,SEDENTARY,Fitbit App
2024-07-21T15:12:00Z,SEDENTARY,Fitbit App
2024-07-21T15:13:00Z,SEDENTARY,Fitbit App
2024-07-21T15:14:00Z,SEDENTARY,Fitbit App
2024-07-21T15:52:00Z,SEDENTARY,Fitbit App
2024-07-21T15:57:00Z,SEDENTARY,Fitbit App
2024-07-21T16:00:00Z,SEDENTARY,Fitbit App
2024-07-21T16:08:00Z,SEDENTARY,Fitbit App
2024-07-21T17:08:00Z,SEDENTARY,Fitbit App
2024-07-21T17:09:00Z,LIGHTLY_ACTIVE,Fitbit App
2024-07-21T17:10:00Z,SEDENTARY,Fitbit App
2024-07-21T17:11:00Z,SEDENTARY,Fitbit App
2024-07-21T17:12:00Z,LIGHTLY_ACTIVE,Fitbit App
2024-07-21T17:13:00Z,LIGHTLY_ACTIVE,Fitbit App
2024-07-21T17:14:00Z,SEDENTARY,Fitbit App
2024-07-21T17:15:00Z,SEDENTARY,Fitbit App
2024-07-21T17:16:00Z,SEDENTARY,Fitbit App
2024-07-21T17:17:00Z,SEDENTARY,Fitbit App
2024-07-21T17:19:00Z,SEDENTARY,Fitbit App
2024-07-21T17:21:00Z,SEDENTARY,Fitbit App
2024-07-21T17:25:00Z,SEDENTARY,Fitbit App
2024-07-21T17:27:00Z,SEDENTARY,Fitbit App
2024-07-21T17:31:00Z,LIGHTLY_ACTIVE,Fitbit App
2024-07-21T17:32:00Z,SEDENTARY,Fitbit App
2024-07-21T17:33:00Z,SEDENTARY,Fitbit App
2024-07-21T17:34:00Z,LIGHTLY_ACTIVE,Fitbit App
2024-07-21T17:35:00Z,LIGHTLY_ACTIVE,Fitbit App
2024-07-21T17:38:00Z,SEDENTARY,Fitbit App
2024-07-21T17:40:00Z,SEDENTARY,Fitbit App
2024-07-21T17:44:00Z,SEDENTARY,Fitbit App
2024-07-21T17:47:00Z,SEDENTARY,Fitbit App
2024-07-21T17:50:00Z,SEDENTARY,Fitbit App
2024-07-21T17:51:00Z,SEDENTARY,Fitbit App
2024-07-21T17:59:00Z,LIGHTLY_ACTIVE,Fitbit App
2024-07-21T18:00:00Z,SEDENTARY,Fitbit App
2024-07-21T18:01:00Z,SEDENTARY,Fitbit App
2024-07-21T18:02:00Z,SEDENTARY,Fitbit App
2024-07-21T18:03:00Z,LIGHTLY_ACTIVE,Fitbit App
2024-07-21T18:05:00Z,LIGHTLY_ACTIVE,Fitbit App
2024-07-21T18:06:00Z,LIGHTLY_ACTIVE,Fitbit App
2024-07-21T18:08:00Z,SEDENTARY,Fitbit App
2024-07-21T18:09:00Z,SEDENTARY,Fitbit App
2024-07-21T18:10:00Z,LIGHTLY_ACTIVE,Fitbit App
2024-07-21T18:11:00Z,SEDENTARY,Fitbit App
2024-07-21T18:12:00Z,LIGHTLY_ACTIVE,Fitbit App
2024-07-21T18:13:00Z,SEDENTARY,Fitbit App
2024-07-21T18:14:00Z,SEDENTARY,Fitbit App
2024-07-21T18:15:00Z,SEDENTARY,Fitbit App
2024-07-21T18:16:00Z,SEDENTARY,Fitbit App
2024-07-21T18:17:00Z,SEDENTARY,Fitbit App
2024-07-21T18:19:00Z,SEDENTARY,Fitbit App
2024-07-21T18:23:00Z,LIGHTLY_ACTIVE,Fitbit App
2024-07-21T18:24:00Z,SEDENTARY,Fitbit App
2024-07-21T18:25:00Z,SEDENTARY,Fitbit App
2024-07-21T18:26:00Z,SEDENTARY,Fitbit App
2024-07-21T18:27:00Z,SEDENTARY,Fitbit App
2024-07-21T18:28:00Z,SEDENTARY,Fitbit App
2024-07-21T18:29:00Z,SEDENTARY,Fitbit App
2024-07-21T18:30:00Z,SEDENTARY,Fitbit App
2024-07-21T18:31:00Z,SEDENTARY,Fitbit App
2024-07-21T18:32:00Z,SEDENTARY,Fitbit App
2024-07-21T18:33:00Z,SEDENTARY,Fitbit App
2024-07-21T18:34:00Z,SEDENTARY,Fitbit App
2024-07-21T18:35:00Z,SEDENTARY,Fitbit App
2024-07-21T18:36:00Z,LIGHTLY_ACTIVE,Fitbit App
2024-07-21T18:37:00Z,SEDENTARY,Fitbit App
2024-07-21T18:38:00Z,SEDENTARY,Fitbit App
2024-07-21T18:40:00Z,SEDENTARY,Fitbit App
2024-07-21T18:42:00Z,SEDENTARY,Fitbit App
2024-07-21T18:43:00Z,LIGHTLY_ACTIVE,Fitbit App
2024-07-21T18:44:00Z,SEDENTARY,Fitbit App
2024-07-21T18:45:00Z,SEDENTARY,Fitbit App
2024-07-21T18:48:00Z,SEDENTARY,Fitbit App
2024-07-21T18:49:00Z,LIGHTLY_ACTIVE,Fitbit App
2024-07-21T18:50:00Z,SEDENTARY,Fitbit App
2024-07-21T18:51:00Z,LIGHTLY_ACTIVE,Fitbit App
2024-07-21T18:52:00Z,LIGHTLY_ACTIVE,Fitbit App
2024-07-21T18:53:00Z,SEDENTARY,Fitbit App
2024-07-21T18:55:00Z,LIGHTLY_ACTIVE,Fitbit App
2024-07-21T19:22:00Z,LIGHTLY_ACTIVE,Fitbit App
2024-07-21T19:23:00Z,SEDENTARY,Fitbit App
2024-07-21T19:24:00Z,LIGHTLY_ACTIVE,Fitbit App
2024-07-21T19:25:00Z,SEDENTARY,Fitbit App
2024-07-21T19:26:00Z,SEDENTARY,Fitbit App
2024-07-21T19:27:00Z,SEDENTARY,Fitbit App
2024-07-21T19:28:00Z,SEDENTARY,Fitbit App
2024-07-21T19:29:00Z,SEDENTARY,Fitbit App
2024-07-21T19:30:00Z,SEDENTARY,Fitbit App
2024-07-21T19:31:00Z,SEDENTARY,Fitbit App
2024-07-21T19:32:00Z,LIGHTLY_ACTIVE,Fitbit App
2024-07-21T19:33:00Z,LIGHTLY_ACTIVE,Fitbit App
2024-07-21T19:34:00Z,LIGHTLY_ACTIVE,Fitbit App
2024-07-21T19:35:00Z,LIGHTLY_ACTIVE,Fitbit App
2024-07-21T19:36:00Z,LIGHTLY_ACTIVE,Fitbit App
2024-07-21T19:37:00Z,LIGHTLY_ACTIVE,Fitbit App
2024-07-21T19:38:00Z,SEDENTARY,Fitbit App
2024-07-21T19:39:00Z,LIGHTLY_ACTIVE,Fitbit App
2024-07-21T19:40:00Z,SEDENTARY,Fitbit App
2024-07-21T19:42:00Z,SEDENTARY,Fitbit App
2024-07-21T19:43:00Z,SEDENTARY,Fitbit App
2024-07-21T19:44:00Z,SEDENTARY,Fitbit App
2024-07-21T19:45:00Z,SEDENTARY,Fitbit App
2024-07-21T19:46:00Z,SEDENTARY,Fitbit App
2024-07-21T19:47:00Z,SEDENTARY,Fitbit App
2024-07-21T20:09:00Z,SEDENTARY,Fitbit App
2024-07-21T20:11:00Z,SEDENTARY,Fitbit App
2024-07-21T20:15:00Z,SEDENTARY,Fitbit App
2024-07-21T20:17:00Z,SEDENTARY,Fitbit App
2024-07-21T20:20:00Z,SEDENTARY,Fitbit App
2024-07-21T20:26:00Z,SEDENTARY,Fitbit App
2024-07-21T20:32:00Z,SEDENTARY,Fitbit App
2024-07-21T20:35:00Z,SEDENTARY,Fitbit App
2024-07-21T20:36:00Z,LIGHTLY_ACTIVE,Fitbit App
2024-07-21T20:37:00Z,LIGHTLY_ACTIVE,Fitbit App
2024-07-21T20:55:00Z,SEDENTARY,Fitbit App
2024-07-21T20:56:00Z,SEDENTARY,Fitbit App
2024-07-21T20:57:00Z,LIGHTLY_ACTIVE,Fitbit App
2024-07-21T20:58:00Z,LIGHTLY_ACTIVE,Fitbit App
2024-07-21T20:59:00Z,SEDENTARY,Fitbit App
2024-07-21T21:00:00Z,LIGHTLY_ACTIVE,Fitbit App
2024-07-21T21:01:00Z,SEDENTARY,Fitbit App
2024-07-21T21:03:00Z,SEDENTARY,Fitbit App
2024-07-21T21:04:00Z,SEDENTARY,Fitbit App
2024-07-21T21:12:00Z,SEDENTARY,Fitbit App
2024-07-21T21:15:00Z,SEDENTARY,Fitbit App
2024-07-21T21:16:00Z,LIGHTLY_ACTIVE,Fitbit App
2024-07-21T21:17:00Z,LIGHTLY_ACTIVE,Fitbit App
2024-07-21T21:20:00Z,SEDENTARY,Fitbit App
2024-07-21T21:21:00Z,SEDENTARY,Fitbit App
2024-07-21T21:22:00Z,SEDENTARY,Fitbit App
2024-07-21T21:23:00Z,SEDENTARY,Fitbit App
2024-07-21T21:24:00Z,SEDENTARY,Fitbit App
2024-07-21T21:25:00Z,SEDENTARY,Fitbit App
2024-07-21T21:26:00Z,SEDENTARY,Fitbit App
2024-07-21T21:28:00Z,SEDENTARY,Fitbit App
2024-07-21T21:29:00Z,SEDENTARY,Fitbit App
2024-07-21T21:33:00Z,SEDENTARY,Fitbit App
2024-07-21T21:35:00Z,SEDENTARY,Fitbit App
2024-07-21T21:36:00Z,SEDENTARY,Fitbit App
2024-07-21T21:37:00Z,SEDENTARY,Fitbit App
2024-07-21T21:39:00Z,SEDENTARY,Fitbit App
2024-07-21T21:40:00Z,SEDENTARY,Fitbit App
2024-07-21T21:41:00Z,SEDENTARY,Fitbit App
2024-07-21T21:42:00Z,SEDENTARY,Fitbit App
2024-07-21T21:43:00Z,SEDENTARY,Fitbit App
2024-07-21T21:44:00Z,SEDENTARY,Fitbit App
2024-07-21T21:45:00Z,SEDENTARY,Fitbit App
2024-07-21T21:46:00Z,SEDENTARY,Fitbit App
2024-07-21T21:48:00Z,SEDENTARY,Fitbit App
2024-07-21T21:49:00Z,SEDENTARY,Fitbit App
2024-07-21T21:53:00Z,SEDENTARY,Fitbit App
2024-07-21T22:01:00Z,SEDENTARY,Fitbit App
2024-07-21T22:09:00Z,SEDENTARY,Fitbit App
2024-07-21T22:10:00Z,SEDENTARY,Fitbit App
2024-07-21T22:11:00Z,SEDENTARY,Fitbit App
2024-07-21T22:12:00Z,SEDENTARY,Fitbit App
2024-07-21T22:13:00Z,SEDENTARY,Fitbit App
2024-07-21T22:21:00Z,SEDENTARY,Fitbit App
2024-07-21T22:32:00Z,SEDENTARY,Fitbit App
2024-07-21T22:35:00Z,SEDENTARY,Fitbit App
2024-07-21T22:40:00Z,SEDENTARY,Fitbit App
2024-07-21T22:42:00Z,SEDENTARY,Fitbit App
2024-07-21T22:45:00Z,SEDENTARY,Fitbit App
2024-07-21T22:52:00Z,SEDENTARY,Fitbit App
2024-07-21T22:53:00Z,SEDENTARY,Fitbit App
2024-07-21T22:54:00Z,SEDENTARY,Fitbit App
2024-07-21T22:55:00Z,SEDENTARY,Fitbit App
2024-07-21T22:56:00Z,SEDENTARY,Fitbit App
2024-07-21T22:57:00Z,SEDENTARY,Fitbit App
2024-07-21T22:59:00Z,SEDENTARY,Fitbit App
2024-07-21T23:00:00Z,SEDENTARY,Fitbit App
2024-07-21T23:01:00Z,SEDENTARY,Fitbit App
2024-07-21T23:02:00Z,SEDENTARY,Fitbit App
2024-07-21T23:03:00Z,SEDENTARY,Fitbit App
2024-07-21T23:04:00Z,SEDENTARY,Fitbit App
2024-07-21T23:10:00Z,SEDENTARY,Fitbit App
2024-07-21T23:11:00Z,SEDENTARY,Fitbit App
2024-07-21T23:12:00Z,SEDENTARY,Fitbit App
2024-07-21T23:13:00Z,SEDENTARY,Fitbit App
2024-07-21T23:17:00Z,SEDENTARY,Fitbit App
2024-07-21T23:18:00Z,SEDENTARY,Fitbit App
2024-07-21T23:19:00Z,LIGHTLY_ACTIVE,Fitbit App
2024-07-21T23:20:00Z,SEDENTARY,Fitbit App
2024-07-21T23:21:00Z,LIGHTLY_ACTIVE,Fitbit App
2024-07-21T23:22:00Z,LIGHTLY_ACTIVE,Fitbit App
2024-07-21T23:23:00Z,LIGHTLY_ACTIVE,Fitbit App
2024-07-21T23:34:00Z,SEDENTARY,Fitbit App
2024-07-21T23:35:00Z,SEDENTARY,Fitbit App
2024-07-22T01:58:00Z,SEDENTARY,Fitbit App
2024-07-22T02:21:00Z,SEDENTARY,Fitbit App
2024-07-22T02:42:00Z,SEDENTARY,Fitbit App
2024-07-22T03:23:00Z,SEDENTARY,Fitbit App
2024-07-22T03:33:00Z,SEDENTARY,Fitbit App
2024-07-22T03:47:00Z,SEDENTARY,Fitbit App
2024-07-22T04:32:00Z,SEDENTARY,Fitbit App
2024-07-22T05:06:00Z,SEDENTARY,Fitbit App
2024-07-22T05:23:00Z,SEDENTARY,Fitbit App
2024-07-22T05:39:00Z,SEDENTARY,Fitbit App
2024-07-22T05:42:00Z,SEDENTARY,Fitbit App
2024-07-22T05:43:00Z,SEDENTARY,Fitbit App
2024-07-22T05:44:00Z,SEDENTARY,Fitbit App
2024-07-22T05:45:00Z,LIGHTLY_ACTIVE,Fitbit App
2024-07-22T05:46:00Z,SEDENTARY,Fitbit App
2024-07-22T05:47:00Z,LIGHTLY_ACTIVE,Fitbit App
2024-07-22T05:48:00Z,SEDENTARY,Fitbit App
2024-07-22T05:49:00Z,SEDENTARY,Fitbit App
2024-07-22T05:50:00Z,SEDENTARY,Fitbit App
2024-07-22T05:51:00Z,SEDENTARY,Fitbit App
2024-07-22T05:53:00Z,LIGHTLY_ACTIVE,Fitbit App
2024-07-22T05:54:00Z,LIGHTLY_ACTIVE,Fitbit App
2024-07-22T05:55:00Z,SEDENTARY,Fitbit App
2024-07-22T05:56:00Z,SEDENTARY,Fitbit App
2024-07-22T05:57:00Z,LIGHTLY_ACTIVE,Fitbit App
2024-07-22T05:58:00Z,LIGHTLY_ACTIVE,Fitbit App
2024-07-22T05:59:00Z,LIGHTLY_ACTIVE,Fitbit App
2024-07-22T06:00:00Z,LIGHTLY_ACTIVE,Fitbit App
2024-07-22T06:01:00Z,LIGHTLY_ACTIVE,Fitbit App
2024-07-22T06:02:00Z,LIGHTLY_ACTIVE,Fitbit App
2024-07-22T06:03:00Z,LIGHTLY_ACTIVE,Fitbit App
2024-07-22T06:04:00Z,SEDENTARY,Fitbit App
2024-07-22T06:05:00Z,SEDENTARY,Fitbit App
2024-07-22T06:06:00Z,SEDENTARY,Fitbit App
2024-07-22T06:07:00Z,SEDENTARY,Fitbit App
2024-07-22T06:08:00Z,LIGHTLY_ACTIVE,Fitbit App
2024-07-22T06:09:00Z,SEDENTARY,Fitbit App
2024-07-22T06:10:00Z,SEDENTARY,Fitbit App
2024-07-22T06:11:00Z,SEDENTARY,Fitbit App
2024-07-22T06:12:00Z,SEDENTARY,Fitbit App
2024-07-22T06:13:00Z,SEDENTARY,Fitbit App
2024-07-22T06:14:00Z,SEDENTARY,Fitbit App
2024-07-22T06:15:00Z,SEDENTARY,Fitbit App
2024-07-22T06:16:00Z,SEDENTARY,Fitbit App
2024-07-22T06:17:00Z,SEDENTARY,Fitbit App
2024-07-22T06:18:00Z,SEDENTARY,Fitbit App
2024-07-22T06:19:00Z,SEDENTARY,Fitbit App
2024-07-22T06:20:00Z,SEDENTARY,Fitbit App
2024-07-22T06:21:00Z,SEDENTARY,Fitbit App
2024-07-22T06:22:00Z,SEDENTARY,Fitbit App
2024-07-22T06:23:00Z,SEDENTARY,Fitbit App
2024-07-22T06:31:00Z,SEDENTARY,Fitbit App
2024-07-22T06:32:00Z,SEDENTARY,Fitbit App
2024-07-22T06:34:00Z,SEDENTARY,Fitbit App
2024-07-22T06:36:00Z,SEDENTARY,Fitbit App
2024-07-22T06:44:00Z,LIGHTLY_ACTIVE,Fitbit App
2024-07-22T06:45:00Z,LIGHTLY_ACTIVE,Fitbit App
2024-07-22T06:46:00Z,SEDENTARY,Fitbit App
2024-07-22T06:47:00Z,SEDENTARY,Fitbit App
2024-07-22T06:48:00Z,SEDENTARY,Fitbit App
2024-07-22T06:50:00Z,SEDENTARY,Fitbit App
2024-07-22T06:51:00Z,SEDENTARY,Fitbit App
2024-07-22T06:52:00Z,SEDENTARY,Fitbit App
2024-07-22T06:53:00Z,SEDENTARY,Fitbit App
2024-07-22T06:55:00Z,SEDENTARY,Fitbit App
2024-07-22T06:56:00Z,SEDENTARY,Fitbit App
2024-07-22T07:00:00Z,SEDENTARY,Fitbit App
2024-07-22T07:05:00Z,SEDENTARY,Fitbit App
2024-07-22T07:06:00Z,SEDENTARY,Fitbit App
2024-07-22T07:07:00Z,SEDENTARY,Fitbit App
2024-07-22T07:08:00Z,LIGHTLY_ACTIVE,Fitbit App
2024-07-22T07:09:00Z,LIGHTLY_ACTIVE,Fitbit App
2024-07-22T07:10:00Z,LIGHTLY_ACTIVE,Fitbit App
2024-07-22T07:32:00Z,LIGHTLY_ACTIVE,Fitbit App
2024-07-22T07:33:00Z,SEDENTARY,Fitbit App
2024-07-22T07:34:00Z,SEDENTARY,Fitbit App
2024-07-22T07:35:00Z,SEDENTARY,Fitbit App
2024-07-22T07:36:00Z,SEDENTARY,Fitbit App
2024-07-22T07:41:00Z,LIGHTLY_ACTIVE,Fitbit App
2024-07-22T07:42:00Z,LIGHTLY_ACTIVE,Fitbit App
2024-07-22T07:43:00Z,LIGHTLY_ACTIVE,Fitbit App
2024-07-22T07:44:00Z,SEDENTARY,Fitbit App
2024-07-22T07:45:00Z,SEDENTARY,Fitbit App
2024-07-22T07:46:00Z,LIGHTLY_ACTIVE,Fitbit App
2024-07-22T07:47:00Z,MODERATELY_ACTIVE,Fitbit App
2024-07-22T07:48:00Z,VERY_ACTIVE,Fitbit App
2024-07-22T07:49:00Z,LIGHTLY_ACTIVE,Fitbit App
2024-07-22T07:50:00Z,SEDENTARY,Fitbit App
2024-07-22T07:51:00Z,SEDENTARY,Fitbit App
2024-07-22T07:52:00Z,MODERATELY_ACTIVE,Fitbit App
2024-07-22T07:53:00Z,MODERATELY_ACTIVE,Fitbit App
2024-07-22T07:54:00Z,LIGHTLY_ACTIVE,Fitbit App
2024-07-22T07:55:00Z,SEDENTARY,Fitbit App
2024-07-22T07:56:00Z,LIGHTLY_ACTIVE,Fitbit App
2024-07-22T07:57:00Z,LIGHTLY_ACTIVE,Fitbit App
2024-07-22T07:58:00Z,LIGHTLY_ACTIVE,Fitbit App
2024-07-22T07:59:00Z,LIGHTLY_ACTIVE,Fitbit App
2024-07-22T08:00:00Z,LIGHTLY_ACTIVE,Fitbit App
2024-07-22T08:01:00Z,LIGHTLY_ACTIVE,Fitbit App
2024-07-22T08:02:00Z,LIGHTLY_ACTIVE,Fitbit App
2024-07-22T08:03:00Z,LIGHTLY_ACTIVE,Fitbit App
2024-07-22T08:04:00Z,LIGHTLY_ACTIVE,Fitbit App
2024-07-22T08:05:00Z,LIGHTLY_ACTIVE,Fitbit App
2024-07-22T08:06:00Z,LIGHTLY_ACTIVE,Fitbit App
2024-07-22T08:07:00Z,LIGHTLY_ACTIVE,Fitbit App
2024-07-22T08:08:00Z,LIGHTLY_ACTIVE,Fitbit App
2024-07-22T08:09:00Z,SEDENTARY,Fitbit App
2024-07-22T08:12:00Z,SEDENTARY,Fitbit App
2024-07-22T08:21:00Z,SEDENTARY,Fitbit App
2024-07-22T08:25:00Z,LIGHTLY_ACTIVE,Fitbit App
2024-07-22T08:26:00Z,LIGHTLY_ACTIVE,Fitbit App
2024-07-22T08:27:00Z,LIGHTLY_ACTIVE,Fitbit App
2024-07-22T08:28:00Z,MODERATELY_ACTIVE,Fitbit App
2024-07-22T08:29:00Z,LIGHTLY_ACTIVE,Fitbit App
2024-07-22T08:30:00Z,LIGHTLY_ACTIVE,Fitbit App
2024-07-22T08:31:00Z,LIGHTLY_ACTIVE,Fitbit App
2024-07-22T08:32:00Z,LIGHTLY_ACTIVE,Fitbit App
2024-07-22T08:33:00Z,LIGHTLY_ACTIVE,Fitbit App
2024-07-22T08:34:00Z,LIGHTLY_ACTIVE,Fitbit App
2024-07-22T08:35:00Z,LIGHTLY_ACTIVE,Fitbit App
2024-07-22T08:36:00Z,LIGHTLY_ACTIVE,Fitbit App
2024-07-22T08:37:00Z,LIGHTLY_ACTIVE,Fitbit App
2024-07-22T08:38:00Z,LIGHTLY_ACTIVE,Fitbit App
2024-07-22T08:39:00Z,LIGHTLY_ACTIVE,Fitbit App
2024-07-22T08:40:00Z,LIGHTLY_ACTIVE,Fitbit App
2024-07-22T08:41:00Z,LIGHTLY_ACTIVE,Fitbit App
2024-07-22T08:42:00Z,LIGHTLY_ACTIVE,Fitbit App
2024-07-22T08:43:00Z,SEDENTARY,Fitbit App
2024-07-22T08:44:00Z,LIGHTLY_ACTIVE,Fitbit App
2024-07-22T08:45:00Z,LIGHTLY_ACTIVE,Fitbit App
2024-07-22T08:46:00Z,LIGHTLY_ACTIVE,Fitbit App
2024-07-22T08:47:00Z,SEDENTARY,Fitbit App
2024-07-22T08:48:00Z,SEDENTARY,Fitbit App
2024-07-22T08:49:00Z,SEDENTARY,Fitbit App
2024-07-22T08:50:00Z,LIGHTLY_ACTIVE,Fitbit App
2024-07-22T08:51:00Z,LIGHTLY_ACTIVE,Fitbit App
2024-07-22T08:52:00Z,LIGHTLY_ACTIVE,Fitbit App
2024-07-22T08:53:00Z,LIGHTLY_ACTIVE,Fitbit App
2024-07-22T08:54:00Z,LIGHTLY_ACTIVE,Fitbit App
2024-07-22T08:55:00Z,LIGHTLY_ACTIVE,Fitbit App
2024-07-22T08:56:00Z,LIGHTLY_ACTIVE,Fitbit App
2024-07-22T08:57:00Z,SEDENTARY,Fitbit App
2024-07-22T08:58:00Z,LIGHTLY_ACTIVE,Fitbit App
2024-07-22T08:59:00Z,LIGHTLY_ACTIVE,Fitbit App
2024-07-22T09:00:00Z,LIGHTLY_ACTIVE,Fitbit App
2024-07-22T09:01:00Z,LIGHTLY_ACTIVE,Fitbit App
2024-07-22T09:02:00Z,MODERATELY_ACTIVE,Fitbit App
2024-07-22T09:03:00Z,LIGHTLY_ACTIVE,Fitbit App
2024-07-22T09:04:00Z,LIGHTLY_ACTIVE,Fitbit App
2024-07-22T09:05:00Z,LIGHTLY_ACTIVE,Fitbit App
2024-07-22T09:06:00Z,LIGHTLY_ACTIVE,Fitbit App
2024-07-22T09:07:00Z,LIGHTLY_ACTIVE,Fitbit App
2024-07-22T09:08:00Z,LIGHTLY_ACTIVE,Fitbit App
2024-07-22T09:09:00Z,LIGHTLY_ACTIVE,Fitbit App
2024-07-22T09:10:00Z,SEDENTARY,Fitbit App
2024-07-22T09:46:00Z,LIGHTLY_ACTIVE,Fitbit App
2024-07-22T09:47:00Z,LIGHTLY_ACTIVE,Fitbit App
2024-07-22T09:48:00Z,LIGHTLY_ACTIVE,Fitbit App
2024-07-22T09:49:00Z,LIGHTLY_ACTIVE,Fitbit App
2024-07-22T09:50:00Z,LIGHTLY_ACTIVE,Fitbit App
2024-07-22T09:51:00Z,SEDENTARY,Fitbit App
2024-07-22T09:52:00Z,LIGHTLY_ACTIVE,Fitbit App
2024-07-22T09:53:00Z,SEDENTARY,Fitbit App
2024-07-22T09:57:00Z,SEDENTARY,Fitbit App
2024-07-22T09:58:00Z,LIGHTLY_ACTIVE,Fitbit App
2024-07-22T09:59:00Z,LIGHTLY_ACTIVE,Fitbit App
2024-07-22T10:00:00Z,LIGHTLY_ACTIVE,Fitbit App
2024-07-22T10:01:00Z,LIGHTLY_ACTIVE,Fitbit App
2024-07-22T10:02:00Z,LIGHTLY_ACTIVE,Fitbit App
2024-07-22T10:03:00Z,SEDENTARY,Fitbit App
2024-07-22T10:04:00Z,LIGHTLY_ACTIVE,Fitbit App
2024-07-22T10:05:00Z,LIGHTLY_ACTIVE,Fitbit App
2024-07-22T10:06:00Z,SEDENTARY,Fitbit App
2024-07-22T10:07:00Z,SEDENTARY,Fitbit App
2024-07-22T10:08:00Z,LIGHTLY_ACTIVE,Fitbit App
2024-07-22T10:09:00Z,LIGHTLY_ACTIVE,Fitbit App
2024-07-22T10:10:00Z,LIGHTLY_ACTIVE,Fitbit App
2024-07-22T10:11:00Z,LIGHTLY_ACTIVE,Fitbit App
2024-07-22T10:16:00Z,SEDENTARY,Fitbit App
2024-07-22T10:17:00Z,SEDENTARY,Fitbit App
2024-07-22T10:18:00Z,SEDENTARY,Fitbit App
2024-07-22T10:19:00Z,SEDENTARY,Fitbit App
2024-07-22T10:24:00Z,SEDENTARY,Fitbit App
2024-07-22T10:30:00Z,SEDENTARY,Fitbit App
2024-07-22T10:37:00Z,SEDENTARY,Fitbit App
2024-07-22T10:39:00Z,SEDENTARY,Fitbit App
2024-07-22T10:40:00Z,SEDENTARY,Fitbit App
2024-07-22T10:41:00Z,SEDENTARY,Fitbit App
2024-07-22T10:42:00Z,SEDENTARY,Fitbit App
2024-07-22T10:44:00Z,SEDENTARY,Fitbit App
2024-07-22T10:50:00Z,SEDENTARY,Fitbit App
2024-07-22T10:52:00Z,LIGHTLY_ACTIVE,Fitbit App
2024-07-22T10:53:00Z,SEDENTARY,Fitbit App
2024-07-22T10:54:00Z,SEDENTARY,Fitbit App
2024-07-22T10:55:00Z,LIGHTLY_ACTIVE,Fitbit App
2024-07-22T10:56:00Z,LIGHTLY_ACTIVE,Fitbit App
2024-07-22T10:57:00Z,LIGHTLY_ACTIVE,Fitbit App
2024-07-22T10:58:00Z,SEDENTARY,Fitbit App
2024-07-22T11:02:00Z,SEDENTARY,Fitbit App
2024-07-22T11:11:00Z,SEDENTARY,Fitbit App
2024-07-22T11:16:00Z,SEDENTARY,Fitbit App
2024-07-22T11:17:00Z,SEDENTARY,Fitbit App
2024-07-22T11:18:00Z,SEDENTARY,Fitbit App
2024-07-22T11:20:00Z,SEDENTARY,Fitbit App
2024-07-22T11:21:00Z,SEDENTARY,Fitbit App
2024-07-22T11:22:00Z,SEDENTARY,Fitbit App
2024-07-22T11:23:00Z,SEDENTARY,Fitbit App
2024-07-22T11:24:00Z,SEDENTARY,Fitbit App
2024-07-22T11:25:00Z,SEDENTARY,Fitbit App
2024-07-22T11:26:00Z,SEDENTARY,Fitbit App
2024-07-22T11:27:00Z,SEDENTARY,Fitbit App
2024-07-22T11:29:00Z,SEDENTARY,Fitbit App
2024-07-22T11:31:00Z,SEDENTARY,Fitbit App
2024-07-22T11:32:00Z,SEDENTARY,Fitbit App
2024-07-22T11:33:00Z,SEDENTARY,Fitbit App
2024-07-22T11:34:00Z,SEDENTARY,Fitbit App
2024-07-22T11:35:00Z,SEDENTARY,Fitbit App
2024-07-22T11:38:00Z,SEDENTARY,Fitbit App
2024-07-22T11:39:00Z,SEDENTARY,Fitbit App
2024-07-22T11:40:00Z,SEDENTARY,Fitbit App
2024-07-22T11:41:00Z,SEDENTARY,Fitbit App
2024-07-22T11:42:00Z,SEDENTARY,Fitbit App
2024-07-22T11:43:00Z,SEDENTARY,Fitbit App
2024-07-22T11:44:00Z,SEDENTARY,Fitbit App
2024-07-22T11:45:00Z,SEDENTARY,Fitbit App
2024-07-22T11:46:00Z,LIGHTLY_ACTIVE,Fitbit App
2024-07-22T11:47:00Z,LIGHTLY_ACTIVE,Fitbit App
2024-07-22T11:48:00Z,LIGHTLY_ACTIVE,Fitbit App
2024-07-22T11:49:00Z,SEDENTARY,Fitbit App
2024-07-22T11:50:00Z,SEDENTARY,Fitbit App
2024-07-22T12:00:00Z,SEDENTARY,Fitbit App
2024-07-22T12:01:00Z,SEDENTARY,Fitbit App
2024-07-22T12:02:00Z,SEDENTARY,Fitbit App
2024-07-22T12:03:00Z,SEDENTARY,Fitbit App
2024-07-22T12:04:00Z,SEDENTARY,Fitbit App
2024-07-22T12:05:00Z,SEDENTARY,Fitbit App
2024-07-22T12:06:00Z,SEDENTARY,Fitbit App
2024-07-22T12:07:00Z,SEDENTARY,Fitbit App
2024-07-22T12:09:00Z,SEDENTARY,Fitbit App
2024-07-22T12:10:00Z,SEDENTARY,Fitbit App
2024-07-22T12:11:00Z,SEDENTARY,Fitbit App
2024-07-22T12:12:00Z,SEDENTARY,Fitbit App
2024-07-22T12:13:00Z,SEDENTARY,Fitbit App
2024-07-22T12:14:00Z,SEDENTARY,Fitbit App
2024-07-22T12:15:00Z,SEDENTARY,Fitbit App
2024-07-22T12:16:00Z,SEDENTARY,Fitbit App
2024-07-22T12:17:00Z,SEDENTARY,Fitbit App
2024-07-22T12:18:00Z,SEDENTARY,Fitbit App
2024-07-22T12:19:00Z,SEDENTARY,Fitbit App
2024-07-22T12:20:00Z,SEDENTARY,Fitbit App
2024-07-22T12:21:00Z,SEDENTARY,Fitbit App
2024-07-22T12:22:00Z,SEDENTARY,Fitbit App
2024-07-22T12:23:00Z,SEDENTARY,Fitbit App
2024-07-22T12:24:00Z,SEDENTARY,Fitbit App
2024-07-22T12:25:00Z,SEDENTARY,Fitbit App
2024-07-22T12:26:00Z,SEDENTARY,Fitbit App
2024-07-22T12:27:00Z,SEDENTARY,Fitbit App
2024-07-22T12:28:00Z,SEDENTARY,Fitbit App
2024-07-22T12:29:00Z,SEDENTARY,Fitbit App
2024-07-22T12:30:00Z,SEDENTARY,Fitbit App
2024-07-22T12:31:00Z,SEDENTARY,Fitbit App
2024-07-22T12:32:00Z,SEDENTARY,Fitbit App
2024-07-22T12:33:00Z,SEDENTARY,Fitbit App
2024-07-22T12:34:00Z,SEDENTARY,Fitbit App
2024-07-22T12:35:00Z,SEDENTARY,Fitbit App
2024-07-22T12:36:00Z,SEDENTARY,Fitbit App
2024-07-22T12:37:00Z,SEDENTARY,Fitbit App
2024-07-22T12:38:00Z,SEDENTARY,Fitbit App
2024-07-22T12:39:00Z,SEDENTARY,Fitbit App
2024-07-22T12:40:00Z,SEDENTARY,Fitbit App
2024-07-22T12:41:00Z,SEDENTARY,Fitbit App
2024-07-22T12:42:00Z,SEDENTARY,Fitbit App
2024-07-22T12:43:00Z,SEDENTARY,Fitbit App
2024-07-22T12:44:00Z,SEDENTARY,Fitbit App
2024-07-22T12:45:00Z,SEDENTARY,Fitbit App
2024-07-22T12:46:00Z,SEDENTARY,Fitbit App
2024-07-22T12:47:00Z,SEDENTARY,Fitbit App
2024-07-22T12:48:00Z,SEDENTARY,Fitbit App
2024-07-22T12:49:00Z,SEDENTARY,Fitbit App
2024-07-22T12:52:00Z,SEDENTARY,Fitbit App
2024-07-22T12:53:00Z,SEDENTARY,Fitbit App
2024-07-22T12:54:00Z,SEDENTARY,Fitbit App
2024-07-22T12:58:00Z,SEDENTARY,Fitbit App
2024-07-22T12:59:00Z,SEDENTARY,Fitbit App
2024-07-22T13:00:00Z,SEDENTARY,Fitbit App
2024-07-22T13:01:00Z,LIGHTLY_ACTIVE,Fitbit App
2024-07-22T13:02:00Z,SEDENTARY,Fitbit App
2024-07-22T13:03:00Z,SEDENTARY,Fitbit App
2024-07-22T13:04:00Z,LIGHTLY_ACTIVE,Fitbit App
2024-07-22T13:05:00Z,SEDENTARY,Fitbit App
2024-07-22T13:06:00Z,SEDENTARY,Fitbit App
2024-07-22T13:07:00Z,SEDENTARY,Fitbit App
2024-07-22T13:08:00Z,SEDENTARY,Fitbit App
2024-07-22T13:09:00Z,SEDENTARY,Fitbit App
2024-07-22T13:10:00Z,SEDENTARY,Fitbit App
2024-07-22T13:11:00Z,SEDENTARY,Fitbit App
2024-07-22T13:12:00Z,SEDENTARY,Fitbit App
2024-07-22T13:14:00Z,SEDENTARY,Fitbit App
2024-07-22T13:15:00Z,SEDENTARY,Fitbit App
2024-07-22T13:16:00Z,SEDENTARY,Fitbit App
2024-07-22T13:17:00Z,SEDENTARY,Fitbit App
2024-07-22T13:18:00Z,SEDENTARY,Fitbit App
2024-07-22T13:19:00Z,SEDENTARY,Fitbit App
2024-07-22T13:20:00Z,SEDENTARY,Fitbit App
2024-07-22T13:21:00Z,SEDENTARY,Fitbit App
2024-07-22T13:22:00Z,LIGHTLY_ACTIVE,Fitbit App
2024-07-22T13:23:00Z,SEDENTARY,Fitbit App
2024-07-22T13:24:00Z,SEDENTARY,Fitbit App
2024-07-22T13:26:00Z,SEDENTARY,Fitbit App
2024-07-22T13:27:00Z,SEDENTARY,Fitbit App
2024-07-22T13:28:00Z,SEDENTARY,Fitbit App
2024-07-22T13:29:00Z,LIGHTLY_ACTIVE,Fitbit App
2024-07-22T13:30:00Z,SEDENTARY,Fitbit App
2024-07-22T13:31:00Z,MODERATELY_ACTIVE,Fitbit App
2024-07-22T13:32:00Z,MODERATELY_ACTIVE,Fitbit App
2024-07-22T13:33:00Z,MODERATELY_ACTIVE,Fitbit App
2024-07-22T13:34:00Z,MODERATELY_ACTIVE,Fitbit App
2024-07-22T13:35:00Z,SEDENTARY,Fitbit App
2024-07-22T13:36:00Z,SEDENTARY,Fitbit App
2024-07-22T13:37:00Z,SEDENTARY,Fitbit App
2024-07-22T13:38:00Z,SEDENTARY,Fitbit App
2024-07-22T13:39:00Z,SEDENTARY,Fitbit App
2024-07-22T13:40:00Z,SEDENTARY,Fitbit App
2024-07-22T13:41:00Z,SEDENTARY,Fitbit App
2024-07-22T13:42:00Z,LIGHTLY_ACTIVE,Fitbit App
2024-07-22T13:43:00Z,LIGHTLY_ACTIVE,Fitbit App
2024-07-22T13:44:00Z,LIGHTLY_ACTIVE,Fitbit App
2024-07-22T13:45:00Z,SEDENTARY,Fitbit App
2024-07-22T13:46:00Z,LIGHTLY_ACTIVE,Fitbit App
2024-07-22T13:47:00Z,SEDENTARY,Fitbit App
2024-07-22T13:48:00Z,SEDENTARY,Fitbit App
2024-07-22T13:49:00Z,SEDENTARY,Fitbit App
2024-07-22T13:50:00Z,SEDENTARY,Fitbit App
2024-07-22T13:51:00Z,SEDENTARY,Fitbit App
2024-07-22T13:52:00Z,LIGHTLY_ACTIVE,Fitbit App
2024-07-22T13:53:00Z,SEDENTARY,Fitbit App
2024-07-22T13:57:00Z,LIGHTLY_ACTIVE,Fitbit App
2024-07-22T13:58:00Z,SEDENTARY,Fitbit App
2024-07-22T13:59:00Z,SEDENTARY,Fitbit App
2024-07-22T14:00:00Z,LIGHTLY_ACTIVE,Fitbit App
2024-07-22T14:01:00Z,LIGHTLY_ACTIVE,Fitbit App
2024-07-22T14:02:00Z,LIGHTLY_ACTIVE,Fitbit App
2024-07-22T14:03:00Z,LIGHTLY_ACTIVE,Fitbit App
2024-07-22T14:04:00Z,LIGHTLY_ACTIVE,Fitbit App
2024-07-22T14:05:00Z,LIGHTLY_ACTIVE,Fitbit App
2024-07-22T14:06:00Z,LIGHTLY_ACTIVE,Fitbit App
2024-07-22T14:07:00Z,SEDENTARY,Fitbit App
2024-07-22T14:08:00Z,SEDENTARY,Fitbit App
2024-07-22T14:09:00Z,SEDENTARY,Fitbit App
2024-07-22T14:10:00Z,LIGHTLY_ACTIVE,Fitbit App
2024-07-22T14:11:00Z,LIGHTLY_ACTIVE,Fitbit App
2024-07-22T14:12:00Z,LIGHTLY_ACTIVE,Fitbit App
2024-07-22T14:13:00Z,VERY_ACTIVE,Fitbit App
2024-07-22T14:14:00Z,VERY_ACTIVE,Fitbit App
2024-07-22T14:15:00Z,VERY_ACTIVE,Fitbit App
2024-07-22T14:16:00Z,MODERATELY_ACTIVE,Fitbit App
2024-07-22T14:17:00Z,VERY_ACTIVE,Fitbit App
2024-07-22T14:18:00Z,MODERATELY_ACTIVE,Fitbit App
2024-07-22T14:19:00Z,SEDENTARY,Fitbit App
2024-07-22T14:20:00Z,SEDENTARY,Fitbit App
2024-07-22T14:21:00Z,VERY_ACTIVE,Fitbit App
2024-07-22T14:22:00Z,MODERATELY_ACTIVE,Fitbit App
2024-07-22T14:23:00Z,VERY_ACTIVE,Fitbit App
2024-07-22T14:24:00Z,VERY_ACTIVE,Fitbit App
2024-07-22T14:25:00Z,MODERATELY_ACTIVE,Fitbit App
2024-07-22T14:26:00Z,LIGHTLY_ACTIVE,Fitbit App
2024-07-22T14:27:00Z,LIGHTLY_ACTIVE,Fitbit App
2024-07-22T14:28:00Z,LIGHTLY_ACTIVE,Fitbit App
2024-07-22T14:29:00Z,LIGHTLY_ACTIVE,Fitbit App
2024-07-22T14:30:00Z,LIGHTLY_ACTIVE,Fitbit App
2024-07-22T14:31:00Z,LIGHTLY_ACTIVE,Fitbit App
2024-07-22T14:32:00Z,LIGHTLY_ACTIVE,Fitbit App
2024-07-22T14:33:00Z,LIGHTLY_ACTIVE,Fitbit App
2024-07-22T14:34:00Z,LIGHTLY_ACTIVE,Fitbit App
2024-07-22T14:35:00Z,LIGHTLY_ACTIVE,Fitbit App
2024-07-22T14:36:00Z,SEDENTARY,Fitbit App
2024-07-22T14:37:00Z,LIGHTLY_ACTIVE,Fitbit App
2024-07-22T14:38:00Z,LIGHTLY_ACTIVE,Fitbit App
2024-07-22T14:39:00Z,LIGHTLY_ACTIVE,Fitbit App
2024-07-22T14:40:00Z,LIGHTLY_ACTIVE,Fitbit App
2024-07-22T14:41:00Z,SEDENTARY,Fitbit App
2024-07-22T14:42:00Z,SEDENTARY,Fitbit App
2024-07-22T14:43:00Z,SEDENTARY,Fitbit App
2024-07-22T14:44:00Z,LIGHTLY_ACTIVE,Fitbit App
2024-07-22T14:45:00Z,SEDENTARY,Fitbit App
2024-07-22T14:46:00Z,SEDENTARY,Fitbit App
2024-07-22T14:47:00Z,LIGHTLY_ACTIVE,Fitbit App
2024-07-22T14:48:00Z,LIGHTLY_ACTIVE,Fitbit App
2024-07-22T14:49:00Z,LIGHTLY_ACTIVE,Fitbit App
2024-07-22T14:50:00Z,LIGHTLY_ACTIVE,Fitbit App
2024-07-22T14:51:00Z,LIGHTLY_ACTIVE,Fitbit App
2024-07-22T14:52:00Z,LIGHTLY_ACTIVE,Fitbit App
2024-07-22T14:53:00Z,LIGHTLY_ACTIVE,Fitbit App
2024-07-22T14:54:00Z,LIGHTLY_ACTIVE,Fitbit App
2024-07-22T14:55:00Z,SEDENTARY,Fitbit App
2024-07-22T14:56:00Z,LIGHTLY_ACTIVE,Fitbit App
2024-07-22T14:57:00Z,MODERATELY_ACTIVE,Fitbit App
2024-07-22T14:58:00Z,LIGHTLY_ACTIVE,Fitbit App
2024-07-22T14:59:00Z,LIGHTLY_ACTIVE,Fitbit App
2024-07-22T15:00:00Z,LIGHTLY_ACTIVE,Fitbit App
2024-07-22T15:01:00Z,MODERATELY_ACTIVE,Fitbit App
2024-07-22T15:02:00Z,MODERATELY_ACTIVE,Fitbit App
2024-07-22T15:03:00Z,SEDENTARY,Fitbit App
2024-07-22T15:04:00Z,LIGHTLY_ACTIVE,Fitbit App
2024-07-22T15:05:00Z,SEDENTARY,Fitbit App
2024-07-22T15:06:00Z,SEDENTARY,Fitbit App
2024-07-22T15:07:00Z,SEDENTARY,Fitbit App
2024-07-22T15:08:00Z,SEDENTARY,Fitbit App
2024-07-22T15:09:00Z,LIGHTLY_ACTIVE,Fitbit App
2024-07-22T15:10:00Z,MODERATELY_ACTIVE,Fitbit App
2024-07-22T15:11:00Z,MODERATELY_ACTIVE,Fitbit App
2024-07-22T15:12:00Z,VERY_ACTIVE,Fitbit App
2024-07-22T15:13:00Z,MODERATELY_ACTIVE,Fitbit App
2024-07-22T15:14:00Z,LIGHTLY_ACTIVE,Fitbit App
2024-07-22T15:15:00Z,SEDENTARY,Fitbit App
2024-07-22T15:16:00Z,SEDENTARY,Fitbit App
2024-07-22T15:17:00Z,SEDENTARY,Fitbit App
2024-07-22T15:18:00Z,MODERATELY_ACTIVE,Fitbit App
2024-07-22T15:19:00Z,MODERATELY_ACTIVE,Fitbit App
2024-07-22T15:20:00Z,VERY_ACTIVE,Fitbit App
2024-07-22T15:21:00Z,VERY_ACTIVE,Fitbit App
2024-07-22T15:22:00Z,VERY_ACTIVE,Fitbit App
2024-07-22T15:23:00Z,MODERATELY_ACTIVE,Fitbit App
2024-07-22T15:24:00Z,MODERATELY_ACTIVE,Fitbit App
2024-07-22T15:25:00Z,MODERATELY_ACTIVE,Fitbit App
2024-07-22T15:26:00Z,LIGHTLY_ACTIVE,Fitbit App
2024-07-22T15:27:00Z,LIGHTLY_ACTIVE,Fitbit App
2024-07-22T15:28:00Z,LIGHTLY_ACTIVE,Fitbit App
2024-07-22T15:29:00Z,SEDENTARY,Fitbit App
2024-07-22T15:30:00Z,SEDENTARY,Fitbit App
2024-07-22T15:31:00Z,SEDENTARY,Fitbit App
2024-07-22T15:32:00Z,SEDENTARY,Fitbit App
2024-07-22T15:33:00Z,SEDENTARY,Fitbit App
2024-07-22T15:36:00Z,SEDENTARY,Fitbit App
2024-07-22T15:38:00Z,SEDENTARY,Fitbit App
2024-07-22T15:40:00Z,SEDENTARY,Fitbit App
2024-07-22T15:41:00Z,SEDENTARY,Fitbit App
2024-07-22T15:42:00Z,LIGHTLY_ACTIVE,Fitbit App
2024-07-22T15:43:00Z,LIGHTLY_ACTIVE,Fitbit App
2024-07-22T15:44:00Z,SEDENTARY,Fitbit App
2024-07-22T15:45:00Z,SEDENTARY,Fitbit App
2024-07-22T15:46:00Z,SEDENTARY,Fitbit App
2024-07-22T15:47:00Z,SEDENTARY,Fitbit App
2024-07-22T15:48:00Z,SEDENTARY,Fitbit App
2024-07-22T15:49:00Z,LIGHTLY_ACTIVE,Fitbit App
2024-07-22T15:50:00Z,SEDENTARY,Fitbit App
2024-07-22T15:51:00Z,SEDENTARY,Fitbit App
2024-07-22T15:52:00Z,SEDENTARY,Fitbit App
2024-07-22T15:53:00Z,SEDENTARY,Fitbit App
2024-07-22T15:54:00Z,LIGHTLY_ACTIVE,Fitbit App
2024-07-22T15:56:00Z,SEDENTARY,Fitbit App
2024-07-22T15:57:00Z,SEDENTARY,Fitbit App
2024-07-22T15:58:00Z,SEDENTARY,Fitbit App
2024-07-22T15:59:00Z,SEDENTARY,Fitbit App
2024-07-22T16:00:00Z,SEDENTARY,Fitbit App
2024-07-22T16:01:00Z,LIGHTLY_ACTIVE,Fitbit App
2024-07-22T16:02:00Z,SEDENTARY,Fitbit App
2024-07-22T16:03:00Z,SEDENTARY,Fitbit App
2024-07-22T16:04:00Z,SEDENTARY,Fitbit App
2024-07-22T16:05:00Z,LIGHTLY_ACTIVE,Fitbit App
2024-07-22T16:06:00Z,SEDENTARY,Fitbit App
2024-07-22T16:07:00Z,SEDENTARY,Fitbit App
2024-07-22T16:08:00Z,SEDENTARY,Fitbit App
2024-07-22T16:09:00Z,LIGHTLY_ACTIVE,Fitbit App
2024-07-22T16:10:00Z,SEDENTARY,Fitbit App
2024-07-22T16:11:00Z,LIGHTLY_ACTIVE,Fitbit App
2024-07-22T16:12:00Z,LIGHTLY_ACTIVE,Fitbit App
2024-07-22T16:13:00Z,SEDENTARY,Fitbit App
2024-07-22T16:14:00Z,SEDENTARY,Fitbit App
2024-07-22T16:15:00Z,SEDENTARY,Fitbit App
2024-07-22T16:16:00Z,LIGHTLY_ACTIVE,Fitbit App
2024-07-22T16:17:00Z,LIGHTLY_ACTIVE,Fitbit App
2024-07-22T16:18:00Z,LIGHTLY_ACTIVE,Fitbit App
2024-07-22T16:19:00Z,LIGHTLY_ACTIVE,Fitbit App
2024-07-22T16:20:00Z,SEDENTARY,Fitbit App
2024-07-22T16:21:00Z,LIGHTLY_ACTIVE,Fitbit App
2024-07-22T16:22:00Z,SEDENTARY,Fitbit App
2024-07-22T16:30:00Z,SEDENTARY,Fitbit App
2024-07-22T16:31:00Z,SEDENTARY,Fitbit App
2024-07-22T16:32:00Z,SEDENTARY,Fitbit App
2024-07-22T16:33:00Z,SEDENTARY,Fitbit App
2024-07-22T16:34:00Z,SEDENTARY,Fitbit App
2024-07-22T16:36:00Z,LIGHTLY_ACTIVE,Fitbit App
2024-07-22T16:37:00Z,LIGHTLY_ACTIVE,Fitbit App
2024-07-22T16:38:00Z,SEDENTARY,Fitbit App
2024-07-22T16:39:00Z,LIGHTLY_ACTIVE,Fitbit App
2024-07-22T16:40:00Z,SEDENTARY,Fitbit App
2024-07-22T16:41:00Z,SEDENTARY,Fitbit App
2024-07-22T16:42:00Z,SEDENTARY,Fitbit App
2024-07-22T16:43:00Z,SEDENTARY,Fitbit App
2024-07-22T16:44:00Z,SEDENTARY,Fitbit App
2024-07-22T16:45:00Z,SEDENTARY,Fitbit App
2024-07-22T16:47:00Z,SEDENTARY,Fitbit App
2024-07-22T16:48:00Z,SEDENTARY,Fitbit App
2024-07-22T16:49:00Z,SEDENTARY,Fitbit App
2024-07-22T16:50:00Z,SEDENTARY,Fitbit App
2024-07-22T16:51:00Z,SEDENTARY,Fitbit App
2024-07-22T16:52:00Z,LIGHTLY_ACTIVE,Fitbit App
2024-07-22T16:53:00Z,SEDENTARY,Fitbit App
2024-07-22T16:54:00Z,SEDENTARY,Fitbit App
2024-07-22T16:55:00Z,SEDENTARY,Fitbit App
2024-07-22T17:03:00Z,SEDENTARY,Fitbit App
2024-07-22T17:04:00Z,SEDENTARY,Fitbit App
2024-07-22T17:05:00Z,SEDENTARY,Fitbit App
2024-07-22T17:07:00Z,SEDENTARY,Fitbit App
2024-07-22T17:08:00Z,SEDENTARY,Fitbit App
2024-07-22T17:10:00Z,LIGHTLY_ACTIVE,Fitbit App
2024-07-22T17:11:00Z,SEDENTARY,Fitbit App
2024-07-22T17:12:00Z,LIGHTLY_ACTIVE,Fitbit App
2024-07-22T17:13:00Z,LIGHTLY_ACTIVE,Fitbit App
2024-07-22T17:14:00Z,SEDENTARY,Fitbit App
2024-07-22T17:15:00Z,LIGHTLY_ACTIVE,Fitbit App
2024-07-22T17:16:00Z,LIGHTLY_ACTIVE,Fitbit App
2024-07-22T17:23:00Z,SEDENTARY,Fitbit App
2024-07-22T17:44:00Z,SEDENTARY,Fitbit App
2024-07-22T17:45:00Z,LIGHTLY_ACTIVE,Fitbit App
2024-07-22T17:46:00Z,LIGHTLY_ACTIVE,Fitbit App
2024-07-22T17:47:00Z,LIGHTLY_ACTIVE,Fitbit App
2024-07-22T17:48:00Z,SEDENTARY,Fitbit App
2024-07-22T17:49:00Z,SEDENTARY,Fitbit App
2024-07-22T17:53:00Z,SEDENTARY,Fitbit App
2024-07-22T17:54:00Z,LIGHTLY_ACTIVE,Fitbit App
2024-07-22T17:55:00Z,SEDENTARY,Fitbit App
2024-07-22T18:27:00Z,SEDENTARY,Fitbit App
2024-07-22T18:29:00Z,SEDENTARY,Fitbit App
2024-07-22T18:45:00Z,SEDENTARY,Fitbit App
2024-07-22T18:59:00Z,SEDENTARY,Fitbit App
2024-07-22T19:01:00Z,SEDENTARY,Fitbit App
2024-07-22T19:02:00Z,SEDENTARY,Fitbit App
2024-07-22T19:03:00Z,SEDENTARY,Fitbit App
2024-07-22T19:04:00Z,SEDENTARY,Fitbit App
2024-07-22T19:16:00Z,LIGHTLY_ACTIVE,Fitbit App
2024-07-22T19:17:00Z,SEDENTARY,Fitbit App
2024-07-22T19:18:00Z,SEDENTARY,Fitbit App
2024-07-22T19:19:00Z,SEDENTARY,Fitbit App
2024-07-22T19:20:00Z,SEDENTARY,Fitbit App
2024-07-22T19:21:00Z,SEDENTARY,Fitbit App
2024-07-22T19:22:00Z,SEDENTARY,Fitbit App
2024-07-22T19:23:00Z,SEDENTARY,Fitbit App
2024-07-22T19:26:00Z,SEDENTARY,Fitbit App
2024-07-22T19:28:00Z,SEDENTARY,Fitbit App
2024-07-22T19:29:00Z,SEDENTARY,Fitbit App
2024-07-22T19:30:00Z,SEDENTARY,Fitbit App
2024-07-22T19:31:00Z,SEDENTARY,Fitbit App
2024-07-22T19:32:00Z,SEDENTARY,Fitbit App
2024-07-22T19:33:00Z,SEDENTARY,Fitbit App
2024-07-22T19:34:00Z,SEDENTARY,Fitbit App
2024-07-22T19:35:00Z,SEDENTARY,Fitbit App
2024-07-22T19:36:00Z,SEDENTARY,Fitbit App
2024-07-22T19:37:00Z,LIGHTLY_ACTIVE,Fitbit App
2024-07-22T19:38:00Z,LIGHTLY_ACTIVE,Fitbit App
2024-07-22T19:39:00Z,LIGHTLY_ACTIVE,Fitbit App
2024-07-22T19:40:00Z,SEDENTARY,Fitbit App
2024-07-22T19:41:00Z,LIGHTLY_ACTIVE,Fitbit App
2024-07-22T19:42:00Z,LIGHTLY_ACTIVE,Fitbit App
2024-07-22T19:43:00Z,SEDENTARY,Fitbit App
2024-07-22T19:44:00Z,SEDENTARY,Fitbit App
2024-07-22T19:45:00Z,SEDENTARY,Fitbit App
2024-07-22T19:46:00Z,SEDENTARY,Fitbit App
2024-07-22T19:48:00Z,SEDENTARY,Fitbit App
2024-07-22T19:50:00Z,SEDENTARY,Fitbit App
2024-07-22T19:51:00Z,LIGHTLY_ACTIVE,Fitbit App
2024-07-22T19:52:00Z,LIGHTLY_ACTIVE,Fitbit App
2024-07-22T19:53:00Z,LIGHTLY_ACTIVE,Fitbit App
2024-07-22T19:54:00Z,LIGHTLY_ACTIVE,Fitbit App
2024-07-22T19:55:00Z,SEDENTARY,Fitbit App
2024-07-22T19:56:00Z,LIGHTLY_ACTIVE,Fitbit App
2024-07-22T19:57:00Z,SEDENTARY,Fitbit App
2024-07-22T19:58:00Z,SEDENTARY,Fitbit App
2024-07-22T20:02:00Z,SEDENTARY,Fitbit App
2024-07-22T20:06:00Z,LIGHTLY_ACTIVE,Fitbit App
2024-07-22T20:07:00Z,LIGHTLY_ACTIVE,Fitbit App
2024-07-22T20:08:00Z,SEDENTARY,Fitbit App
2024-07-22T20:09:00Z,SEDENTARY,Fitbit App
2024-07-22T20:18:00Z,SEDENTARY,Fitbit App
2024-07-22T20:22:00Z,SEDENTARY,Fitbit App
2024-07-22T20:23:00Z,LIGHTLY_ACTIVE,Fitbit App
2024-07-22T20:24:00Z,LIGHTLY_ACTIVE,Fitbit App
2024-07-22T20:30:00Z,LIGHTLY_ACTIVE,Fitbit App
2024-07-22T20:31:00Z,SEDENTARY,Fitbit App
2024-07-22T20:32:00Z,LIGHTLY_ACTIVE,Fitbit App
2024-07-22T20:40:00Z,SEDENTARY,Fitbit App
2024-07-22T20:41:00Z,SEDENTARY,Fitbit App
2024-07-22T20:43:00Z,SEDENTARY,Fitbit App
2024-07-22T20:44:00Z,SEDENTARY,Fitbit App
2024-07-22T20:46:00Z,SEDENTARY,Fitbit App
2024-07-22T20:47:00Z,SEDENTARY,Fitbit App
2024-07-22T20:52:00Z,SEDENTARY,Fitbit App
2024-07-22T20:54:00Z,SEDENTARY,Fitbit App
2024-07-22T20:56:00Z,SEDENTARY,Fitbit App
2024-07-22T20:57:00Z,SEDENTARY,Fitbit App
2024-07-22T20:58:00Z,SEDENTARY,Fitbit App
2024-07-22T20:59:00Z,SEDENTARY,Fitbit App
2024-07-22T21:00:00Z,SEDENTARY,Fitbit App
2024-07-22T21:01:00Z,SEDENTARY,Fitbit App
2024-07-22T21:02:00Z,SEDENTARY,Fitbit App
2024-07-22T21:03:00Z,LIGHTLY_ACTIVE,Fitbit App
2024-07-22T21:04:00Z,SEDENTARY,Fitbit App
2024-07-22T21:05:00Z,SEDENTARY,Fitbit App
2024-07-22T21:06:00Z,SEDENTARY,Fitbit App
2024-07-22T21:07:00Z,SEDENTARY,Fitbit App
2024-07-22T21:08:00Z,SEDENTARY,Fitbit App
2024-07-22T21:09:00Z,SEDENTARY,Fitbit App
2024-07-22T21:10:00Z,LIGHTLY_ACTIVE,Fitbit App
2024-07-22T21:11:00Z,SEDENTARY,Fitbit App
2024-07-22T21:12:00Z,SEDENTARY,Fitbit App
2024-07-22T21:13:00Z,SEDENTARY,Fitbit App
2024-07-22T21:14:00Z,LIGHTLY_ACTIVE,Fitbit App
2024-07-22T21:15:00Z,SEDENTARY,Fitbit App
2024-07-22T21:16:00Z,SEDENTARY,Fitbit App
2024-07-22T21:17:00Z,SEDENTARY,Fitbit App
2024-07-22T21:18:00Z,LIGHTLY_ACTIVE,Fitbit App
2024-07-22T21:19:00Z,SEDENTARY,Fitbit App
2024-07-22T21:20:00Z,SEDENTARY,Fitbit App
2024-07-22T21:21:00Z,SEDENTARY,Fitbit App
2024-07-22T21:22:00Z,SEDENTARY,Fitbit App
2024-07-22T21:23:00Z,SEDENTARY,Fitbit App
2024-07-22T21:24:00Z,SEDENTARY,Fitbit App
2024-07-22T21:25:00Z,SEDENTARY,Fitbit App
2024-07-22T21:26:00Z,SEDENTARY,Fitbit App
2024-07-22T21:27:00Z,SEDENTARY,Fitbit App
2024-07-22T21:29:00Z,SEDENTARY,Fitbit App
2024-07-22T21:30:00Z,SEDENTARY,Fitbit App
2024-07-22T21:31:00Z,SEDENTARY,Fitbit App
2024-07-22T21:32:00Z,SEDENTARY,Fitbit App
2024-07-22T21:33:00Z,SEDENTARY,Fitbit App
2024-07-22T21:36:00Z,SEDENTARY,Fitbit App
2024-07-22T21:37:00Z,SEDENTARY,Fitbit App
2024-07-22T21:39:00Z,SEDENTARY,Fitbit App
2024-07-22T21:40:00Z,SEDENTARY,Fitbit App
2024-07-22T21:41:00Z,SEDENTARY,Fitbit App
2024-07-22T21:42:00Z,SEDENTARY,Fitbit App
2024-07-22T21:43:00Z,SEDENTARY,Fitbit App
2024-07-22T21:44:00Z,SEDENTARY,Fitbit App
2024-07-22T21:45:00Z,SEDENTARY,Fitbit App
2024-07-22T21:46:00Z,SEDENTARY,Fitbit App
2024-07-22T21:48:00Z,SEDENTARY,Fitbit App
2024-07-22T21:49:00Z,SEDENTARY,Fitbit App
2024-07-22T21:50:00Z,SEDENTARY,Fitbit App
2024-07-22T21:51:00Z,SEDENTARY,Fitbit App
2024-07-22T21:52:00Z,SEDENTARY,Fitbit App
2024-07-22T21:53:00Z,SEDENTARY,Fitbit App
2024-07-22T21:55:00Z,SEDENTARY,Fitbit App
2024-07-22T21:56:00Z,SEDENTARY,Fitbit App
2024-07-22T21:57:00Z,SEDENTARY,Fitbit App
2024-07-22T21:58:00Z,SEDENTARY,Fitbit App
2024-07-22T21:59:00Z,SEDENTARY,Fitbit App
2024-07-22T22:00:00Z,SEDENTARY,Fitbit App
2024-07-22T22:01:00Z,SEDENTARY,Fitbit App
2024-07-22T22:02:00Z,SEDENTARY,Fitbit App
2024-07-22T22:03:00Z,SEDENTARY,Fitbit App
2024-07-22T22:04:00Z,SEDENTARY,Fitbit App
2024-07-22T22:05:00Z,SEDENTARY,Fitbit App
2024-07-22T22:06:00Z,SEDENTARY,Fitbit App
2024-07-22T22:07:00Z,SEDENTARY,Fitbit App
2024-07-22T22:08:00Z,SEDENTARY,Fitbit App
2024-07-22T22:09:00Z,SEDENTARY,Fitbit App
2024-07-22T22:12:00Z,SEDENTARY,Fitbit App
2024-07-22T22:13:00Z,SEDENTARY,Fitbit App
2024-07-22T22:14:00Z,SEDENTARY,Fitbit App
2024-07-22T22:15:00Z,SEDENTARY,Fitbit App
2024-07-22T22:16:00Z,SEDENTARY,Fitbit App
2024-07-22T22:17:00Z,SEDENTARY,Fitbit App
2024-07-22T22:18:00Z,SEDENTARY,Fitbit App
2024-07-22T22:19:00Z,SEDENTARY,Fitbit App
2024-07-22T22:20:00Z,SEDENTARY,Fitbit App
2024-07-22T22:21:00Z,SEDENTARY,Fitbit App
2024-07-22T22:22:00Z,SEDENTARY,Fitbit App
2024-07-22T22:23:00Z,SEDENTARY,Fitbit App
2024-07-22T22:24:00Z,SEDENTARY,Fitbit App
2024-07-22T22:25:00Z,SEDENTARY,Fitbit App
2024-07-22T22:26:00Z,SEDENTARY,Fitbit App
2024-07-22T22:28:00Z,SEDENTARY,Fitbit App
2024-07-22T22:29:00Z,SEDENTARY,Fitbit App
2024-07-22T22:30:00Z,SEDENTARY,Fitbit App
2024-07-22T22:31:00Z,SEDENTARY,Fitbit App
2024-07-22T22:32:00Z,SEDENTARY,Fitbit App
2024-07-22T22:33:00Z,SEDENTARY,Fitbit App
2024-07-22T22:34:00Z,SEDENTARY,Fitbit App
2024-07-22T22:35:00Z,SEDENTARY,Fitbit App
2024-07-22T22:36:00Z,SEDENTARY,Fitbit App
2024-07-22T22:37:00Z,SEDENTARY,Fitbit App
2024-07-22T22:38:00Z,SEDENTARY,Fitbit App
2024-07-22T22:39:00Z,SEDENTARY,Fitbit App
2024-07-22T22:40:00Z,SEDENTARY,Fitbit App
2024-07-22T22:41:00Z,SEDENTARY,Fitbit App
2024-07-22T22:42:00Z,SEDENTARY,Fitbit App
2024-07-22T22:43:00Z,SEDENTARY,Fitbit App
2024-07-22T22:44:00Z,SEDENTARY,Fitbit App
2024-07-22T22:45:00Z,SEDENTARY,Fitbit App
2024-07-22T22:46:00Z,SEDENTARY,Fitbit App
2024-07-22T22:48:00Z,SEDENTARY,Fitbit App
2024-07-22T22:49:00Z,SEDENTARY,Fitbit App
2024-07-22T22:50:00Z,SEDENTARY,Fitbit App
2024-07-22T22:51:00Z,SEDENTARY,Fitbit App
2024-07-22T22:52:00Z,SEDENTARY,Fitbit App
2024-07-22T22:53:00Z,SEDENTARY,Fitbit App
2024-07-22T22:54:00Z,SEDENTARY,Fitbit App
2024-07-22T22:55:00Z,SEDENTARY,Fitbit App
2024-07-22T22:56:00Z,SEDENTARY,Fitbit App
2024-07-22T23:00:00Z,SEDENTARY,Fitbit App
2024-07-22T23:01:00Z,SEDENTARY,Fitbit App
2024-07-22T23:02:00Z,SEDENTARY,Fitbit App
2024-07-22T23:03:00Z,SEDENTARY,Fitbit App
2024-07-22T23:04:00Z,SEDENTARY,Fitbit App
2024-07-22T23:05:00Z,SEDENTARY,Fitbit App
2024-07-22T23:06:00Z,SEDENTARY,Fitbit App
2024-07-22T23:07:00Z,SEDENTARY,Fitbit App
2024-07-22T23:08:00Z,SEDENTARY,Fitbit App
2024-07-22T23:10:00Z,SEDENTARY,Fitbit App
2024-07-22T23:11:00Z,SEDENTARY,Fitbit App
2024-07-22T23:12:00Z,SEDENTARY,Fitbit App
2024-07-22T23:14:00Z,SEDENTARY,Fitbit App
2024-07-22T23:15:00Z,SEDENTARY,Fitbit App
2024-07-22T23:16:00Z,SEDENTARY,Fitbit App
2024-07-22T23:17:00Z,SEDENTARY,Fitbit App
2024-07-22T23:18:00Z,SEDENTARY,Fitbit App
2024-07-22T23:19:00Z,SEDENTARY,Fitbit App
2024-07-22T23:25:00Z,SEDENTARY,Fitbit App
2024-07-22T23:30:00Z,SEDENTARY,Fitbit App
2024-07-22T23:31:00Z,SEDENTARY,Fitbit App
2024-07-22T23:34:00Z,SEDENTARY,Fitbit App
2024-07-22T23:36:00Z,SEDENTARY,Fitbit App
2024-07-22T23:37:00Z,SEDENTARY,Fitbit App
2024-07-22T23:40:00Z,SEDENTARY,Fitbit App
2024-07-22T23:41:00Z,SEDENTARY,Fitbit App
2024-07-22T23:42:00Z,SEDENTARY,Fitbit App
2024-07-22T23:44:00Z,SEDENTARY,Fitbit App
2024-07-22T23:45:00Z,SEDENTARY,Fitbit App
2024-07-22T23:46:00Z,SEDENTARY,Fitbit App
2024-07-22T23:47:00Z,SEDENTARY,Fitbit App
2024-07-22T23:48:00Z,SEDENTARY,Fitbit App
2024-07-22T23:49:00Z,SEDENTARY,Fitbit App
2024-07-22T23:51:00Z,SEDENTARY,Fitbit App
2024-07-22T23:52:00Z,SEDENTARY,Fitbit App
2024-07-22T23:53:00Z,SEDENTARY,Fitbit App
2024-07-22T23:54:00Z,SEDENTARY,Fitbit App
2024-07-22T23:55:00Z,SEDENTARY,Fitbit App
2024-07-22T23:56:00Z,SEDENTARY,Fitbit App
2024-07-22T23:57:00Z,SEDENTARY,Fitbit App
2024-07-22T23:58:00Z,SEDENTARY,Fitbit App
2024-07-22T23:59:00Z,SEDENTARY,Fitbit App
2024-07-23T00:00:00Z,SEDENTARY,Fitbit App
2024-07-23T00:01:00Z,SEDENTARY,Fitbit App
2024-07-23T00:02:00Z,SEDENTARY,Fitbit App
2024-07-23T00:05:00Z,SEDENTARY,Fitbit App
2024-07-23T00:07:00Z,SEDENTARY,Fitbit App
2024-07-23T00:08:00Z,SEDENTARY,Fitbit App
2024-07-23T00:09:00Z,LIGHTLY_ACTIVE,Fitbit App
2024-07-23T00:10:00Z,LIGHTLY_ACTIVE,Fitbit App
2024-07-23T00:11:00Z,SEDENTARY,Fitbit App
2024-07-23T00:13:00Z,SEDENTARY,Fitbit App
2024-07-23T00:15:00Z,SEDENTARY,Fitbit App
2024-07-23T00:16:00Z,SEDENTARY,Fitbit App
2024-07-23T00:17:00Z,SEDENTARY,Fitbit App
2024-07-23T00:18:00Z,SEDENTARY,Fitbit App
2024-07-23T00:19:00Z,SEDENTARY,Fitbit App
2024-07-23T00:21:00Z,SEDENTARY,Fitbit App
2024-07-23T00:22:00Z,SEDENTARY,Fitbit App
2024-07-23T00:23:00Z,SEDENTARY,Fitbit App
2024-07-23T00:24:00Z,SEDENTARY,Fitbit App
2024-07-23T00:25:00Z,SEDENTARY,Fitbit App
2024-07-23T00:26:00Z,SEDENTARY,Fitbit App
2024-07-23T00:27:00Z,SEDENTARY,Fitbit App
2024-07-23T00:28:00Z,SEDENTARY,Fitbit App
2024-07-23T00:29:00Z,SEDENTARY,Fitbit App
2024-07-23T00:30:00Z,SEDENTARY,Fitbit App
2024-07-23T00:31:00Z,SEDENTARY,Fitbit App
2024-07-23T00:32:00Z,SEDENTARY,Fitbit App
2024-07-23T00:33:00Z,SEDENTARY,Fitbit App
2024-07-23T00:34:00Z,SEDENTARY,Fitbit App
2024-07-23T00:35:00Z,SEDENTARY,Fitbit App
2024-07-23T00:36:00Z,SEDENTARY,Fitbit App
2024-07-23T00:37:00Z,SEDENTARY,Fitbit App
2024-07-23T00:38:00Z,SEDENTARY,Fitbit App
2024-07-23T00:39:00Z,SEDENTARY,Fitbit App
2024-07-23T00:40:00Z,SEDENTARY,Fitbit App
2024-07-23T00:41:00Z,SEDENTARY,Fitbit App
2024-07-23T00:42:00Z,SEDENTARY,Fitbit App
2024-07-23T00:43:00Z,SEDENTARY,Fitbit App
2024-07-23T00:46:00Z,SEDENTARY,Fitbit App
2024-07-23T00:47:00Z,SEDENTARY,Fitbit App
2024-07-23T00:48:00Z,SEDENTARY,Fitbit App
2024-07-23T00:49:00Z,SEDENTARY,Fitbit App
2024-07-23T00:55:00Z,SEDENTARY,Fitbit App
2024-07-23T00:56:00Z,SEDENTARY,Fitbit App
2024-07-23T00:57:00Z,SEDENTARY,Fitbit App
2024-07-23T00:58:00Z,SEDENTARY,Fitbit App
2024-07-23T00:59:00Z,SEDENTARY,Fitbit App
2024-07-23T01:00:00Z,SEDENTARY,Fitbit App
2024-07-23T01:01:00Z,SEDENTARY,Fitbit App
2024-07-23T01:02:00Z,SEDENTARY,Fitbit App
2024-07-23T01:03:00Z,SEDENTARY,Fitbit App
2024-07-23T01:04:00Z,SEDENTARY,Fitbit App
2024-07-23T01:05:00Z,SEDENTARY,Fitbit App
2024-07-23T01:06:00Z,SEDENTARY,Fitbit App
2024-07-23T01:07:00Z,SEDENTARY,Fitbit App
2024-07-23T01:08:00Z,SEDENTARY,Fitbit App
2024-07-23T01:09:00Z,SEDENTARY,Fitbit App
2024-07-23T01:10:00Z,SEDENTARY,Fitbit App
2024-07-23T01:11:00Z,SEDENTARY,Fitbit App
2024-07-23T01:12:00Z,SEDENTARY,Fitbit App
2024-07-23T01:13:00Z,SEDENTARY,Fitbit App
2024-07-23T01:14:00Z,SEDENTARY,Fitbit App
2024-07-23T01:15:00Z,SEDENTARY,Fitbit App
2024-07-23T01:16:00Z,SEDENTARY,Fitbit App
2024-07-23T01:17:00Z,SEDENTARY,Fitbit App
2024-07-23T01:18:00Z,SEDENTARY,Fitbit App
2024-07-23T01:19:00Z,SEDENTARY,Fitbit App
2024-07-23T01:20:00Z,SEDENTARY,Fitbit App
2024-07-23T01:23:00Z,SEDENTARY,Fitbit App
2024-07-23T01:24:00Z,SEDENTARY,Fitbit App
2024-07-23T01:27:00Z,SEDENTARY,Fitbit App
2024-07-23T01:28:00Z,SEDENTARY,Fitbit App
2024-07-23T01:31:00Z,SEDENTARY,Fitbit App
2024-07-23T01:32:00Z,SEDENTARY,Fitbit App
2024-07-23T01:35:00Z,SEDENTARY,Fitbit App
2024-07-23T01:36:00Z,SEDENTARY,Fitbit App
2024-07-23T01:37:00Z,SEDENTARY,Fitbit App
2024-07-23T01:40:00Z,SEDENTARY,Fitbit App
2024-07-23T01:42:00Z,SEDENTARY,Fitbit App
2024-07-23T01:43:00Z,SEDENTARY,Fitbit App
2024-07-23T01:44:00Z,SEDENTARY,Fitbit App
2024-07-23T01:45:00Z,SEDENTARY,Fitbit App
2024-07-23T01:46:00Z,SEDENTARY,Fitbit App
2024-07-23T01:47:00Z,SEDENTARY,Fitbit App
2024-07-23T01:48:00Z,SEDENTARY,Fitbit App
2024-07-23T01:49:00Z,SEDENTARY,Fitbit App
2024-07-23T01:50:00Z,SEDENTARY,Fitbit App
2024-07-23T01:52:00Z,LIGHTLY_ACTIVE,Fitbit App
2024-07-23T01:53:00Z,LIGHTLY_ACTIVE,Fitbit App
2024-07-23T01:54:00Z,SEDENTARY,Fitbit App
2024-07-23T01:55:00Z,SEDENTARY,Fitbit App
2024-07-23T02:31:00Z,SEDENTARY,Fitbit App
2024-07-23T03:08:00Z,SEDENTARY,Fitbit App
2024-07-23T03:12:00Z,SEDENTARY,Fitbit App
2024-07-23T04:49:00Z,SEDENTARY,Fitbit App
2024-07-23T05:31:00Z,SEDENTARY,Fitbit App
2024-07-23T05:49:00Z,SEDENTARY,Fitbit App
2024-07-23T06:16:00Z,SEDENTARY,Fitbit App
2024-07-23T06:17:00Z,SEDENTARY,Fitbit App
2024-07-23T06:18:00Z,SEDENTARY,Fitbit App
2024-07-23T06:21:00Z,SEDENTARY,Fitbit App
2024-07-23T06:22:00Z,SEDENTARY,Fitbit App
2024-07-23T06:31:00Z,SEDENTARY,Fitbit App
2024-07-23T06:32:00Z,SEDENTARY,Fitbit App
2024-07-23T06:58:00Z,SEDENTARY,Fitbit App
2024-07-23T06:59:00Z,SEDENTARY,Fitbit App
2024-07-23T07:00:00Z,SEDENTARY,Fitbit App
2024-07-23T07:01:00Z,SEDENTARY,Fitbit App
2024-07-23T07:03:00Z,SEDENTARY,Fitbit App
2024-07-23T07:09:00Z,LIGHTLY_ACTIVE,Fitbit App
2024-07-23T07:10:00Z,SEDENTARY,Fitbit App
2024-07-23T07:11:00Z,SEDENTARY,Fitbit App
2024-07-23T07:20:00Z,SEDENTARY,Fitbit App
2024-07-23T07:21:00Z,LIGHTLY_ACTIVE,Fitbit App
2024-07-23T07:22:00Z,LIGHTLY_ACTIVE,Fitbit App
2024-07-23T07:23:00Z,SEDENTARY,Fitbit App
2024-07-23T07:24:00Z,LIGHTLY_ACTIVE,Fitbit App
2024-07-23T07:25:00Z,LIGHTLY_ACTIVE,Fitbit App
2024-07-23T07:26:00Z,LIGHTLY_ACTIVE,Fitbit App
2024-07-23T07:27:00Z,LIGHTLY_ACTIVE,Fitbit App
2024-07-23T07:28:00Z,SEDENTARY,Fitbit App
2024-07-23T07:29:00Z,SEDENTARY,Fitbit App
2024-07-23T07:35:00Z,SEDENTARY,Fitbit App
2024-07-23T07:38:00Z,SEDENTARY,Fitbit App
2024-07-23T07:39:00Z,SEDENTARY,Fitbit App
2024-07-23T07:40:00Z,SEDENTARY,Fitbit App
2024-07-23T07:42:00Z,SEDENTARY,Fitbit App
2024-07-23T07:43:00Z,SEDENTARY,Fitbit App
2024-07-23T07:44:00Z,SEDENTARY,Fitbit App
2024-07-23T07:45:00Z,SEDENTARY,Fitbit App
2024-07-23T07:46:00Z,SEDENTARY,Fitbit App
2024-07-23T07:47:00Z,SEDENTARY,Fitbit App
2024-07-23T07:48:00Z,SEDENTARY,Fitbit App
2024-07-23T07:49:00Z,SEDENTARY,Fitbit App
2024-07-23T07:50:00Z,SEDENTARY,Fitbit App
2024-07-23T07:51:00Z,SEDENTARY,Fitbit App
2024-07-23T07:52:00Z,SEDENTARY,Fitbit App
2024-07-23T07:53:00Z,LIGHTLY_ACTIVE,Fitbit App
2024-07-23T07:54:00Z,SEDENTARY,Fitbit App
2024-07-23T07:55:00Z,SEDENTARY,Fitbit App
2024-07-23T07:56:00Z,SEDENTARY,Fitbit App
2024-07-23T07:57:00Z,SEDENTARY,Fitbit App
2024-07-23T07:58:00Z,SEDENTARY,Fitbit App
2024-07-23T07:59:00Z,SEDENTARY,Fitbit App
2024-07-23T08:00:00Z,SEDENTARY,Fitbit App
2024-07-23T08:01:00Z,SEDENTARY,Fitbit App
2024-07-23T08:02:00Z,LIGHTLY_ACTIVE,Fitbit App
2024-07-23T08:03:00Z,LIGHTLY_ACTIVE,Fitbit App
2024-07-23T08:04:00Z,SEDENTARY,Fitbit App
2024-07-23T08:06:00Z,SEDENTARY,Fitbit App
2024-07-23T08:07:00Z,SEDENTARY,Fitbit App
2024-07-23T08:10:00Z,SEDENTARY,Fitbit App
2024-07-23T08:11:00Z,SEDENTARY,Fitbit App
2024-07-23T08:12:00Z,SEDENTARY,Fitbit App
2024-07-23T08:13:00Z,SEDENTARY,Fitbit App
2024-07-23T08:14:00Z,SEDENTARY,Fitbit App
2024-07-23T08:15:00Z,SEDENTARY,Fitbit App
2024-07-23T08:16:00Z,SEDENTARY,Fitbit App
2024-07-23T08:17:00Z,SEDENTARY,Fitbit App
2024-07-23T08:18:00Z,SEDENTARY,Fitbit App
2024-07-23T08:19:00Z,SEDENTARY,Fitbit App
2024-07-23T08:20:00Z,SEDENTARY,Fitbit App
2024-07-23T08:21:00Z,SEDENTARY,Fitbit App
2024-07-23T08:22:00Z,SEDENTARY,Fitbit App
2024-07-23T08:23:00Z,SEDENTARY,Fitbit App
2024-07-23T08:24:00Z,SEDENTARY,Fitbit App
2024-07-23T08:26:00Z,SEDENTARY,Fitbit App
2024-07-23T08:27:00Z,SEDENTARY,Fitbit App
2024-07-23T08:28:00Z,SEDENTARY,Fitbit App
2024-07-23T08:29:00Z,SEDENTARY,Fitbit App
2024-07-23T08:30:00Z,SEDENTARY,Fitbit App
2024-07-23T08:31:00Z,SEDENTARY,Fitbit App
2024-07-23T08:32:00Z,SEDENTARY,Fitbit App
2024-07-23T08:33:00Z,SEDENTARY,Fitbit App
2024-07-23T08:34:00Z,SEDENTARY,Fitbit App
2024-07-23T08:35:00Z,SEDENTARY,Fitbit App
2024-07-23T08:36:00Z,SEDENTARY,Fitbit App
2024-07-23T08:37:00Z,SEDENTARY,Fitbit App
2024-07-23T08:38:00Z,LIGHTLY_ACTIVE,Fitbit App
2024-07-23T08:39:00Z,SEDENTARY,Fitbit App
2024-07-23T08:40:00Z,SEDENTARY,Fitbit App
2024-07-23T08:41:00Z,SEDENTARY,Fitbit App
2024-07-23T08:42:00Z,LIGHTLY_ACTIVE,Fitbit App
2024-07-23T08:43:00Z,LIGHTLY_ACTIVE,Fitbit App
2024-07-23T08:44:00Z,SEDENTARY,Fitbit App
2024-07-23T08:45:00Z,SEDENTARY,Fitbit App
2024-07-23T08:46:00Z,SEDENTARY,Fitbit App
2024-07-23T08:47:00Z,LIGHTLY_ACTIVE,Fitbit App
2024-07-23T08:48:00Z,LIGHTLY_ACTIVE,Fitbit App
2024-07-23T08:49:00Z,LIGHTLY_ACTIVE,Fitbit App
2024-07-23T08:50:00Z,LIGHTLY_ACTIVE,Fitbit App
2024-07-23T08:51:00Z,LIGHTLY_ACTIVE,Fitbit App
2024-07-23T08:52:00Z,LIGHTLY_ACTIVE,Fitbit App
2024-07-23T08:54:00Z,LIGHTLY_ACTIVE,Fitbit App
2024-07-23T08:55:00Z,SEDENTARY,Fitbit App
2024-07-23T08:56:00Z,SEDENTARY,Fitbit App
2024-07-23T08:57:00Z,LIGHTLY_ACTIVE,Fitbit App
2024-07-23T08:58:00Z,LIGHTLY_ACTIVE,Fitbit App
2024-07-23T08:59:00Z,SEDENTARY,Fitbit App
2024-07-23T09:00:00Z,SEDENTARY,Fitbit App
2024-07-23T09:04:00Z,SEDENTARY,Fitbit App
2024-07-23T09:05:00Z,SEDENTARY,Fitbit App
2024-07-23T09:06:00Z,SEDENTARY,Fitbit App
2024-07-23T09:07:00Z,SEDENTARY,Fitbit App
2024-07-23T09:08:00Z,SEDENTARY,Fitbit App
2024-07-23T09:10:00Z,SEDENTARY,Fitbit App
2024-07-23T09:12:00Z,SEDENTARY,Fitbit App
2024-07-23T09:13:00Z,SEDENTARY,Fitbit App
2024-07-23T09:15:00Z,SEDENTARY,Fitbit App
2024-07-23T09:16:00Z,SEDENTARY,Fitbit App
2024-07-23T09:17:00Z,SEDENTARY,Fitbit App
2024-07-23T09:18:00Z,SEDENTARY,Fitbit App
2024-07-23T09:19:00Z,SEDENTARY,Fitbit App
2024-07-23T09:20:00Z,SEDENTARY,Fitbit App
2024-07-23T09:21:00Z,SEDENTARY,Fitbit App
2024-07-23T09:22:00Z,SEDENTARY,Fitbit App
2024-07-23T09:24:00Z,SEDENTARY,Fitbit App
2024-07-23T09:25:00Z,SEDENTARY,Fitbit App
2024-07-23T09:26:00Z,SEDENTARY,Fitbit App
2024-07-23T09:27:00Z,SEDENTARY,Fitbit App
2024-07-23T09:28:00Z,SEDENTARY,Fitbit App
2024-07-23T09:29:00Z,SEDENTARY,Fitbit App
2024-07-23T09:30:00Z,SEDENTARY,Fitbit App
2024-07-23T09:31:00Z,SEDENTARY,Fitbit App
2024-07-23T09:32:00Z,SEDENTARY,Fitbit App
2024-07-23T09:33:00Z,SEDENTARY,Fitbit App
2024-07-23T09:34:00Z,SEDENTARY,Fitbit App
2024-07-23T09:35:00Z,LIGHTLY_ACTIVE,Fitbit App
2024-07-23T09:36:00Z,SEDENTARY,Fitbit App
2024-07-23T09:38:00Z,SEDENTARY,Fitbit App
2024-07-23T09:39:00Z,SEDENTARY,Fitbit App
2024-07-23T09:40:00Z,SEDENTARY,Fitbit App
2024-07-23T09:41:00Z,SEDENTARY,Fitbit App
2024-07-23T09:42:00Z,SEDENTARY,Fitbit App
2024-07-23T09:43:00Z,SEDENTARY,Fitbit App
2024-07-23T09:45:00Z,SEDENTARY,Fitbit App
2024-07-23T09:46:00Z,SEDENTARY,Fitbit App
2024-07-23T09:47:00Z,SEDENTARY,Fitbit App
2024-07-23T09:48:00Z,SEDENTARY,Fitbit App
2024-07-23T09:49:00Z,SEDENTARY,Fitbit App
2024-07-23T09:51:00Z,SEDENTARY,Fitbit App
2024-07-23T09:56:00Z,SEDENTARY,Fitbit App
2024-07-23T09:59:00Z,SEDENTARY,Fitbit App
2024-07-23T10:00:00Z,SEDENTARY,Fitbit App
2024-07-23T10:01:00Z,SEDENTARY,Fitbit App
2024-07-23T10:02:00Z,SEDENTARY,Fitbit App
2024-07-23T10:03:00Z,SEDENTARY,Fitbit App
2024-07-23T10:04:00Z,SEDENTARY,Fitbit App
2024-07-23T10:05:00Z,SEDENTARY,Fitbit App
2024-07-23T10:06:00Z,SEDENTARY,Fitbit App
2024-07-23T10:07:00Z,SEDENTARY,Fitbit App
2024-07-23T10:08:00Z,SEDENTARY,Fitbit App
2024-07-23T10:09:00Z,LIGHTLY_ACTIVE,Fitbit App
2024-07-23T10:10:00Z,LIGHTLY_ACTIVE,Fitbit App
2024-07-23T10:11:00Z,SEDENTARY,Fitbit App
2024-07-23T10:12:00Z,SEDENTARY,Fitbit App
2024-07-23T10:14:00Z,SEDENTARY,Fitbit App
2024-07-23T10:16:00Z,LIGHTLY_ACTIVE,Fitbit App
2024-07-23T10:17:00Z,SEDENTARY,Fitbit App
2024-07-23T10:18:00Z,SEDENTARY,Fitbit App
2024-07-23T10:22:00Z,SEDENTARY,Fitbit App
2024-07-23T10:25:00Z,SEDENTARY,Fitbit App
2024-07-23T10:27:00Z,SEDENTARY,Fitbit App
2024-07-23T10:28:00Z,SEDENTARY,Fitbit App
2024-07-23T10:31:00Z,SEDENTARY,Fitbit App
2024-07-23T10:32:00Z,SEDENTARY,Fitbit App
2024-07-23T10:33:00Z,SEDENTARY,Fitbit App
2024-07-23T10:34:00Z,LIGHTLY_ACTIVE,Fitbit App
2024-07-23T10:36:00Z,SEDENTARY,Fitbit App
2024-07-23T10:37:00Z,SEDENTARY,Fitbit App
2024-07-23T10:38:00Z,SEDENTARY,Fitbit App
2024-07-23T10:39:00Z,SEDENTARY,Fitbit App
2024-07-23T10:41:00Z,SEDENTARY,Fitbit App
2024-07-23T10:42:00Z,SEDENTARY,Fitbit App
2024-07-23T10:51:00Z,LIGHTLY_ACTIVE,Fitbit App
2024-07-23T10:52:00Z,LIGHTLY_ACTIVE,Fitbit App
2024-07-23T10:53:00Z,SEDENTARY,Fitbit App
2024-07-23T10:54:00Z,SEDENTARY,Fitbit App
2024-07-23T10:55:00Z,SEDENTARY,Fitbit App
2024-07-23T11:07:00Z,LIGHTLY_ACTIVE,Fitbit App
2024-07-23T11:10:00Z,SEDENTARY,Fitbit App
2024-07-23T11:11:00Z,SEDENTARY,Fitbit App
2024-07-23T11:13:00Z,SEDENTARY,Fitbit App
2024-07-23T11:15:00Z,SEDENTARY,Fitbit App
2024-07-23T11:16:00Z,SEDENTARY,Fitbit App
2024-07-23T11:17:00Z,LIGHTLY_ACTIVE,Fitbit App
2024-07-23T11:18:00Z,SEDENTARY,Fitbit App
2024-07-23T11:19:00Z,SEDENTARY,Fitbit App
2024-07-23T11:24:00Z,SEDENTARY,Fitbit App
2024-07-23T11:25:00Z,SEDENTARY,Fitbit App
2024-07-23T11:27:00Z,SEDENTARY,Fitbit App
2024-07-23T11:28:00Z,SEDENTARY,Fitbit App
2024-07-23T11:31:00Z,SEDENTARY,Fitbit App
2024-07-23T11:32:00Z,SEDENTARY,Fitbit App
2024-07-23T11:33:00Z,SEDENTARY,Fitbit App
2024-07-23T11:34:00Z,LIGHTLY_ACTIVE,Fitbit App
2024-07-23T11:35:00Z,SEDENTARY,Fitbit App
2024-07-23T11:37:00Z,SEDENTARY,Fitbit App
2024-07-23T11:38:00Z,SEDENTARY,Fitbit App
2024-07-23T11:40:00Z,LIGHTLY_ACTIVE,Fitbit App
2024-07-23T11:41:00Z,LIGHTLY_ACTIVE,Fitbit App
2024-07-23T11:42:00Z,LIGHTLY_ACTIVE,Fitbit App
2024-07-23T11:44:00Z,SEDENTARY,Fitbit App
2024-07-23T11:45:00Z,LIGHTLY_ACTIVE,Fitbit App
2024-07-23T11:46:00Z,SEDENTARY,Fitbit App
2024-07-23T11:47:00Z,LIGHTLY_ACTIVE,Fitbit App
2024-07-23T11:48:00Z,SEDENTARY,Fitbit App
2024-07-23T11:49:00Z,SEDENTARY,Fitbit App
2024-07-23T11:50:00Z,LIGHTLY_ACTIVE,Fitbit App
2024-07-23T11:51:00Z,LIGHTLY_ACTIVE,Fitbit App
2024-07-23T11:52:00Z,LIGHTLY_ACTIVE,Fitbit App
2024-07-23T11:53:00Z,LIGHTLY_ACTIVE,Fitbit App
2024-07-23T11:54:00Z,LIGHTLY_ACTIVE,Fitbit App
2024-07-23T11:55:00Z,LIGHTLY_ACTIVE,Fitbit App
2024-07-23T11:56:00Z,LIGHTLY_ACTIVE,Fitbit App
2024-07-23T11:57:00Z,SEDENTARY,Fitbit App
2024-07-23T11:58:00Z,LIGHTLY_ACTIVE,Fitbit App
2024-07-23T11:59:00Z,LIGHTLY_ACTIVE,Fitbit App
2024-07-23T12:00:00Z,SEDENTARY,Fitbit App
2024-07-23T12:01:00Z,SEDENTARY,Fitbit App
2024-07-23T12:02:00Z,SEDENTARY,Fitbit App
2024-07-23T12:06:00Z,LIGHTLY_ACTIVE,Fitbit App
2024-07-23T12:07:00Z,LIGHTLY_ACTIVE,Fitbit App
2024-07-23T12:08:00Z,SEDENTARY,Fitbit App
2024-07-23T12:09:00Z,SEDENTARY,Fitbit App
2024-07-23T12:10:00Z,SEDENTARY,Fitbit App
2024-07-23T12:12:00Z,SEDENTARY,Fitbit App
2024-07-23T12:18:00Z,SEDENTARY,Fitbit App
2024-07-23T12:21:00Z,SEDENTARY,Fitbit App
2024-07-23T12:24:00Z,SEDENTARY,Fitbit App
2024-07-23T12:25:00Z,SEDENTARY,Fitbit App
2024-07-23T12:26:00Z,SEDENTARY,Fitbit App
2024-07-23T12:27:00Z,SEDENTARY,Fitbit App
2024-07-23T12:28:00Z,SEDENTARY,Fitbit App
2024-07-23T12:29:00Z,SEDENTARY,Fitbit App
2024-07-23T12:31:00Z,SEDENTARY,Fitbit App
2024-07-23T12:32:00Z,SEDENTARY,Fitbit App
2024-07-23T12:33:00Z,SEDENTARY,Fitbit App
2024-07-23T12:34:00Z,SEDENTARY,Fitbit App
2024-07-23T12:35:00Z,SEDENTARY,Fitbit App
2024-07-23T12:36:00Z,SEDENTARY,Fitbit App
2024-07-23T12:37:00Z,SEDENTARY,Fitbit App
2024-07-23T12:38:00Z,SEDENTARY,Fitbit App
2024-07-23T12:41:00Z,SEDENTARY,Fitbit App
2024-07-23T12:42:00Z,SEDENTARY,Fitbit App
2024-07-23T12:43:00Z,SEDENTARY,Fitbit App
2024-07-23T12:44:00Z,SEDENTARY,Fitbit App
2024-07-23T12:45:00Z,SEDENTARY,Fitbit App
2024-07-23T12:46:00Z,SEDENTARY,Fitbit App
2024-07-23T12:47:00Z,SEDENTARY,Fitbit App
2024-07-23T12:48:00Z,SEDENTARY,Fitbit App
2024-07-23T12:59:00Z,SEDENTARY,Fitbit App
2024-07-23T13:00:00Z,SEDENTARY,Fitbit App
2024-07-23T13:09:00Z,SEDENTARY,Fitbit App
2024-07-23T13:13:00Z,SEDENTARY,Fitbit App
2024-07-23T13:14:00Z,SEDENTARY,Fitbit App
2024-07-23T13:15:00Z,SEDENTARY,Fitbit App
2024-07-23T13:16:00Z,SEDENTARY,Fitbit App
2024-07-23T13:17:00Z,SEDENTARY,Fitbit App
2024-07-23T13:20:00Z,SEDENTARY,Fitbit App
2024-07-23T13:22:00Z,SEDENTARY,Fitbit App
2024-07-23T13:23:00Z,SEDENTARY,Fitbit App
2024-07-23T13:24:00Z,SEDENTARY,Fitbit App
2024-07-23T13:25:00Z,SEDENTARY,Fitbit App
2024-07-23T13:26:00Z,SEDENTARY,Fitbit App
2024-07-23T13:27:00Z,SEDENTARY,Fitbit App
2024-07-23T13:28:00Z,SEDENTARY,Fitbit App
2024-07-23T13:29:00Z,SEDENTARY,Fitbit App
2024-07-23T13:30:00Z,SEDENTARY,Fitbit App
2024-07-23T13:31:00Z,SEDENTARY,Fitbit App
2024-07-23T13:32:00Z,SEDENTARY,Fitbit App
2024-07-23T13:33:00Z,SEDENTARY,Fitbit App
2024-07-23T13:34:00Z,SEDENTARY,Fitbit App
2024-07-23T13:35:00Z,SEDENTARY,Fitbit App
2024-07-23T13:36:00Z,SEDENTARY,Fitbit App
2024-07-23T13:38:00Z,SEDENTARY,Fitbit App
2024-07-23T13:40:00Z,SEDENTARY,Fitbit App
2024-07-23T13:41:00Z,SEDENTARY,Fitbit App
2024-07-23T13:42:00Z,SEDENTARY,Fitbit App
2024-07-23T13:43:00Z,SEDENTARY,Fitbit App
2024-07-23T13:44:00Z,SEDENTARY,Fitbit App
2024-07-23T13:45:00Z,LIGHTLY_ACTIVE,Fitbit App
2024-07-23T13:46:00Z,SEDENTARY,Fitbit App
2024-07-23T13:47:00Z,SEDENTARY,Fitbit App
2024-07-23T13:48:00Z,SEDENTARY,Fitbit App
2024-07-23T13:52:00Z,SEDENTARY,Fitbit App
2024-07-23T13:53:00Z,LIGHTLY_ACTIVE,Fitbit App
2024-07-23T13:54:00Z,LIGHTLY_ACTIVE,Fitbit App
2024-07-23T13:55:00Z,SEDENTARY,Fitbit App
2024-07-23T13:56:00Z,SEDENTARY,Fitbit App
2024-07-23T13:57:00Z,SEDENTARY,Fitbit App
2024-07-23T13:58:00Z,SEDENTARY,Fitbit App
2024-07-23T13:59:00Z,LIGHTLY_ACTIVE,Fitbit App
2024-07-23T14:00:00Z,LIGHTLY_ACTIVE,Fitbit App
2024-07-23T14:01:00Z,SEDENTARY,Fitbit App
2024-07-23T14:04:00Z,SEDENTARY,Fitbit App
2024-07-23T14:05:00Z,SEDENTARY,Fitbit App
2024-07-23T14:09:00Z,SEDENTARY,Fitbit App
2024-07-23T14:13:00Z,SEDENTARY,Fitbit App
2024-07-23T14:15:00Z,SEDENTARY,Fitbit App
2024-07-23T14:17:00Z,SEDENTARY,Fitbit App
2024-07-23T14:18:00Z,SEDENTARY,Fitbit App
2024-07-23T14:24:00Z,SEDENTARY,Fitbit App
2024-07-23T14:33:00Z,SEDENTARY,Fitbit App
2024-07-23T14:34:00Z,SEDENTARY,Fitbit App
2024-07-23T14:35:00Z,SEDENTARY,Fitbit App
2024-07-23T14:37:00Z,SEDENTARY,Fitbit App
2024-07-23T14:40:00Z,SEDENTARY,Fitbit App
2024-07-23T14:47:00Z,SEDENTARY,Fitbit App
2024-07-23T14:51:00Z,SEDENTARY,Fitbit App
2024-07-23T14:52:00Z,SEDENTARY,Fitbit App
2024-07-23T14:53:00Z,SEDENTARY,Fitbit App
2024-07-23T14:56:00Z,SEDENTARY,Fitbit App
2024-07-23T15:00:00Z,SEDENTARY,Fitbit App
2024-07-23T15:02:00Z,SEDENTARY,Fitbit App
2024-07-23T15:03:00Z,SEDENTARY,Fitbit App
2024-07-23T15:04:00Z,SEDENTARY,Fitbit App
2024-07-23T15:07:00Z,SEDENTARY,Fitbit App
2024-07-23T15:08:00Z,SEDENTARY,Fitbit App
2024-07-23T15:09:00Z,SEDENTARY,Fitbit App
2024-07-23T15:11:00Z,SEDENTARY,Fitbit App
2024-07-23T15:19:00Z,SEDENTARY,Fitbit App
2024-07-23T15:22:00Z,SEDENTARY,Fitbit App
2024-07-23T15:23:00Z,SEDENTARY,Fitbit App
2024-07-23T15:27:00Z,SEDENTARY,Fitbit App
2024-07-23T15:28:00Z,SEDENTARY,Fitbit App
2024-07-23T15:31:00Z,SEDENTARY,Fitbit App
2024-07-23T15:33:00Z,SEDENTARY,Fitbit App
2024-07-23T15:35:00Z,SEDENTARY,Fitbit App
2024-07-23T15:39:00Z,LIGHTLY_ACTIVE,Fitbit App
2024-07-23T15:41:00Z,SEDENTARY,Fitbit App
2024-07-23T15:42:00Z,LIGHTLY_ACTIVE,Fitbit App
2024-07-23T15:43:00Z,SEDENTARY,Fitbit App
2024-07-23T15:44:00Z,SEDENTARY,Fitbit App
2024-07-23T15:45:00Z,SEDENTARY,Fitbit App
2024-07-23T15:46:00Z,SEDENTARY,Fitbit App
2024-07-23T15:47:00Z,SEDENTARY,Fitbit App
2024-07-23T15:48:00Z,SEDENTARY,Fitbit App
2024-07-23T15:49:00Z,LIGHTLY_ACTIVE,Fitbit App
2024-07-23T15:50:00Z,SEDENTARY,Fitbit App
2024-07-23T15:51:00Z,SEDENTARY,Fitbit App
2024-07-23T15:52:00Z,SEDENTARY,Fitbit App
2024-07-23T15:53:00Z,LIGHTLY_ACTIVE,Fitbit App
2024-07-23T15:54:00Z,LIGHTLY_ACTIVE,Fitbit App
2024-07-23T15:55:00Z,SEDENTARY,Fitbit App
2024-07-23T15:56:00Z,SEDENTARY,Fitbit App
2024-07-23T15:57:00Z,SEDENTARY,Fitbit App
2024-07-23T15:58:00Z,SEDENTARY,Fitbit App
2024-07-23T15:59:00Z,LIGHTLY_ACTIVE,Fitbit App
2024-07-23T16:00:00Z,SEDENTARY,Fitbit App
2024-07-23T16:01:00Z,LIGHTLY_ACTIVE,Fitbit App
2024-07-23T16:02:00Z,LIGHTLY_ACTIVE,Fitbit App
2024-07-23T16:03:00Z,LIGHTLY_ACTIVE,Fitbit App
2024-07-23T16:04:00Z,LIGHTLY_ACTIVE,Fitbit App
2024-07-23T16:05:00Z,LIGHTLY_ACTIVE,Fitbit App
2024-07-23T16:06:00Z,SEDENTARY,Fitbit App
2024-07-23T16:07:00Z,LIGHTLY_ACTIVE,Fitbit App
2024-07-23T16:08:00Z,LIGHTLY_ACTIVE,Fitbit App
2024-07-23T16:09:00Z,LIGHTLY_ACTIVE,Fitbit App
2024-07-23T16:10:00Z,SEDENTARY,Fitbit App
2024-07-23T16:11:00Z,SEDENTARY,Fitbit App
2024-07-23T16:12:00Z,SEDENTARY,Fitbit App
2024-07-23T16:13:00Z,SEDENTARY,Fitbit App
2024-07-23T16:14:00Z,SEDENTARY,Fitbit App
2024-07-23T16:15:00Z,LIGHTLY_ACTIVE,Fitbit App
2024-07-23T16:16:00Z,LIGHTLY_ACTIVE,Fitbit App
2024-07-23T16:17:00Z,LIGHTLY_ACTIVE,Fitbit App
2024-07-23T16:18:00Z,LIGHTLY_ACTIVE,Fitbit App
2024-07-23T16:19:00Z,MODERATELY_ACTIVE,Fitbit App
2024-07-23T16:20:00Z,VERY_ACTIVE,Fitbit App
2024-07-23T16:21:00Z,VERY_ACTIVE,Fitbit App
2024-07-23T16:22:00Z,VERY_ACTIVE,Fitbit App
2024-07-23T16:23:00Z,VERY_ACTIVE,Fitbit App
2024-07-23T16:24:00Z,MODERATELY_ACTIVE,Fitbit App
2024-07-23T16:25:00Z,VERY_ACTIVE,Fitbit App
2024-07-23T16:26:00Z,VERY_ACTIVE,Fitbit App
2024-07-23T16:27:00Z,VERY_ACTIVE,Fitbit App
2024-07-23T16:28:00Z,VERY_ACTIVE,Fitbit App
2024-07-23T16:29:00Z,VERY_ACTIVE,Fitbit App
2024-07-23T16:30:00Z,MODERATELY_ACTIVE,Fitbit App
2024-07-23T16:31:00Z,LIGHTLY_ACTIVE,Fitbit App
2024-07-23T16:32:00Z,MODERATELY_ACTIVE,Fitbit App
2024-07-23T16:33:00Z,SEDENTARY,Fitbit App
2024-07-23T16:34:00Z,SEDENTARY,Fitbit App
2024-07-23T16:35:00Z,LIGHTLY_ACTIVE,Fitbit App
2024-07-23T16:36:00Z,SEDENTARY,Fitbit App
2024-07-23T16:37:00Z,SEDENTARY,Fitbit App
2024-07-23T16:38:00Z,SEDENTARY,Fitbit App
2024-07-23T16:39:00Z,SEDENTARY,Fitbit App
2024-07-23T16:40:00Z,SEDENTARY,Fitbit App
2024-07-23T16:41:00Z,SEDENTARY,Fitbit App
2024-07-23T16:42:00Z,LIGHTLY_ACTIVE,Fitbit App
2024-07-23T16:43:00Z,SEDENTARY,Fitbit App
2024-07-23T16:44:00Z,LIGHTLY_ACTIVE,Fitbit App
2024-07-23T16:45:00Z,SEDENTARY,Fitbit App
2024-07-23T16:46:00Z,SEDENTARY,Fitbit App
2024-07-23T16:47:00Z,SEDENTARY,Fitbit App
2024-07-23T16:48:00Z,SEDENTARY,Fitbit App
2024-07-23T16:49:00Z,SEDENTARY,Fitbit App
2024-07-23T16:50:00Z,SEDENTARY,Fitbit App
2024-07-23T16:51:00Z,SEDENTARY,Fitbit App
2024-07-23T16:52:00Z,LIGHTLY_ACTIVE,Fitbit App
2024-07-23T16:53:00Z,MODERATELY_ACTIVE,Fitbit App
2024-07-23T16:54:00Z,VERY_ACTIVE,Fitbit App
2024-07-23T16:55:00Z,VERY_ACTIVE,Fitbit App
2024-07-23T16:56:00Z,VERY_ACTIVE,Fitbit App
2024-07-23T16:57:00Z,LIGHTLY_ACTIVE,Fitbit App
2024-07-23T16:58:00Z,SEDENTARY,Fitbit App
2024-07-23T16:59:00Z,SEDENTARY,Fitbit App
2024-07-23T17:00:00Z,SEDENTARY,Fitbit App
2024-07-23T17:01:00Z,SEDENTARY,Fitbit App
2024-07-23T17:02:00Z,SEDENTARY,Fitbit App
2024-07-23T17:03:00Z,SEDENTARY,Fitbit App
2024-07-23T17:04:00Z,SEDENTARY,Fitbit App
2024-07-23T17:05:00Z,SEDENTARY,Fitbit App
2024-07-23T17:06:00Z,SEDENTARY,Fitbit App
2024-07-23T17:07:00Z,SEDENTARY,Fitbit App
2024-07-23T17:08:00Z,SEDENTARY,Fitbit App
2024-07-23T17:09:00Z,SEDENTARY,Fitbit App
2024-07-23T17:10:00Z,SEDENTARY,Fitbit App
2024-07-23T17:11:00Z,SEDENTARY,Fitbit App
2024-07-23T17:12:00Z,LIGHTLY_ACTIVE,Fitbit App
2024-07-23T17:13:00Z,SEDENTARY,Fitbit App
2024-07-23T17:14:00Z,SEDENTARY,Fitbit App
2024-07-23T17:15:00Z,SEDENTARY,Fitbit App
2024-07-23T17:16:00Z,SEDENTARY,Fitbit App
2024-07-23T17:17:00Z,SEDENTARY,Fitbit App
2024-07-23T17:18:00Z,SEDENTARY,Fitbit App
2024-07-23T17:19:00Z,SEDENTARY,Fitbit App
2024-07-23T17:20:00Z,SEDENTARY,Fitbit App
2024-07-23T17:21:00Z,SEDENTARY,Fitbit App
2024-07-23T17:22:00Z,SEDENTARY,Fitbit App
2024-07-23T17:23:00Z,SEDENTARY,Fitbit App
2024-07-23T17:24:00Z,SEDENTARY,Fitbit App
2024-07-23T17:25:00Z,SEDENTARY,Fitbit App
2024-07-23T17:26:00Z,SEDENTARY,Fitbit App
2024-07-23T17:27:00Z,SEDENTARY,Fitbit App
2024-07-23T17:28:00Z,LIGHTLY_ACTIVE,Fitbit App
2024-07-23T17:29:00Z,SEDENTARY,Fitbit App
2024-07-23T17:30:00Z,SEDENTARY,Fitbit App
2024-07-23T17:31:00Z,SEDENTARY,Fitbit App
2024-07-23T17:32:00Z,SEDENTARY,Fitbit App
2024-07-23T17:33:00Z,SEDENTARY,Fitbit App
2024-07-23T17:34:00Z,SEDENTARY,Fitbit App
2024-07-23T17:35:00Z,SEDENTARY,Fitbit App
2024-07-23T17:36:00Z,SEDENTARY,Fitbit App
2024-07-23T17:37:00Z,SEDENTARY,Fitbit App
2024-07-23T17:38:00Z,SEDENTARY,Fitbit App
2024-07-23T17:39:00Z,SEDENTARY,Fitbit App
2024-07-23T17:40:00Z,SEDENTARY,Fitbit App
2024-07-23T17:41:00Z,SEDENTARY,Fitbit App
2024-07-23T17:42:00Z,SEDENTARY,Fitbit App
2024-07-23T17:43:00Z,SEDENTARY,Fitbit App
2024-07-23T17:44:00Z,SEDENTARY,Fitbit App
2024-07-23T17:45:00Z,SEDENTARY,Fitbit App
2024-07-23T17:46:00Z,SEDENTARY,Fitbit App
2024-07-23T17:47:00Z,LIGHTLY_ACTIVE,Fitbit App
2024-07-23T17:48:00Z,LIGHTLY_ACTIVE,Fitbit App
2024-07-23T17:49:00Z,SEDENTARY,Fitbit App
2024-07-23T17:50:00Z,SEDENTARY,Fitbit App
2024-07-23T17:51:00Z,SEDENTARY,Fitbit App
2024-07-23T17:52:00Z,SEDENTARY,Fitbit App
2024-07-23T17:53:00Z,SEDENTARY,Fitbit App
2024-07-23T17:54:00Z,SEDENTARY,Fitbit App
2024-07-23T17:55:00Z,SEDENTARY,Fitbit App
2024-07-23T17:56:00Z,SEDENTARY,Fitbit App
2024-07-23T17:57:00Z,SEDENTARY,Fitbit App
2024-07-23T17:58:00Z,SEDENTARY,Fitbit App
2024-07-23T17:59:00Z,LIGHTLY_ACTIVE,Fitbit App
2024-07-23T18:00:00Z,SEDENTARY,Fitbit App
2024-07-23T18:01:00Z,SEDENTARY,Fitbit App
2024-07-23T18:02:00Z,SEDENTARY,Fitbit App
2024-07-23T18:03:00Z,SEDENTARY,Fitbit App
2024-07-23T18:04:00Z,SEDENTARY,Fitbit App
2024-07-23T18:05:00Z,SEDENTARY,Fitbit App
2024-07-23T18:06:00Z,SEDENTARY,Fitbit App
2024-07-23T18:07:00Z,SEDENTARY,Fitbit App
2024-07-23T18:08:00Z,SEDENTARY,Fitbit App
2024-07-23T18:09:00Z,SEDENTARY,Fitbit App
2024-07-23T18:10:00Z,SEDENTARY,Fitbit App
2024-07-23T18:11:00Z,SEDENTARY,Fitbit App
2024-07-23T18:12:00Z,SEDENTARY,Fitbit App
2024-07-23T18:13:00Z,LIGHTLY_ACTIVE,Fitbit App
2024-07-23T18:14:00Z,SEDENTARY,Fitbit App
2024-07-23T18:15:00Z,SEDENTARY,Fitbit App
2024-07-23T18:16:00Z,SEDENTARY,Fitbit App
2024-07-23T18:17:00Z,SEDENTARY,Fitbit App
2024-07-23T18:18:00Z,SEDENTARY,Fitbit App
2024-07-23T18:19:00Z,SEDENTARY,Fitbit App
2024-07-23T18:20:00Z,SEDENTARY,Fitbit App
2024-07-23T18:21:00Z,SEDENTARY,Fitbit App
2024-07-23T18:22:00Z,LIGHTLY_ACTIVE,Fitbit App
2024-07-23T18:23:00Z,SEDENTARY,Fitbit App
2024-07-23T18:24:00Z,SEDENTARY,Fitbit App
2024-07-23T18:25:00Z,SEDENTARY,Fitbit App
2024-07-23T18:26:00Z,SEDENTARY,Fitbit App
2024-07-23T18:27:00Z,SEDENTARY,Fitbit App
2024-07-23T18:28:00Z,SEDENTARY,Fitbit App
2024-07-23T18:29:00Z,LIGHTLY_ACTIVE,Fitbit App
2024-07-23T18:30:00Z,SEDENTARY,Fitbit App
2024-07-23T18:31:00Z,SEDENTARY,Fitbit App
2024-07-23T18:32:00Z,SEDENTARY,Fitbit App
2024-07-23T18:33:00Z,SEDENTARY,Fitbit App
2024-07-23T18:34:00Z,SEDENTARY,Fitbit App
2024-07-23T18:35:00Z,SEDENTARY,Fitbit App
2024-07-23T18:36:00Z,SEDENTARY,Fitbit App
2024-07-23T18:37:00Z,SEDENTARY,Fitbit App
2024-07-23T18:38:00Z,SEDENTARY,Fitbit App
2024-07-23T18:39:00Z,SEDENTARY,Fitbit App
2024-07-23T18:40:00Z,SEDENTARY,Fitbit App
2024-07-23T18:41:00Z,LIGHTLY_ACTIVE,Fitbit App
2024-07-23T18:42:00Z,LIGHTLY_ACTIVE,Fitbit App
2024-07-23T18:43:00Z,SEDENTARY,Fitbit App
2024-07-23T18:44:00Z,LIGHTLY_ACTIVE,Fitbit App
2024-07-23T18:46:00Z,SEDENTARY,Fitbit App
2024-07-23T18:47:00Z,LIGHTLY_ACTIVE,Fitbit App
2024-07-23T18:48:00Z,LIGHTLY_ACTIVE,Fitbit App
2024-07-23T18:49:00Z,LIGHTLY_ACTIVE,Fitbit App
2024-07-23T18:50:00Z,LIGHTLY_ACTIVE,Fitbit App
2024-07-23T18:51:00Z,SEDENTARY,Fitbit App
2024-07-23T18:52:00Z,SEDENTARY,Fitbit App
2024-07-23T18:53:00Z,LIGHTLY_ACTIVE,Fitbit App
2024-07-23T18:54:00Z,SEDENTARY,Fitbit App
2024-07-23T18:55:00Z,SEDENTARY,Fitbit App
2024-07-23T18:56:00Z,SEDENTARY,Fitbit App
2024-07-23T18:57:00Z,LIGHTLY_ACTIVE,Fitbit App
2024-07-23T18:58:00Z,SEDENTARY,Fitbit App
2024-07-23T18:59:00Z,SEDENTARY,Fitbit App
2024-07-23T19:00:00Z,SEDENTARY,Fitbit App
2024-07-23T19:01:00Z,SEDENTARY,Fitbit App
2024-07-23T19:02:00Z,SEDENTARY,Fitbit App
2024-07-23T19:03:00Z,SEDENTARY,Fitbit App
2024-07-23T19:04:00Z,SEDENTARY,Fitbit App
2024-07-23T19:05:00Z,SEDENTARY,Fitbit App
2024-07-23T19:06:00Z,SEDENTARY,Fitbit App
2024-07-23T19:07:00Z,SEDENTARY,Fitbit App
2024-07-23T19:08:00Z,SEDENTARY,Fitbit App
2024-07-23T19:09:00Z,SEDENTARY,Fitbit App
2024-07-23T19:10:00Z,SEDENTARY,Fitbit App
2024-07-23T19:11:00Z,SEDENTARY,Fitbit App
2024-07-23T19:12:00Z,SEDENTARY,Fitbit App
2024-07-23T19:13:00Z,SEDENTARY,Fitbit App
2024-07-23T19:14:00Z,SEDENTARY,Fitbit App
2024-07-23T19:15:00Z,SEDENTARY,Fitbit App
2024-07-23T19:16:00Z,SEDENTARY,Fitbit App
2024-07-23T19:17:00Z,SEDENTARY,Fitbit App
2024-07-23T19:18:00Z,SEDENTARY,Fitbit App
2024-07-23T19:19:00Z,SEDENTARY,Fitbit App
2024-07-23T19:20:00Z,SEDENTARY,Fitbit App
2024-07-23T19:21:00Z,SEDENTARY,Fitbit App
2024-07-23T19:22:00Z,SEDENTARY,Fitbit App
2024-07-23T19:23:00Z,SEDENTARY,Fitbit App
2024-07-23T19:24:00Z,SEDENTARY,Fitbit App
2024-07-23T19:25:00Z,SEDENTARY,Fitbit App
2024-07-23T19:26:00Z,SEDENTARY,Fitbit App
2024-07-23T19:27:00Z,SEDENTARY,Fitbit App
2024-07-23T19:28:00Z,SEDENTARY,Fitbit App
2024-07-23T19:29:00Z,SEDENTARY,Fitbit App
2024-07-23T19:30:00Z,SEDENTARY,Fitbit App
2024-07-23T19:31:00Z,SEDENTARY,Fitbit App
2024-07-23T19:32:00Z,LIGHTLY_ACTIVE,Fitbit App
2024-07-23T19:33:00Z,SEDENTARY,Fitbit App
2024-07-23T19:34:00Z,SEDENTARY,Fitbit App
2024-07-23T19:35:00Z,LIGHTLY_ACTIVE,Fitbit App
2024-07-23T19:36:00Z,MODERATELY_ACTIVE,Fitbit App
2024-07-23T19:37:00Z,LIGHTLY_ACTIVE,Fitbit App
2024-07-23T19:38:00Z,LIGHTLY_ACTIVE,Fitbit App
2024-07-23T19:39:00Z,LIGHTLY_ACTIVE,Fitbit App
2024-07-23T19:40:00Z,LIGHTLY_ACTIVE,Fitbit App
2024-07-23T19:41:00Z,LIGHTLY_ACTIVE,Fitbit App
2024-07-23T19:42:00Z,SEDENTARY,Fitbit App
2024-07-23T19:43:00Z,LIGHTLY_ACTIVE,Fitbit App
2024-07-23T19:44:00Z,MODERATELY_ACTIVE,Fitbit App
2024-07-23T19:45:00Z,VERY_ACTIVE,Fitbit App
2024-07-23T19:46:00Z,VERY_ACTIVE,Fitbit App
2024-07-23T19:47:00Z,VERY_ACTIVE,Fitbit App
2024-07-23T19:48:00Z,VERY_ACTIVE,Fitbit App
2024-07-23T19:49:00Z,VERY_ACTIVE,Fitbit App
2024-07-23T19:50:00Z,MODERATELY_ACTIVE,Fitbit App
2024-07-23T19:51:00Z,SEDENTARY,Fitbit App
2024-07-23T19:52:00Z,SEDENTARY,Fitbit App
2024-07-23T19:54:00Z,SEDENTARY,Fitbit App
2024-07-23T19:55:00Z,SEDENTARY,Fitbit App
2024-07-23T19:56:00Z,SEDENTARY,Fitbit App
2024-07-23T19:57:00Z,SEDENTARY,Fitbit App
2024-07-23T19:58:00Z,SEDENTARY,Fitbit App
2024-07-23T19:59:00Z,SEDENTARY,Fitbit App
2024-07-23T20:00:00Z,MODERATELY_ACTIVE,Fitbit App
2024-07-23T20:01:00Z,SEDENTARY,Fitbit App
2024-07-23T20:02:00Z,SEDENTARY,Fitbit App
2024-07-23T20:03:00Z,SEDENTARY,Fitbit App
2024-07-23T20:04:00Z,SEDENTARY,Fitbit App
2024-07-23T20:05:00Z,SEDENTARY,Fitbit App
2024-07-23T20:06:00Z,SEDENTARY,Fitbit App
2024-07-23T20:07:00Z,SEDENTARY,Fitbit App
2024-07-23T20:08:00Z,LIGHTLY_ACTIVE,Fitbit App
2024-07-23T20:09:00Z,SEDENTARY,Fitbit App
2024-07-23T20:10:00Z,SEDENTARY,Fitbit App
2024-07-23T20:11:00Z,SEDENTARY,Fitbit App
2024-07-23T20:12:00Z,SEDENTARY,Fitbit App
2024-07-23T20:13:00Z,SEDENTARY,Fitbit App
2024-07-23T20:14:00Z,SEDENTARY,Fitbit App
2024-07-23T20:15:00Z,MODERATELY_ACTIVE,Fitbit App
2024-07-23T20:16:00Z,MODERATELY_ACTIVE,Fitbit App
2024-07-23T20:17:00Z,VERY_ACTIVE,Fitbit App
2024-07-23T20:18:00Z,VERY_ACTIVE,Fitbit App
2024-07-23T20:19:00Z,VERY_ACTIVE,Fitbit App
2024-07-23T20:20:00Z,VERY_ACTIVE,Fitbit App
2024-07-23T20:21:00Z,MODERATELY_ACTIVE,Fitbit App
2024-07-23T20:22:00Z,MODERATELY_ACTIVE,Fitbit App
2024-07-23T20:23:00Z,VERY_ACTIVE,Fitbit App
2024-07-23T20:24:00Z,VERY_ACTIVE,Fitbit App
2024-07-23T20:25:00Z,MODERATELY_ACTIVE,Fitbit App
2024-07-23T20:26:00Z,LIGHTLY_ACTIVE,Fitbit App
2024-07-23T20:27:00Z,SEDENTARY,Fitbit App
2024-07-23T20:28:00Z,LIGHTLY_ACTIVE,Fitbit App
2024-07-23T20:29:00Z,SEDENTARY,Fitbit App
2024-07-23T20:30:00Z,SEDENTARY,Fitbit App
2024-07-23T20:32:00Z,SEDENTARY,Fitbit App
2024-07-23T20:34:00Z,SEDENTARY,Fitbit App
2024-07-23T20:35:00Z,SEDENTARY,Fitbit App
2024-07-23T20:36:00Z,SEDENTARY,Fitbit App
2024-07-23T20:37:00Z,SEDENTARY,Fitbit App
2024-07-23T20:38:00Z,SEDENTARY,Fitbit App
2024-07-23T20:39:00Z,SEDENTARY,Fitbit App
2024-07-23T20:40:00Z,SEDENTARY,Fitbit App
2024-07-23T20:41:00Z,SEDENTARY,Fitbit App
2024-07-23T20:45:00Z,SEDENTARY,Fitbit App
2024-07-23T20:46:00Z,SEDENTARY,Fitbit App
2024-07-23T20:47:00Z,SEDENTARY,Fitbit App
2024-07-23T20:48:00Z,SEDENTARY,Fitbit App
2024-07-23T20:54:00Z,SEDENTARY,Fitbit App
2024-07-23T20:58:00Z,SEDENTARY,Fitbit App
2024-07-23T21:01:00Z,SEDENTARY,Fitbit App
2024-07-23T21:02:00Z,SEDENTARY,Fitbit App
2024-07-23T21:03:00Z,LIGHTLY_ACTIVE,Fitbit App
2024-07-23T21:04:00Z,LIGHTLY_ACTIVE,Fitbit App
2024-07-23T21:05:00Z,SEDENTARY,Fitbit App
2024-07-23T21:06:00Z,SEDENTARY,Fitbit App
2024-07-23T21:07:00Z,SEDENTARY,Fitbit App
2024-07-23T21:08:00Z,SEDENTARY,Fitbit App
2024-07-23T21:09:00Z,SEDENTARY,Fitbit App
2024-07-23T21:10:00Z,SEDENTARY,Fitbit App
2024-07-23T21:11:00Z,SEDENTARY,Fitbit App
2024-07-23T21:12:00Z,SEDENTARY,Fitbit App
2024-07-23T21:13:00Z,SEDENTARY,Fitbit App
2024-07-23T21:14:00Z,SEDENTARY,Fitbit App
2024-07-23T21:15:00Z,SEDENTARY,Fitbit App
2024-07-23T21:16:00Z,SEDENTARY,Fitbit App
2024-07-23T21:17:00Z,SEDENTARY,Fitbit App
2024-07-23T21:18:00Z,SEDENTARY,Fitbit App
2024-07-23T21:19:00Z,SEDENTARY,Fitbit App
2024-07-23T21:20:00Z,SEDENTARY,Fitbit App
2024-07-23T21:21:00Z,SEDENTARY,Fitbit App
2024-07-23T21:22:00Z,SEDENTARY,Fitbit App
2024-07-23T21:23:00Z,SEDENTARY,Fitbit App
2024-07-23T21:24:00Z,SEDENTARY,Fitbit App
2024-07-23T21:25:00Z,SEDENTARY,Fitbit App
2024-07-23T21:26:00Z,SEDENTARY,Fitbit App
2024-07-23T21:27:00Z,SEDENTARY,Fitbit App
2024-07-23T21:28:00Z,SEDENTARY,Fitbit App
2024-07-23T21:29:00Z,SEDENTARY,Fitbit App
2024-07-23T21:30:00Z,SEDENTARY,Fitbit App
2024-07-23T21:31:00Z,SEDENTARY,Fitbit App
2024-07-23T21:32:00Z,SEDENTARY,Fitbit App
2024-07-23T21:33:00Z,SEDENTARY,Fitbit App
2024-07-23T21:34:00Z,SEDENTARY,Fitbit App
2024-07-23T21:35:00Z,SEDENTARY,Fitbit App
2024-07-23T21:36:00Z,SEDENTARY,Fitbit App
2024-07-23T21:37:00Z,SEDENTARY,Fitbit App
2024-07-23T21:38:00Z,SEDENTARY,Fitbit App
2024-07-23T21:39:00Z,SEDENTARY,Fitbit App
2024-07-23T21:40:00Z,SEDENTARY,Fitbit App
2024-07-23T21:41:00Z,SEDENTARY,Fitbit App
2024-07-23T21:42:00Z,SEDENTARY,Fitbit App
2024-07-23T21:43:00Z,SEDENTARY,Fitbit App
2024-07-23T21:44:00Z,SEDENTARY,Fitbit App
2024-07-23T21:45:00Z,SEDENTARY,Fitbit App
2024-07-23T21:46:00Z,SEDENTARY,Fitbit App
2024-07-23T21:47:00Z,LIGHTLY_ACTIVE,Fitbit App
2024-07-23T21:48:00Z,SEDENTARY,Fitbit App
2024-07-23T21:49:00Z,SEDENTARY,Fitbit App
2024-07-23T21:50:00Z,SEDENTARY,Fitbit App
2024-07-23T21:51:00Z,SEDENTARY,Fitbit App
2024-07-23T21:52:00Z,SEDENTARY,Fitbit App
2024-07-23T21:53:00Z,SEDENTARY,Fitbit App
2024-07-23T21:54:00Z,SEDENTARY,Fitbit App
2024-07-23T21:55:00Z,SEDENTARY,Fitbit App
2024-07-23T21:56:00Z,SEDENTARY,Fitbit App
2024-07-23T21:57:00Z,SEDENTARY,Fitbit App
2024-07-23T21:58:00Z,SEDENTARY,Fitbit App
2024-07-23T21:59:00Z,SEDENTARY,Fitbit App
2024-07-23T22:00:00Z,SEDENTARY,Fitbit App
2024-07-23T22:01:00Z,SEDENTARY,Fitbit App
2024-07-23T22:02:00Z,SEDENTARY,Fitbit App
2024-07-23T22:03:00Z,LIGHTLY_ACTIVE,Fitbit App
2024-07-23T22:04:00Z,SEDENTARY,Fitbit App
2024-07-23T22:05:00Z,SEDENTARY,Fitbit App
2024-07-23T22:06:00Z,SEDENTARY,Fitbit App
2024-07-23T22:07:00Z,SEDENTARY,Fitbit App
2024-07-23T22:08:00Z,SEDENTARY,Fitbit App
2024-07-23T22:09:00Z,SEDENTARY,Fitbit App
2024-07-23T22:10:00Z,SEDENTARY,Fitbit App
2024-07-23T22:11:00Z,SEDENTARY,Fitbit App
2024-07-23T22:12:00Z,SEDENTARY,Fitbit App
2024-07-23T22:13:00Z,SEDENTARY,Fitbit App
2024-07-23T22:14:00Z,SEDENTARY,Fitbit App
2024-07-23T22:15:00Z,SEDENTARY,Fitbit App
2024-07-23T22:16:00Z,SEDENTARY,Fitbit App
2024-07-23T22:17:00Z,SEDENTARY,Fitbit App
2024-07-23T22:18:00Z,SEDENTARY,Fitbit App
2024-07-23T22:19:00Z,SEDENTARY,Fitbit App
2024-07-23T22:20:00Z,SEDENTARY,Fitbit App
2024-07-23T22:21:00Z,SEDENTARY,Fitbit App
2024-07-23T22:22:00Z,SEDENTARY,Fitbit App
2024-07-23T22:25:00Z,SEDENTARY,Fitbit App
2024-07-23T22:26:00Z,SEDENTARY,Fitbit App
2024-07-23T22:27:00Z,SEDENTARY,Fitbit App
2024-07-23T22:28:00Z,SEDENTARY,Fitbit App
2024-07-23T22:29:00Z,SEDENTARY,Fitbit App
2024-07-23T22:30:00Z,SEDENTARY,Fitbit App
2024-07-23T22:31:00Z,SEDENTARY,Fitbit App
2024-07-23T22:32:00Z,SEDENTARY,Fitbit App
2024-07-23T22:33:00Z,SEDENTARY,Fitbit App
2024-07-23T22:34:00Z,SEDENTARY,Fitbit App
2024-07-23T22:35:00Z,SEDENTARY,Fitbit App
2024-07-23T22:36:00Z,SEDENTARY,Fitbit App
2024-07-23T22:37:00Z,SEDENTARY,Fitbit App
2024-07-23T22:38:00Z,SEDENTARY,Fitbit App
2024-07-23T22:39:00Z,SEDENTARY,Fitbit App
2024-07-23T22:40:00Z,SEDENTARY,Fitbit App
2024-07-23T22:42:00Z,SEDENTARY,Fitbit App
2024-07-23T22:43:00Z,SEDENTARY,Fitbit App
2024-07-23T22:44:00Z,SEDENTARY,Fitbit App
2024-07-23T22:46:00Z,SEDENTARY,Fitbit App
2024-07-23T22:47:00Z,SEDENTARY,Fitbit App
2024-07-23T22:48:00Z,SEDENTARY,Fitbit App
2024-07-23T22:49:00Z,SEDENTARY,Fitbit App
2024-07-23T22:50:00Z,SEDENTARY,Fitbit App
2024-07-23T22:52:00Z,SEDENTARY,Fitbit App
2024-07-23T22:53:00Z,SEDENTARY,Fitbit App
2024-07-23T22:54:00Z,SEDENTARY,Fitbit App
2024-07-23T22:55:00Z,SEDENTARY,Fitbit App
2024-07-23T22:56:00Z,SEDENTARY,Fitbit App
2024-07-23T22:57:00Z,SEDENTARY,Fitbit App
2024-07-23T22:58:00Z,SEDENTARY,Fitbit App
2024-07-23T22:59:00Z,SEDENTARY,Fitbit App
2024-07-23T23:00:00Z,SEDENTARY,Fitbit App
2024-07-23T23:01:00Z,SEDENTARY,Fitbit App
2024-07-23T23:03:00Z,SEDENTARY,Fitbit App
2024-07-23T23:04:00Z,SEDENTARY,Fitbit App
2024-07-23T23:05:00Z,SEDENTARY,Fitbit App
2024-07-23T23:11:00Z,SEDENTARY,Fitbit App
2024-07-23T23:12:00Z,SEDENTARY,Fitbit App
2024-07-23T23:13:00Z,SEDENTARY,Fitbit App
2024-07-23T23:14:00Z,SEDENTARY,Fitbit App
2024-07-23T23:15:00Z,SEDENTARY,Fitbit App
2024-07-23T23:16:00Z,SEDENTARY,Fitbit App
2024-07-23T23:17:00Z,SEDENTARY,Fitbit App
2024-07-23T23:18:00Z,SEDENTARY,Fitbit App
2024-07-23T23:19:00Z,SEDENTARY,Fitbit App
2024-07-23T23:20:00Z,SEDENTARY,Fitbit App
2024-07-23T23:22:00Z,SEDENTARY,Fitbit App
2024-07-23T23:23:00Z,LIGHTLY_ACTIVE,Fitbit App
2024-07-23T23:24:00Z,SEDENTARY,Fitbit App
2024-07-23T23:25:00Z,SEDENTARY,Fitbit App
2024-07-23T23:26:00Z,SEDENTARY,Fitbit App
2024-07-24T00:40:00Z,SEDENTARY,Fitbit App
2024-07-24T00:41:00Z,SEDENTARY,Fitbit App
2024-07-24T02:52:00Z,SEDENTARY,Fitbit App
2024-07-24T03:01:00Z,SEDENTARY,Fitbit App
2024-07-24T03:22:00Z,SEDENTARY,Fitbit App
2024-07-24T03:31:00Z,SEDENTARY,Fitbit App
2024-07-24T03:35:00Z,SEDENTARY,Fitbit App
2024-07-24T04:41:00Z,SEDENTARY,Fitbit App
2024-07-24T05:03:00Z,SEDENTARY,Fitbit App
2024-07-24T05:06:00Z,SEDENTARY,Fitbit App
2024-07-24T05:07:00Z,SEDENTARY,Fitbit App
2024-07-24T05:08:00Z,SEDENTARY,Fitbit App
2024-07-24T05:09:00Z,SEDENTARY,Fitbit App
2024-07-24T05:10:00Z,SEDENTARY,Fitbit App
2024-07-24T05:19:00Z,SEDENTARY,Fitbit App
2024-07-24T05:33:00Z,SEDENTARY,Fitbit App
2024-07-24T05:35:00Z,SEDENTARY,Fitbit App
2024-07-24T05:37:00Z,LIGHTLY_ACTIVE,Fitbit App
2024-07-24T05:39:00Z,SEDENTARY,Fitbit App
2024-07-24T05:40:00Z,SEDENTARY,Fitbit App
2024-07-24T05:42:00Z,SEDENTARY,Fitbit App
2024-07-24T05:45:00Z,SEDENTARY,Fitbit App
2024-07-24T05:46:00Z,LIGHTLY_ACTIVE,Fitbit App
2024-07-24T05:48:00Z,LIGHTLY_ACTIVE,Fitbit App
2024-07-24T05:49:00Z,SEDENTARY,Fitbit App
2024-07-24T05:51:00Z,SEDENTARY,Fitbit App
2024-07-24T05:55:00Z,SEDENTARY,Fitbit App
2024-07-24T05:56:00Z,LIGHTLY_ACTIVE,Fitbit App
2024-07-24T05:57:00Z,LIGHTLY_ACTIVE,Fitbit App
2024-07-24T05:58:00Z,SEDENTARY,Fitbit App
2024-07-24T05:59:00Z,SEDENTARY,Fitbit App
2024-07-24T06:00:00Z,LIGHTLY_ACTIVE,Fitbit App
2024-07-24T06:01:00Z,SEDENTARY,Fitbit App
2024-07-24T06:02:00Z,LIGHTLY_ACTIVE,Fitbit App
2024-07-24T06:03:00Z,LIGHTLY_ACTIVE,Fitbit App
2024-07-24T06:21:00Z,LIGHTLY_ACTIVE,Fitbit App
2024-07-24T06:23:00Z,LIGHTLY_ACTIVE,Fitbit App
2024-07-24T06:24:00Z,LIGHTLY_ACTIVE,Fitbit App
2024-07-24T06:25:00Z,LIGHTLY_ACTIVE,Fitbit App
2024-07-24T06:26:00Z,LIGHTLY_ACTIVE,Fitbit App
2024-07-24T06:27:00Z,MODERATELY_ACTIVE,Fitbit App
2024-07-24T06:28:00Z,VERY_ACTIVE,Fitbit App
2024-07-24T06:29:00Z,VERY_ACTIVE,Fitbit App
2024-07-24T06:30:00Z,MODERATELY_ACTIVE,Fitbit App
2024-07-24T06:31:00Z,MODERATELY_ACTIVE,Fitbit App
2024-07-24T06:32:00Z,LIGHTLY_ACTIVE,Fitbit App
2024-07-24T06:33:00Z,SEDENTARY,Fitbit App
2024-07-24T06:34:00Z,LIGHTLY_ACTIVE,Fitbit App
2024-07-24T06:36:00Z,SEDENTARY,Fitbit App
2024-07-24T06:37:00Z,SEDENTARY,Fitbit App
2024-07-24T06:38:00Z,LIGHTLY_ACTIVE,Fitbit App
2024-07-24T06:39:00Z,SEDENTARY,Fitbit App
2024-07-24T06:48:00Z,SEDENTARY,Fitbit App
2024-07-24T06:51:00Z,SEDENTARY,Fitbit App
2024-07-24T06:52:00Z,SEDENTARY,Fitbit App
2024-07-24T06:59:00Z,LIGHTLY_ACTIVE,Fitbit App
2024-07-24T07:00:00Z,LIGHTLY_ACTIVE,Fitbit App
2024-07-24T07:01:00Z,MODERATELY_ACTIVE,Fitbit App
2024-07-24T07:02:00Z,VERY_ACTIVE,Fitbit App
2024-07-24T07:03:00Z,VERY_ACTIVE,Fitbit App
2024-07-24T07:04:00Z,VERY_ACTIVE,Fitbit App
2024-07-24T07:05:00Z,VERY_ACTIVE,Fitbit App
2024-07-24T07:06:00Z,VERY_ACTIVE,Fitbit App
2024-07-24T07:07:00Z,SEDENTARY,Fitbit App
2024-07-24T07:08:00Z,VERY_ACTIVE,Fitbit App
2024-07-24T07:09:00Z,MODERATELY_ACTIVE,Fitbit App
2024-07-24T07:10:00Z,SEDENTARY,Fitbit App
2024-07-24T07:11:00Z,LIGHTLY_ACTIVE,Fitbit App
2024-07-24T07:12:00Z,SEDENTARY,Fitbit App
2024-07-24T07:13:00Z,SEDENTARY,Fitbit App
2024-07-24T07:14:00Z,LIGHTLY_ACTIVE,Fitbit App
2024-07-24T07:15:00Z,VERY_ACTIVE,Fitbit App
2024-07-24T07:16:00Z,VERY_ACTIVE,Fitbit App
2024-07-24T07:17:00Z,VERY_ACTIVE,Fitbit App
2024-07-24T07:18:00Z,VERY_ACTIVE,Fitbit App
2024-07-24T07:19:00Z,MODERATELY_ACTIVE,Fitbit App
2024-07-24T07:20:00Z,VERY_ACTIVE,Fitbit App
2024-07-24T07:21:00Z,VERY_ACTIVE,Fitbit App
2024-07-24T07:22:00Z,VERY_ACTIVE,Fitbit App
2024-07-24T07:23:00Z,MODERATELY_ACTIVE,Fitbit App
2024-07-24T07:24:00Z,VERY_ACTIVE,Fitbit App
2024-07-24T07:25:00Z,VERY_ACTIVE,Fitbit App
2024-07-24T07:26:00Z,VERY_ACTIVE,Fitbit App
2024-07-24T07:27:00Z,VERY_ACTIVE,Fitbit App
2024-07-24T07:28:00Z,VERY_ACTIVE,Fitbit App
2024-07-24T07:29:00Z,VERY_ACTIVE,Fitbit App
2024-07-24T07:30:00Z,MODERATELY_ACTIVE,Fitbit App
2024-07-24T07:31:00Z,LIGHTLY_ACTIVE,Fitbit App
2024-07-24T07:32:00Z,LIGHTLY_ACTIVE,Fitbit App
2024-07-24T07:33:00Z,LIGHTLY_ACTIVE,Fitbit App
2024-07-24T07:34:00Z,LIGHTLY_ACTIVE,Fitbit App
2024-07-24T07:35:00Z,LIGHTLY_ACTIVE,Fitbit App
2024-07-24T07:36:00Z,SEDENTARY,Fitbit App
2024-07-24T07:37:00Z,SEDENTARY,Fitbit App
2024-07-24T07:38:00Z,SEDENTARY,Fitbit App
2024-07-24T07:41:00Z,SEDENTARY,Fitbit App
2024-07-24T07:42:00Z,SEDENTARY,Fitbit App
2024-07-24T07:43:00Z,SEDENTARY,Fitbit App
2024-07-24T07:45:00Z,SEDENTARY,Fitbit App
2024-07-24T07:46:00Z,SEDENTARY,Fitbit App
2024-07-24T07:47:00Z,SEDENTARY,Fitbit App
2024-07-24T07:49:00Z,SEDENTARY,Fitbit App
2024-07-24T07:52:00Z,SEDENTARY,Fitbit App
2024-07-24T07:53:00Z,SEDENTARY,Fitbit App
2024-07-24T07:54:00Z,SEDENTARY,Fitbit App
2024-07-24T07:55:00Z,SEDENTARY,Fitbit App
2024-07-24T07:56:00Z,SEDENTARY,Fitbit App
2024-07-24T07:59:00Z,SEDENTARY,Fitbit App
2024-07-24T08:00:00Z,SEDENTARY,Fitbit App
2024-07-24T08:04:00Z,SEDENTARY,Fitbit App
2024-07-24T08:19:00Z,SEDENTARY,Fitbit App
2024-07-24T08:24:00Z,SEDENTARY,Fitbit App
2024-07-24T08:25:00Z,SEDENTARY,Fitbit App
2024-07-24T08:26:00Z,LIGHTLY_ACTIVE,Fitbit App
2024-07-24T08:27:00Z,SEDENTARY,Fitbit App
2024-07-24T08:29:00Z,SEDENTARY,Fitbit App
2024-07-24T08:30:00Z,LIGHTLY_ACTIVE,Fitbit App
2024-07-24T08:31:00Z,SEDENTARY,Fitbit App
2024-07-24T08:32:00Z,SEDENTARY,Fitbit App
2024-07-24T08:33:00Z,SEDENTARY,Fitbit App
2024-07-24T08:34:00Z,SEDENTARY,Fitbit App
2024-07-24T08:35:00Z,LIGHTLY_ACTIVE,Fitbit App
2024-07-24T08:36:00Z,SEDENTARY,Fitbit App
2024-07-24T08:37:00Z,SEDENTARY,Fitbit App
2024-07-24T08:38:00Z,SEDENTARY,Fitbit App
2024-07-24T08:39:00Z,LIGHTLY_ACTIVE,Fitbit App
2024-07-24T08:40:00Z,SEDENTARY,Fitbit App
2024-07-24T08:41:00Z,SEDENTARY,Fitbit App
2024-07-24T08:42:00Z,SEDENTARY,Fitbit App
2024-07-24T08:44:00Z,SEDENTARY,Fitbit App
2024-07-24T08:45:00Z,SEDENTARY,Fitbit App
2024-07-24T08:46:00Z,SEDENTARY,Fitbit App
2024-07-24T08:47:00Z,SEDENTARY,Fitbit App
2024-07-24T08:48:00Z,SEDENTARY,Fitbit App
2024-07-24T08:50:00Z,SEDENTARY,Fitbit App
2024-07-24T08:51:00Z,SEDENTARY,Fitbit App
2024-07-24T08:56:00Z,SEDENTARY,Fitbit App
2024-07-24T09:01:00Z,SEDENTARY,Fitbit App
2024-07-24T09:02:00Z,SEDENTARY,Fitbit App
2024-07-24T09:03:00Z,SEDENTARY,Fitbit App
2024-07-24T09:04:00Z,LIGHTLY_ACTIVE,Fitbit App
2024-07-24T09:06:00Z,SEDENTARY,Fitbit App
2024-07-24T09:13:00Z,SEDENTARY,Fitbit App
2024-07-24T09:15:00Z,SEDENTARY,Fitbit App
2024-07-24T09:17:00Z,SEDENTARY,Fitbit App
2024-07-24T09:18:00Z,SEDENTARY,Fitbit App
2024-07-24T09:19:00Z,SEDENTARY,Fitbit App
2024-07-24T09:20:00Z,SEDENTARY,Fitbit App
2024-07-24T09:22:00Z,LIGHTLY_ACTIVE,Fitbit App
2024-07-24T09:23:00Z,SEDENTARY,Fitbit App
2024-07-24T09:24:00Z,SEDENTARY,Fitbit App
2024-07-24T09:27:00Z,SEDENTARY,Fitbit App
2024-07-24T09:28:00Z,SEDENTARY,Fitbit App
2024-07-24T09:29:00Z,SEDENTARY,Fitbit App
2024-07-24T09:32:00Z,SEDENTARY,Fitbit App
2024-07-24T09:34:00Z,SEDENTARY,Fitbit App
2024-07-24T09:40:00Z,LIGHTLY_ACTIVE,Fitbit App
2024-07-24T09:41:00Z,SEDENTARY,Fitbit App
2024-07-24T09:42:00Z,SEDENTARY,Fitbit App
2024-07-24T09:53:00Z,SEDENTARY,Fitbit App
2024-07-24T09:54:00Z,SEDENTARY,Fitbit App
2024-07-24T09:55:00Z,SEDENTARY,Fitbit App
2024-07-24T10:08:00Z,SEDENTARY,Fitbit App
2024-07-24T10:11:00Z,SEDENTARY,Fitbit App
2024-07-24T10:12:00Z,SEDENTARY,Fitbit App
2024-07-24T10:13:00Z,SEDENTARY,Fitbit App
2024-07-24T10:14:00Z,SEDENTARY,Fitbit App
2024-07-24T10:15:00Z,SEDENTARY,Fitbit App
2024-07-24T10:16:00Z,SEDENTARY,Fitbit App
2024-07-24T10:23:00Z,SEDENTARY,Fitbit App
2024-07-24T10:24:00Z,SEDENTARY,Fitbit App
2024-07-24T10:27:00Z,SEDENTARY,Fitbit App
2024-07-24T10:29:00Z,SEDENTARY,Fitbit App
2024-07-24T10:32:00Z,SEDENTARY,Fitbit App
2024-07-24T10:33:00Z,LIGHTLY_ACTIVE,Fitbit App
2024-07-24T10:34:00Z,SEDENTARY,Fitbit App
2024-07-24T10:35:00Z,SEDENTARY,Fitbit App
2024-07-24T10:38:00Z,SEDENTARY,Fitbit App
2024-07-24T10:41:00Z,SEDENTARY,Fitbit App
2024-07-24T10:51:00Z,SEDENTARY,Fitbit App
2024-07-24T10:52:00Z,SEDENTARY,Fitbit App
2024-07-24T10:53:00Z,LIGHTLY_ACTIVE,Fitbit App
2024-07-24T10:54:00Z,SEDENTARY,Fitbit App
2024-07-24T10:55:00Z,LIGHTLY_ACTIVE,Fitbit App
2024-07-24T10:56:00Z,LIGHTLY_ACTIVE,Fitbit App
2024-07-24T10:58:00Z,SEDENTARY,Fitbit App
2024-07-24T10:59:00Z,SEDENTARY,Fitbit App
2024-07-24T11:00:00Z,SEDENTARY,Fitbit App
2024-07-24T11:04:00Z,SEDENTARY,Fitbit App
2024-07-24T11:05:00Z,SEDENTARY,Fitbit App
2024-07-24T11:06:00Z,LIGHTLY_ACTIVE,Fitbit App
2024-07-24T11:07:00Z,LIGHTLY_ACTIVE,Fitbit App
2024-07-24T11:10:00Z,SEDENTARY,Fitbit App
2024-07-24T11:11:00Z,SEDENTARY,Fitbit App
2024-07-24T11:13:00Z,LIGHTLY_ACTIVE,Fitbit App
2024-07-24T11:14:00Z,LIGHTLY_ACTIVE,Fitbit App
2024-07-24T11:15:00Z,SEDENTARY,Fitbit App
2024-07-24T11:17:00Z,LIGHTLY_ACTIVE,Fitbit App
2024-07-24T11:18:00Z,LIGHTLY_ACTIVE,Fitbit App
2024-07-24T11:19:00Z,SEDENTARY,Fitbit App
2024-07-24T11:26:00Z,SEDENTARY,Fitbit App
2024-07-24T11:27:00Z,SEDENTARY,Fitbit App
2024-07-24T11:29:00Z,SEDENTARY,Fitbit App
2024-07-24T11:32:00Z,SEDENTARY,Fitbit App
2024-07-24T11:34:00Z,SEDENTARY,Fitbit App
2024-07-24T11:35:00Z,SEDENTARY,Fitbit App
2024-07-24T11:36:00Z,SEDENTARY,Fitbit App
2024-07-24T11:39:00Z,SEDENTARY,Fitbit App
2024-07-24T11:40:00Z,SEDENTARY,Fitbit App
2024-07-24T11:41:00Z,SEDENTARY,Fitbit App
2024-07-24T11:42:00Z,LIGHTLY_ACTIVE,Fitbit App
2024-07-24T11:43:00Z,LIGHTLY_ACTIVE,Fitbit App
2024-07-24T11:48:00Z,LIGHTLY_ACTIVE,Fitbit App
2024-07-24T11:49:00Z,LIGHTLY_ACTIVE,Fitbit App
2024-07-24T11:50:00Z,LIGHTLY_ACTIVE,Fitbit App
2024-07-24T11:51:00Z,SEDENTARY,Fitbit App
2024-07-24T11:52:00Z,SEDENTARY,Fitbit App
2024-07-24T11:53:00Z,SEDENTARY,Fitbit App
2024-07-24T11:54:00Z,SEDENTARY,Fitbit App
2024-07-24T11:55:00Z,SEDENTARY,Fitbit App
2024-07-24T11:56:00Z,SEDENTARY,Fitbit App
2024-07-24T11:57:00Z,SEDENTARY,Fitbit App
2024-07-24T11:58:00Z,SEDENTARY,Fitbit App
2024-07-24T11:59:00Z,SEDENTARY,Fitbit App
2024-07-24T12:00:00Z,SEDENTARY,Fitbit App
2024-07-24T12:06:00Z,SEDENTARY,Fitbit App
2024-07-24T12:14:00Z,SEDENTARY,Fitbit App
2024-07-24T12:18:00Z,SEDENTARY,Fitbit App
2024-07-24T12:20:00Z,SEDENTARY,Fitbit App
2024-07-24T12:22:00Z,SEDENTARY,Fitbit App
2024-07-24T12:27:00Z,SEDENTARY,Fitbit App
2024-07-24T12:28:00Z,SEDENTARY,Fitbit App
2024-07-24T12:29:00Z,SEDENTARY,Fitbit App
2024-07-24T12:30:00Z,SEDENTARY,Fitbit App
2024-07-24T12:31:00Z,SEDENTARY,Fitbit App
2024-07-24T12:32:00Z,SEDENTARY,Fitbit App
2024-07-24T12:33:00Z,SEDENTARY,Fitbit App
2024-07-24T12:34:00Z,SEDENTARY,Fitbit App
2024-07-24T12:35:00Z,SEDENTARY,Fitbit App
2024-07-24T12:36:00Z,SEDENTARY,Fitbit App
2024-07-24T12:37:00Z,SEDENTARY,Fitbit App
2024-07-24T12:38:00Z,SEDENTARY,Fitbit App
2024-07-24T12:39:00Z,SEDENTARY,Fitbit App
2024-07-24T12:40:00Z,SEDENTARY,Fitbit App
2024-07-24T12:41:00Z,SEDENTARY,Fitbit App
2024-07-24T12:42:00Z,SEDENTARY,Fitbit App
2024-07-24T12:43:00Z,SEDENTARY,Fitbit App
2024-07-24T12:47:00Z,SEDENTARY,Fitbit App
2024-07-24T12:48:00Z,SEDENTARY,Fitbit App
2024-07-24T12:50:00Z,SEDENTARY,Fitbit App
2024-07-24T12:51:00Z,SEDENTARY,Fitbit App
2024-07-24T12:53:00Z,SEDENTARY,Fitbit App
2024-07-24T12:54:00Z,SEDENTARY,Fitbit App
2024-07-24T12:55:00Z,SEDENTARY,Fitbit App
2024-07-24T12:56:00Z,SEDENTARY,Fitbit App
2024-07-24T12:58:00Z,SEDENTARY,Fitbit App
2024-07-24T12:59:00Z,SEDENTARY,Fitbit App
2024-07-24T13:01:00Z,SEDENTARY,Fitbit App
2024-07-24T13:02:00Z,SEDENTARY,Fitbit App
2024-07-24T13:03:00Z,SEDENTARY,Fitbit App
2024-07-24T13:04:00Z,SEDENTARY,Fitbit App
2024-07-24T13:05:00Z,SEDENTARY,Fitbit App
2024-07-24T13:06:00Z,SEDENTARY,Fitbit App
2024-07-24T13:07:00Z,SEDENTARY,Fitbit App
2024-07-24T13:08:00Z,SEDENTARY,Fitbit App
2024-07-24T13:09:00Z,SEDENTARY,Fitbit App
2024-07-24T13:10:00Z,LIGHTLY_ACTIVE,Fitbit App
2024-07-24T13:11:00Z,SEDENTARY,Fitbit App
2024-07-24T13:12:00Z,SEDENTARY,Fitbit App
2024-07-24T13:13:00Z,SEDENTARY,Fitbit App
2024-07-24T13:14:00Z,LIGHTLY_ACTIVE,Fitbit App
2024-07-24T13:15:00Z,SEDENTARY,Fitbit App
2024-07-24T13:16:00Z,SEDENTARY,Fitbit App
2024-07-24T13:17:00Z,SEDENTARY,Fitbit App
2024-07-24T13:18:00Z,SEDENTARY,Fitbit App
2024-07-24T13:19:00Z,SEDENTARY,Fitbit App
2024-07-24T13:20:00Z,SEDENTARY,Fitbit App
2024-07-24T13:21:00Z,SEDENTARY,Fitbit App
2024-07-24T13:22:00Z,SEDENTARY,Fitbit App
2024-07-24T13:23:00Z,SEDENTARY,Fitbit App
2024-07-24T13:24:00Z,SEDENTARY,Fitbit App
2024-07-24T13:25:00Z,SEDENTARY,Fitbit App
2024-07-24T13:26:00Z,SEDENTARY,Fitbit App
2024-07-24T13:27:00Z,SEDENTARY,Fitbit App
2024-07-24T13:28:00Z,SEDENTARY,Fitbit App
2024-07-24T13:29:00Z,SEDENTARY,Fitbit App
2024-07-24T13:30:00Z,SEDENTARY,Fitbit App
2024-07-24T13:32:00Z,SEDENTARY,Fitbit App
2024-07-24T13:33:00Z,SEDENTARY,Fitbit App
2024-07-24T13:34:00Z,SEDENTARY,Fitbit App
2024-07-24T13:35:00Z,SEDENTARY,Fitbit App
2024-07-24T13:36:00Z,SEDENTARY,Fitbit App
2024-07-24T13:37:00Z,SEDENTARY,Fitbit App
2024-07-24T13:38:00Z,SEDENTARY,Fitbit App
2024-07-24T13:40:00Z,LIGHTLY_ACTIVE,Fitbit App
2024-07-24T13:41:00Z,SEDENTARY,Fitbit App
2024-07-24T13:42:00Z,SEDENTARY,Fitbit App
2024-07-24T13:43:00Z,SEDENTARY,Fitbit App
2024-07-24T13:44:00Z,SEDENTARY,Fitbit App
2024-07-24T13:45:00Z,SEDENTARY,Fitbit App
2024-07-24T13:46:00Z,LIGHTLY_ACTIVE,Fitbit App
2024-07-24T13:47:00Z,SEDENTARY,Fitbit App
2024-07-24T13:48:00Z,SEDENTARY,Fitbit App
2024-07-24T13:50:00Z,SEDENTARY,Fitbit App
2024-07-24T13:51:00Z,SEDENTARY,Fitbit App
2024-07-24T13:52:00Z,SEDENTARY,Fitbit App
2024-07-24T13:56:00Z,SEDENTARY,Fitbit App
2024-07-24T13:57:00Z,SEDENTARY,Fitbit App
2024-07-24T13:58:00Z,SEDENTARY,Fitbit App
2024-07-24T14:03:00Z,SEDENTARY,Fitbit App
2024-07-24T14:04:00Z,SEDENTARY,Fitbit App
2024-07-24T14:05:00Z,SEDENTARY,Fitbit App
2024-07-24T14:07:00Z,SEDENTARY,Fitbit App
2024-07-24T14:08:00Z,SEDENTARY,Fitbit App
2024-07-24T14:09:00Z,SEDENTARY,Fitbit App
2024-07-24T14:14:00Z,LIGHTLY_ACTIVE,Fitbit App
2024-07-24T14:15:00Z,SEDENTARY,Fitbit App
2024-07-24T14:16:00Z,SEDENTARY,Fitbit App
2024-07-24T14:20:00Z,SEDENTARY,Fitbit App
2024-07-24T14:21:00Z,SEDENTARY,Fitbit App
2024-07-24T14:33:00Z,LIGHTLY_ACTIVE,Fitbit App
2024-07-24T14:35:00Z,LIGHTLY_ACTIVE,Fitbit App
2024-07-24T14:36:00Z,LIGHTLY_ACTIVE,Fitbit App
2024-07-24T14:37:00Z,SEDENTARY,Fitbit App
2024-07-24T14:38:00Z,LIGHTLY_ACTIVE,Fitbit App
2024-07-24T14:39:00Z,LIGHTLY_ACTIVE,Fitbit App
2024-07-24T14:40:00Z,LIGHTLY_ACTIVE,Fitbit App
2024-07-24T14:41:00Z,SEDENTARY,Fitbit App
2024-07-24T14:42:00Z,SEDENTARY,Fitbit App
2024-07-24T14:43:00Z,SEDENTARY,Fitbit App
2024-07-24T14:44:00Z,SEDENTARY,Fitbit App
2024-07-24T14:45:00Z,SEDENTARY,Fitbit App
2024-07-24T14:46:00Z,SEDENTARY,Fitbit App
2024-07-24T14:47:00Z,LIGHTLY_ACTIVE,Fitbit App
2024-07-24T14:48:00Z,LIGHTLY_ACTIVE,Fitbit App
2024-07-24T14:49:00Z,MODERATELY_ACTIVE,Fitbit App
2024-07-24T14:50:00Z,MODERATELY_ACTIVE,Fitbit App
2024-07-24T14:51:00Z,VERY_ACTIVE,Fitbit App
2024-07-24T14:52:00Z,VERY_ACTIVE,Fitbit App
2024-07-24T14:53:00Z,VERY_ACTIVE,Fitbit App
2024-07-24T14:54:00Z,VERY_ACTIVE,Fitbit App
2024-07-24T14:55:00Z,SEDENTARY,Fitbit App
2024-07-24T14:56:00Z,SEDENTARY,Fitbit App
2024-07-24T14:57:00Z,LIGHTLY_ACTIVE,Fitbit App
2024-07-24T14:58:00Z,SEDENTARY,Fitbit App
2024-07-24T14:59:00Z,SEDENTARY,Fitbit App
2024-07-24T15:00:00Z,LIGHTLY_ACTIVE,Fitbit App
2024-07-24T15:01:00Z,SEDENTARY,Fitbit App
2024-07-24T15:02:00Z,SEDENTARY,Fitbit App
2024-07-24T15:03:00Z,SEDENTARY,Fitbit App
2024-07-24T15:04:00Z,SEDENTARY,Fitbit App
2024-07-24T15:05:00Z,SEDENTARY,Fitbit App
2024-07-24T15:06:00Z,SEDENTARY,Fitbit App
2024-07-24T15:07:00Z,SEDENTARY,Fitbit App
2024-07-24T15:08:00Z,SEDENTARY,Fitbit App
2024-07-24T15:09:00Z,SEDENTARY,Fitbit App
2024-07-24T15:10:00Z,SEDENTARY,Fitbit App
2024-07-24T15:11:00Z,SEDENTARY,Fitbit App
2024-07-24T15:12:00Z,SEDENTARY,Fitbit App
2024-07-24T15:13:00Z,SEDENTARY,Fitbit App
2024-07-24T15:14:00Z,SEDENTARY,Fitbit App
2024-07-24T15:15:00Z,SEDENTARY,Fitbit App
2024-07-24T15:16:00Z,SEDENTARY,Fitbit App
2024-07-24T15:17:00Z,SEDENTARY,Fitbit App
2024-07-24T15:18:00Z,SEDENTARY,Fitbit App
2024-07-24T15:19:00Z,SEDENTARY,Fitbit App
2024-07-24T15:20:00Z,SEDENTARY,Fitbit App
2024-07-24T15:21:00Z,LIGHTLY_ACTIVE,Fitbit App
2024-07-24T15:22:00Z,MODERATELY_ACTIVE,Fitbit App
2024-07-24T15:23:00Z,VERY_ACTIVE,Fitbit App
2024-07-24T15:24:00Z,VERY_ACTIVE,Fitbit App
2024-07-24T15:25:00Z,VERY_ACTIVE,Fitbit App
2024-07-24T15:26:00Z,MODERATELY_ACTIVE,Fitbit App
2024-07-24T15:27:00Z,LIGHTLY_ACTIVE,Fitbit App
2024-07-24T15:28:00Z,LIGHTLY_ACTIVE,Fitbit App
2024-07-24T15:29:00Z,SEDENTARY,Fitbit App
2024-07-24T15:30:00Z,SEDENTARY,Fitbit App
2024-07-24T15:31:00Z,LIGHTLY_ACTIVE,Fitbit App
2024-07-24T15:32:00Z,SEDENTARY,Fitbit App
2024-07-24T15:33:00Z,SEDENTARY,Fitbit App
2024-07-24T15:35:00Z,SEDENTARY,Fitbit App
2024-07-24T15:37:00Z,SEDENTARY,Fitbit App
2024-07-24T15:39:00Z,SEDENTARY,Fitbit App
2024-07-24T15:40:00Z,SEDENTARY,Fitbit App
2024-07-24T15:41:00Z,SEDENTARY,Fitbit App
2024-07-24T15:44:00Z,SEDENTARY,Fitbit App
2024-07-24T15:45:00Z,SEDENTARY,Fitbit App
2024-07-24T15:46:00Z,SEDENTARY,Fitbit App
2024-07-24T15:47:00Z,SEDENTARY,Fitbit App
2024-07-24T15:50:00Z,SEDENTARY,Fitbit App
2024-07-24T15:51:00Z,SEDENTARY,Fitbit App
2024-07-24T15:52:00Z,SEDENTARY,Fitbit App
2024-07-24T15:53:00Z,SEDENTARY,Fitbit App
2024-07-24T15:54:00Z,LIGHTLY_ACTIVE,Fitbit App
2024-07-24T15:55:00Z,SEDENTARY,Fitbit App
2024-07-24T15:57:00Z,LIGHTLY_ACTIVE,Fitbit App
2024-07-24T15:58:00Z,SEDENTARY,Fitbit App
2024-07-24T15:59:00Z,SEDENTARY,Fitbit App
2024-07-24T16:00:00Z,SEDENTARY,Fitbit App
2024-07-24T16:01:00Z,SEDENTARY,Fitbit App
2024-07-24T16:02:00Z,SEDENTARY,Fitbit App
2024-07-24T16:03:00Z,SEDENTARY,Fitbit App
2024-07-24T16:04:00Z,SEDENTARY,Fitbit App
2024-07-24T16:08:00Z,SEDENTARY,Fitbit App
2024-07-24T16:09:00Z,SEDENTARY,Fitbit App
2024-07-24T16:11:00Z,SEDENTARY,Fitbit App
2024-07-24T16:12:00Z,SEDENTARY,Fitbit App
2024-07-24T16:13:00Z,SEDENTARY,Fitbit App
2024-07-24T16:14:00Z,LIGHTLY_ACTIVE,Fitbit App
2024-07-24T16:15:00Z,LIGHTLY_ACTIVE,Fitbit App
2024-07-24T16:16:00Z,SEDENTARY,Fitbit App
2024-07-24T16:17:00Z,LIGHTLY_ACTIVE,Fitbit App
2024-07-24T16:18:00Z,LIGHTLY_ACTIVE,Fitbit App
2024-07-24T16:19:00Z,LIGHTLY_ACTIVE,Fitbit App
2024-07-24T16:20:00Z,LIGHTLY_ACTIVE,Fitbit App
2024-07-24T16:21:00Z,LIGHTLY_ACTIVE,Fitbit App
2024-07-24T16:22:00Z,LIGHTLY_ACTIVE,Fitbit App
2024-07-24T16:23:00Z,LIGHTLY_ACTIVE,Fitbit App
2024-07-24T16:42:00Z,SEDENTARY,Fitbit App
2024-07-24T16:43:00Z,SEDENTARY,Fitbit App
2024-07-24T16:46:00Z,SEDENTARY,Fitbit App
2024-07-24T16:47:00Z,SEDENTARY,Fitbit App
2024-07-24T16:48:00Z,SEDENTARY,Fitbit App
2024-07-24T17:02:00Z,SEDENTARY,Fitbit App
2024-07-24T17:32:00Z,SEDENTARY,Fitbit App
2024-07-24T17:33:00Z,LIGHTLY_ACTIVE,Fitbit App
2024-07-24T17:34:00Z,SEDENTARY,Fitbit App
2024-07-24T17:35:00Z,SEDENTARY,Fitbit App
2024-07-24T17:36:00Z,SEDENTARY,Fitbit App
2024-07-24T17:37:00Z,SEDENTARY,Fitbit App
2024-07-24T17:38:00Z,SEDENTARY,Fitbit App
2024-07-24T17:40:00Z,LIGHTLY_ACTIVE,Fitbit App
2024-07-24T17:41:00Z,LIGHTLY_ACTIVE,Fitbit App
2024-07-24T17:48:00Z,LIGHTLY_ACTIVE,Fitbit App
2024-07-24T17:49:00Z,LIGHTLY_ACTIVE,Fitbit App
2024-07-24T18:03:00Z,SEDENTARY,Fitbit App
2024-07-24T18:04:00Z,SEDENTARY,Fitbit App
2024-07-24T18:05:00Z,SEDENTARY,Fitbit App
2024-07-24T18:08:00Z,SEDENTARY,Fitbit App
2024-07-24T18:13:00Z,LIGHTLY_ACTIVE,Fitbit App
2024-07-24T18:14:00Z,LIGHTLY_ACTIVE,Fitbit App
2024-07-24T18:15:00Z,LIGHTLY_ACTIVE,Fitbit App
2024-07-24T18:16:00Z,LIGHTLY_ACTIVE,Fitbit App
2024-07-24T18:19:00Z,LIGHTLY_ACTIVE,Fitbit App
2024-07-24T18:20:00Z,LIGHTLY_ACTIVE,Fitbit App
2024-07-24T18:21:00Z,SEDENTARY,Fitbit App
2024-07-24T18:22:00Z,LIGHTLY_ACTIVE,Fitbit App
2024-07-24T18:23:00Z,LIGHTLY_ACTIVE,Fitbit App
2024-07-24T18:24:00Z,LIGHTLY_ACTIVE,Fitbit App
2024-07-24T18:25:00Z,MODERATELY_ACTIVE,Fitbit App
2024-07-24T18:26:00Z,LIGHTLY_ACTIVE,Fitbit App
2024-07-24T18:27:00Z,LIGHTLY_ACTIVE,Fitbit App
2024-07-24T18:28:00Z,LIGHTLY_ACTIVE,Fitbit App
2024-07-24T18:29:00Z,MODERATELY_ACTIVE,Fitbit App
2024-07-24T18:30:00Z,SEDENTARY,Fitbit App
2024-07-24T18:31:00Z,LIGHTLY_ACTIVE,Fitbit App
2024-07-24T18:32:00Z,LIGHTLY_ACTIVE,Fitbit App
2024-07-24T18:33:00Z,LIGHTLY_ACTIVE,Fitbit App
2024-07-24T18:34:00Z,SEDENTARY,Fitbit App
2024-07-24T18:35:00Z,LIGHTLY_ACTIVE,Fitbit App
2024-07-24T18:36:00Z,LIGHTLY_ACTIVE,Fitbit App
2024-07-24T18:37:00Z,LIGHTLY_ACTIVE,Fitbit App
2024-07-24T18:38:00Z,SEDENTARY,Fitbit App
2024-07-24T18:40:00Z,SEDENTARY,Fitbit App
2024-07-24T18:47:00Z,SEDENTARY,Fitbit App
2024-07-24T18:49:00Z,LIGHTLY_ACTIVE,Fitbit App
2024-07-24T18:50:00Z,LIGHTLY_ACTIVE,Fitbit App
2024-07-24T18:51:00Z,LIGHTLY_ACTIVE,Fitbit App
2024-07-24T18:52:00Z,LIGHTLY_ACTIVE,Fitbit App
2024-07-24T18:53:00Z,SEDENTARY,Fitbit App
2024-07-24T18:56:00Z,SEDENTARY,Fitbit App
2024-07-24T18:59:00Z,LIGHTLY_ACTIVE,Fitbit App
2024-07-24T19:00:00Z,SEDENTARY,Fitbit App
2024-07-24T19:02:00Z,SEDENTARY,Fitbit App
2024-07-24T19:03:00Z,SEDENTARY,Fitbit App
2024-07-24T19:04:00Z,LIGHTLY_ACTIVE,Fitbit App
2024-07-24T19:05:00Z,LIGHTLY_ACTIVE,Fitbit App
2024-07-24T19:07:00Z,LIGHTLY_ACTIVE,Fitbit App
2024-07-24T19:08:00Z,SEDENTARY,Fitbit App
2024-07-24T19:09:00Z,SEDENTARY,Fitbit App
2024-07-24T19:10:00Z,SEDENTARY,Fitbit App
2024-07-24T19:11:00Z,SEDENTARY,Fitbit App
2024-07-24T19:12:00Z,SEDENTARY,Fitbit App
2024-07-24T19:13:00Z,SEDENTARY,Fitbit App
2024-07-24T19:15:00Z,SEDENTARY,Fitbit App
2024-07-24T19:19:00Z,SEDENTARY,Fitbit App
2024-07-24T19:20:00Z,SEDENTARY,Fitbit App
2024-07-24T19:21:00Z,SEDENTARY,Fitbit App
2024-07-24T19:22:00Z,SEDENTARY,Fitbit App
2024-07-24T19:23:00Z,SEDENTARY,Fitbit App
2024-07-24T19:24:00Z,SEDENTARY,Fitbit App
2024-07-24T19:25:00Z,SEDENTARY,Fitbit App
2024-07-24T19:26:00Z,SEDENTARY,Fitbit App
2024-07-24T19:27:00Z,SEDENTARY,Fitbit App
2024-07-24T19:28:00Z,LIGHTLY_ACTIVE,Fitbit App
2024-07-24T19:35:00Z,SEDENTARY,Fitbit App
2024-07-24T19:40:00Z,LIGHTLY_ACTIVE,Fitbit App
2024-07-24T19:41:00Z,SEDENTARY,Fitbit App
2024-07-24T19:42:00Z,LIGHTLY_ACTIVE,Fitbit App
2024-07-24T19:43:00Z,LIGHTLY_ACTIVE,Fitbit App
2024-07-24T19:44:00Z,SEDENTARY,Fitbit App
2024-07-24T19:45:00Z,SEDENTARY,Fitbit App
2024-07-24T19:46:00Z,SEDENTARY,Fitbit App
2024-07-24T19:47:00Z,SEDENTARY,Fitbit App
2024-07-24T19:48:00Z,LIGHTLY_ACTIVE,Fitbit App
2024-07-24T19:49:00Z,LIGHTLY_ACTIVE,Fitbit App
2024-07-24T19:50:00Z,LIGHTLY_ACTIVE,Fitbit App
2024-07-24T19:51:00Z,LIGHTLY_ACTIVE,Fitbit App
2024-07-24T19:52:00Z,LIGHTLY_ACTIVE,Fitbit App
2024-07-24T19:53:00Z,LIGHTLY_ACTIVE,Fitbit App
2024-07-24T19:54:00Z,LIGHTLY_ACTIVE,Fitbit App
2024-07-24T19:55:00Z,LIGHTLY_ACTIVE,Fitbit App
2024-07-24T19:56:00Z,SEDENTARY,Fitbit App
2024-07-24T20:04:00Z,SEDENTARY,Fitbit App
2024-07-24T20:05:00Z,SEDENTARY,Fitbit App
2024-07-24T20:06:00Z,SEDENTARY,Fitbit App
2024-07-24T20:20:00Z,SEDENTARY,Fitbit App
2024-07-24T20:21:00Z,SEDENTARY,Fitbit App
2024-07-24T20:23:00Z,SEDENTARY,Fitbit App
2024-07-24T20:24:00Z,SEDENTARY,Fitbit App
2024-07-24T20:26:00Z,SEDENTARY,Fitbit App
2024-07-24T20:34:00Z,LIGHTLY_ACTIVE,Fitbit App
2024-07-24T20:35:00Z,SEDENTARY,Fitbit App
2024-07-24T20:36:00Z,LIGHTLY_ACTIVE,Fitbit App
2024-07-24T20:37:00Z,LIGHTLY_ACTIVE,Fitbit App
2024-07-24T20:38:00Z,MODERATELY_ACTIVE,Fitbit App
2024-07-24T20:39:00Z,LIGHTLY_ACTIVE,Fitbit App
2024-07-24T20:40:00Z,LIGHTLY_ACTIVE,Fitbit App
2024-07-24T20:41:00Z,LIGHTLY_ACTIVE,Fitbit App
2024-07-24T20:42:00Z,SEDENTARY,Fitbit App
2024-07-24T20:43:00Z,LIGHTLY_ACTIVE,Fitbit App
2024-07-24T20:44:00Z,LIGHTLY_ACTIVE,Fitbit App
2024-07-24T20:45:00Z,LIGHTLY_ACTIVE,Fitbit App
2024-07-24T20:46:00Z,LIGHTLY_ACTIVE,Fitbit App
2024-07-24T20:50:00Z,LIGHTLY_ACTIVE,Fitbit App
2024-07-24T20:51:00Z,SEDENTARY,Fitbit App
2024-07-24T20:52:00Z,SEDENTARY,Fitbit App
2024-07-24T20:53:00Z,SEDENTARY,Fitbit App
2024-07-24T20:54:00Z,SEDENTARY,Fitbit App
2024-07-24T21:02:00Z,SEDENTARY,Fitbit App
2024-07-24T21:03:00Z,SEDENTARY,Fitbit App
2024-07-24T21:04:00Z,SEDENTARY,Fitbit App
2024-07-24T21:07:00Z,SEDENTARY,Fitbit App
2024-07-24T21:08:00Z,SEDENTARY,Fitbit App
2024-07-24T21:11:00Z,SEDENTARY,Fitbit App
2024-07-24T21:14:00Z,SEDENTARY,Fitbit App
2024-07-24T21:15:00Z,SEDENTARY,Fitbit App
2024-07-24T21:17:00Z,SEDENTARY,Fitbit App
2024-07-24T21:18:00Z,SEDENTARY,Fitbit App
2024-07-24T21:23:00Z,SEDENTARY,Fitbit App
2024-07-24T21:24:00Z,SEDENTARY,Fitbit App
2024-07-24T21:27:00Z,SEDENTARY,Fitbit App
2024-07-24T21:32:00Z,SEDENTARY,Fitbit App
2024-07-24T21:33:00Z,SEDENTARY,Fitbit App
2024-07-24T21:34:00Z,SEDENTARY,Fitbit App
2024-07-24T21:35:00Z,SEDENTARY,Fitbit App
2024-07-24T21:43:00Z,SEDENTARY,Fitbit App
2024-07-24T21:48:00Z,SEDENTARY,Fitbit App
2024-07-24T21:52:00Z,SEDENTARY,Fitbit App
2024-07-24T21:56:00Z,SEDENTARY,Fitbit App
2024-07-24T21:59:00Z,SEDENTARY,Fitbit App
2024-07-24T22:03:00Z,SEDENTARY,Fitbit App
2024-07-24T22:04:00Z,SEDENTARY,Fitbit App
2024-07-24T22:05:00Z,SEDENTARY,Fitbit App
2024-07-24T22:08:00Z,SEDENTARY,Fitbit App
2024-07-24T22:10:00Z,SEDENTARY,Fitbit App
2024-07-24T22:11:00Z,SEDENTARY,Fitbit App
2024-07-24T22:14:00Z,SEDENTARY,Fitbit App
2024-07-24T22:15:00Z,SEDENTARY,Fitbit App
2024-07-24T22:16:00Z,SEDENTARY,Fitbit App
2024-07-24T22:17:00Z,SEDENTARY,Fitbit App
2024-07-24T22:18:00Z,SEDENTARY,Fitbit App
2024-07-24T22:19:00Z,SEDENTARY,Fitbit App
2024-07-24T22:20:00Z,SEDENTARY,Fitbit App
2024-07-24T22:21:00Z,SEDENTARY,Fitbit App
2024-07-24T22:22:00Z,SEDENTARY,Fitbit App
2024-07-24T22:23:00Z,SEDENTARY,Fitbit App
2024-07-24T22:24:00Z,SEDENTARY,Fitbit App
2024-07-24T22:25:00Z,SEDENTARY,Fitbit App
2024-07-24T22:27:00Z,SEDENTARY,Fitbit App
2024-07-24T22:28:00Z,SEDENTARY,Fitbit App
2024-07-24T22:29:00Z,LIGHTLY_ACTIVE,Fitbit App
2024-07-24T22:30:00Z,SEDENTARY,Fitbit App
2024-07-24T22:35:00Z,SEDENTARY,Fitbit App
2024-07-24T22:36:00Z,SEDENTARY,Fitbit App
2024-07-24T22:38:00Z,SEDENTARY,Fitbit App
2024-07-24T22:39:00Z,SEDENTARY,Fitbit App
2024-07-24T22:40:00Z,SEDENTARY,Fitbit App
2024-07-24T22:41:00Z,SEDENTARY,Fitbit App
2024-07-24T22:57:00Z,SEDENTARY,Fitbit App
2024-07-24T23:04:00Z,SEDENTARY,Fitbit App
2024-07-24T23:05:00Z,SEDENTARY,Fitbit App
2024-07-24T23:06:00Z,SEDENTARY,Fitbit App
2024-07-24T23:07:00Z,SEDENTARY,Fitbit App
2024-07-24T23:08:00Z,SEDENTARY,Fitbit App
2024-07-24T23:09:00Z,SEDENTARY,Fitbit App
2024-07-24T23:10:00Z,SEDENTARY,Fitbit App
2024-07-24T23:11:00Z,SEDENTARY,Fitbit App
2024-07-24T23:13:00Z,LIGHTLY_ACTIVE,Fitbit App
2024-07-24T23:14:00Z,LIGHTLY_ACTIVE,Fitbit App
2024-07-24T23:15:00Z,SEDENTARY,Fitbit App
2024-07-24T23:16:00Z,LIGHTLY_ACTIVE,Fitbit App
2024-07-24T23:20:00Z,SEDENTARY,Fitbit App
2024-07-24T23:22:00Z,SEDENTARY,Fitbit App
2024-07-24T23:23:00Z,SEDENTARY,Fitbit App
2024-07-24T23:26:00Z,SEDENTARY,Fitbit App
2024-07-24T23:27:00Z,SEDENTARY,Fitbit App
2024-07-24T23:28:00Z,SEDENTARY,Fitbit App
2024-07-24T23:29:00Z,SEDENTARY,Fitbit App
2024-07-24T23:30:00Z,SEDENTARY,Fitbit App
2024-07-24T23:36:00Z,SEDENTARY,Fitbit App
2024-07-24T23:37:00Z,SEDENTARY,Fitbit App
2024-07-24T23:39:00Z,SEDENTARY,Fitbit App
2024-07-24T23:40:00Z,SEDENTARY,Fitbit App
2024-07-24T23:41:00Z,SEDENTARY,Fitbit App
2024-07-24T23:42:00Z,SEDENTARY,Fitbit App
2024-07-24T23:48:00Z,SEDENTARY,Fitbit App
2024-07-24T23:49:00Z,SEDENTARY,Fitbit App
2024-07-24T23:50:00Z,SEDENTARY,Fitbit App
2024-07-24T23:51:00Z,SEDENTARY,Fitbit App
2024-07-24T23:52:00Z,SEDENTARY,Fitbit App
2024-07-24T23:53:00Z,SEDENTARY,Fitbit App
2024-07-24T23:54:00Z,SEDENTARY,Fitbit App
2024-07-24T23:59:00Z,SEDENTARY,Fitbit App
2024-07-25T00:02:00Z,SEDENTARY,Fitbit App
2024-07-25T00:04:00Z,SEDENTARY,Fitbit App
2024-07-25T00:18:00Z,SEDENTARY,Fitbit App
2024-07-25T00:23:00Z,SEDENTARY,Fitbit App
2024-07-25T00:25:00Z,SEDENTARY,Fitbit App
2024-07-25T00:26:00Z,SEDENTARY,Fitbit App
2024-07-25T00:32:00Z,SEDENTARY,Fitbit App
2024-07-25T00:40:00Z,SEDENTARY,Fitbit App
2024-07-25T00:41:00Z,SEDENTARY,Fitbit App
2024-07-25T00:42:00Z,SEDENTARY,Fitbit App
2024-07-25T00:45:00Z,SEDENTARY,Fitbit App
2024-07-25T00:46:00Z,SEDENTARY,Fitbit App
2024-07-25T00:50:00Z,SEDENTARY,Fitbit App
2024-07-25T00:51:00Z,SEDENTARY,Fitbit App
2024-07-25T00:56:00Z,SEDENTARY,Fitbit App
2024-07-25T01:04:00Z,SEDENTARY,Fitbit App
2024-07-25T01:05:00Z,LIGHTLY_ACTIVE,Fitbit App
2024-07-25T01:06:00Z,SEDENTARY,Fitbit App
2024-07-25T01:21:00Z,SEDENTARY,Fitbit App
2024-07-25T01:22:00Z,LIGHTLY_ACTIVE,Fitbit App
2024-07-25T01:23:00Z,SEDENTARY,Fitbit App
2024-07-25T01:24:00Z,SEDENTARY,Fitbit App
2024-07-25T01:25:00Z,SEDENTARY,Fitbit App
2024-07-25T03:46:00Z,SEDENTARY,Fitbit App
2024-07-25T04:37:00Z,SEDENTARY,Fitbit App
2024-07-25T05:02:00Z,SEDENTARY,Fitbit App
2024-07-25T05:26:00Z,SEDENTARY,Fitbit App
2024-07-25T05:27:00Z,SEDENTARY,Fitbit App
2024-07-25T06:02:00Z,SEDENTARY,Fitbit App
2024-07-25T06:12:00Z,SEDENTARY,Fitbit App
2024-07-25T06:15:00Z,SEDENTARY,Fitbit App
2024-07-25T06:16:00Z,SEDENTARY,Fitbit App
2024-07-25T06:17:00Z,LIGHTLY_ACTIVE,Fitbit App
2024-07-25T06:18:00Z,LIGHTLY_ACTIVE,Fitbit App
2024-07-25T06:19:00Z,LIGHTLY_ACTIVE,Fitbit App
2024-07-25T06:21:00Z,SEDENTARY,Fitbit App
2024-07-25T06:23:00Z,SEDENTARY,Fitbit App
2024-07-25T06:24:00Z,LIGHTLY_ACTIVE,Fitbit App
2024-07-25T06:25:00Z,SEDENTARY,Fitbit App
2024-07-25T06:26:00Z,LIGHTLY_ACTIVE,Fitbit App
2024-07-25T06:27:00Z,LIGHTLY_ACTIVE,Fitbit App
2024-07-25T06:28:00Z,SEDENTARY,Fitbit App
2024-07-25T06:29:00Z,SEDENTARY,Fitbit App
2024-07-25T06:30:00Z,LIGHTLY_ACTIVE,Fitbit App
2024-07-25T06:31:00Z,LIGHTLY_ACTIVE,Fitbit App
2024-07-25T06:32:00Z,SEDENTARY,Fitbit App
2024-07-25T06:39:00Z,SEDENTARY,Fitbit App
2024-07-25T06:41:00Z,SEDENTARY,Fitbit App
2024-07-25T06:42:00Z,SEDENTARY,Fitbit App
2024-07-25T06:43:00Z,SEDENTARY,Fitbit App
2024-07-25T06:44:00Z,SEDENTARY,Fitbit App
2024-07-25T06:46:00Z,SEDENTARY,Fitbit App
2024-07-25T06:47:00Z,SEDENTARY,Fitbit App
2024-07-25T06:48:00Z,LIGHTLY_ACTIVE,Fitbit App
2024-07-25T06:49:00Z,LIGHTLY_ACTIVE,Fitbit App
2024-07-25T06:50:00Z,SEDENTARY,Fitbit App
2024-07-25T06:51:00Z,LIGHTLY_ACTIVE,Fitbit App
2024-07-25T06:52:00Z,LIGHTLY_ACTIVE,Fitbit App
2024-07-25T06:53:00Z,SEDENTARY,Fitbit App
2024-07-25T07:07:00Z,SEDENTARY,Fitbit App
2024-07-25T07:09:00Z,SEDENTARY,Fitbit App
2024-07-25T07:10:00Z,SEDENTARY,Fitbit App
2024-07-25T07:11:00Z,LIGHTLY_ACTIVE,Fitbit App
2024-07-25T07:12:00Z,LIGHTLY_ACTIVE,Fitbit App
2024-07-25T07:13:00Z,SEDENTARY,Fitbit App
2024-07-25T07:14:00Z,LIGHTLY_ACTIVE,Fitbit App
2024-07-25T07:15:00Z,SEDENTARY,Fitbit App
2024-07-25T07:16:00Z,SEDENTARY,Fitbit App
2024-07-25T07:17:00Z,LIGHTLY_ACTIVE,Fitbit App
2024-07-25T07:18:00Z,LIGHTLY_ACTIVE,Fitbit App
2024-07-25T07:19:00Z,LIGHTLY_ACTIVE,Fitbit App
2024-07-25T07:20:00Z,SEDENTARY,Fitbit App
2024-07-25T07:21:00Z,LIGHTLY_ACTIVE,Fitbit App
2024-07-25T07:22:00Z,LIGHTLY_ACTIVE,Fitbit App
2024-07-25T07:23:00Z,SEDENTARY,Fitbit App
2024-07-25T07:24:00Z,SEDENTARY,Fitbit App
2024-07-25T07:25:00Z,SEDENTARY,Fitbit App
2024-07-25T07:26:00Z,SEDENTARY,Fitbit App
2024-07-25T07:27:00Z,SEDENTARY,Fitbit App
2024-07-25T07:28:00Z,SEDENTARY,Fitbit App
2024-07-25T07:29:00Z,SEDENTARY,Fitbit App
2024-07-25T07:30:00Z,SEDENTARY,Fitbit App
2024-07-25T07:31:00Z,SEDENTARY,Fitbit App
2024-07-25T07:32:00Z,SEDENTARY,Fitbit App
2024-07-25T07:33:00Z,SEDENTARY,Fitbit App
2024-07-25T07:34:00Z,SEDENTARY,Fitbit App
2024-07-25T07:35:00Z,SEDENTARY,Fitbit App
2024-07-25T07:36:00Z,SEDENTARY,Fitbit App
2024-07-25T07:37:00Z,SEDENTARY,Fitbit App
2024-07-25T07:38:00Z,SEDENTARY,Fitbit App
2024-07-25T07:39:00Z,SEDENTARY,Fitbit App
2024-07-25T07:41:00Z,SEDENTARY,Fitbit App
2024-07-25T07:42:00Z,SEDENTARY,Fitbit App
2024-07-25T07:43:00Z,SEDENTARY,Fitbit App
2024-07-25T07:44:00Z,SEDENTARY,Fitbit App
2024-07-25T07:45:00Z,SEDENTARY,Fitbit App
2024-07-25T07:46:00Z,SEDENTARY,Fitbit App
2024-07-25T07:47:00Z,SEDENTARY,Fitbit App
2024-07-25T07:48:00Z,SEDENTARY,Fitbit App
2024-07-25T07:49:00Z,SEDENTARY,Fitbit App
2024-07-25T07:50:00Z,SEDENTARY,Fitbit App
2024-07-25T07:51:00Z,SEDENTARY,Fitbit App
2024-07-25T07:52:00Z,SEDENTARY,Fitbit App
2024-07-25T07:53:00Z,SEDENTARY,Fitbit App
2024-07-25T07:54:00Z,LIGHTLY_ACTIVE,Fitbit App
2024-07-25T07:55:00Z,LIGHTLY_ACTIVE,Fitbit App
2024-07-25T07:57:00Z,SEDENTARY,Fitbit App
2024-07-25T08:02:00Z,SEDENTARY,Fitbit App
2024-07-25T08:03:00Z,SEDENTARY,Fitbit App
2024-07-25T08:06:00Z,SEDENTARY,Fitbit App
2024-07-25T08:07:00Z,SEDENTARY,Fitbit App
2024-07-25T08:10:00Z,SEDENTARY,Fitbit App
2024-07-25T08:11:00Z,SEDENTARY,Fitbit App
2024-07-25T08:13:00Z,SEDENTARY,Fitbit App
2024-07-25T08:14:00Z,SEDENTARY,Fitbit App
2024-07-25T08:15:00Z,SEDENTARY,Fitbit App
2024-07-25T08:19:00Z,LIGHTLY_ACTIVE,Fitbit App
2024-07-25T08:20:00Z,LIGHTLY_ACTIVE,Fitbit App
2024-07-25T08:21:00Z,LIGHTLY_ACTIVE,Fitbit App
2024-07-25T08:22:00Z,SEDENTARY,Fitbit App
2024-07-25T08:23:00Z,SEDENTARY,Fitbit App
2024-07-25T08:29:00Z,SEDENTARY,Fitbit App
2024-07-25T08:32:00Z,SEDENTARY,Fitbit App
2024-07-25T08:35:00Z,SEDENTARY,Fitbit App
2024-07-25T08:37:00Z,SEDENTARY,Fitbit App
2024-07-25T08:38:00Z,SEDENTARY,Fitbit App
2024-07-25T08:40:00Z,SEDENTARY,Fitbit App
2024-07-25T08:42:00Z,SEDENTARY,Fitbit App
2024-07-25T08:43:00Z,LIGHTLY_ACTIVE,Fitbit App
2024-07-25T08:44:00Z,LIGHTLY_ACTIVE,Fitbit App
2024-07-25T08:45:00Z,LIGHTLY_ACTIVE,Fitbit App
2024-07-25T08:46:00Z,LIGHTLY_ACTIVE,Fitbit App
2024-07-25T08:47:00Z,SEDENTARY,Fitbit App
2024-07-25T08:48:00Z,SEDENTARY,Fitbit App
2024-07-25T08:49:00Z,SEDENTARY,Fitbit App
2024-07-25T08:50:00Z,SEDENTARY,Fitbit App
2024-07-25T08:51:00Z,SEDENTARY,Fitbit App
2024-07-25T08:52:00Z,SEDENTARY,Fitbit App
2024-07-25T08:53:00Z,SEDENTARY,Fitbit App
2024-07-25T08:54:00Z,LIGHTLY_ACTIVE,Fitbit App
2024-07-25T08:55:00Z,LIGHTLY_ACTIVE,Fitbit App
2024-07-25T08:56:00Z,SEDENTARY,Fitbit App
2024-07-25T08:57:00Z,SEDENTARY,Fitbit App
2024-07-25T08:58:00Z,SEDENTARY,Fitbit App
2024-07-25T08:59:00Z,SEDENTARY,Fitbit App
2024-07-25T09:00:00Z,SEDENTARY,Fitbit App
2024-07-25T09:01:00Z,SEDENTARY,Fitbit App
2024-07-25T09:02:00Z,LIGHTLY_ACTIVE,Fitbit App
2024-07-25T09:03:00Z,SEDENTARY,Fitbit App
2024-07-25T09:04:00Z,LIGHTLY_ACTIVE,Fitbit App
2024-07-25T09:05:00Z,SEDENTARY,Fitbit App
2024-07-25T09:06:00Z,SEDENTARY,Fitbit App
2024-07-25T09:07:00Z,SEDENTARY,Fitbit App
2024-07-25T09:08:00Z,SEDENTARY,Fitbit App
2024-07-25T09:09:00Z,SEDENTARY,Fitbit App
2024-07-25T09:10:00Z,SEDENTARY,Fitbit App
2024-07-25T09:11:00Z,LIGHTLY_ACTIVE,Fitbit App
2024-07-25T09:12:00Z,SEDENTARY,Fitbit App
2024-07-25T09:14:00Z,SEDENTARY,Fitbit App
2024-07-25T09:18:00Z,SEDENTARY,Fitbit App
2024-07-25T09:20:00Z,SEDENTARY,Fitbit App
2024-07-25T09:23:00Z,SEDENTARY,Fitbit App
2024-07-25T09:24:00Z,SEDENTARY,Fitbit App
2024-07-25T09:25:00Z,SEDENTARY,Fitbit App
2024-07-25T09:28:00Z,SEDENTARY,Fitbit App
2024-07-25T09:29:00Z,SEDENTARY,Fitbit App
2024-07-25T09:30:00Z,SEDENTARY,Fitbit App
2024-07-25T09:31:00Z,VERY_ACTIVE,Fitbit App
2024-07-25T09:32:00Z,SEDENTARY,Fitbit App
2024-07-25T09:33:00Z,SEDENTARY,Fitbit App
2024-07-25T09:34:00Z,SEDENTARY,Fitbit App
2024-07-25T09:35:00Z,SEDENTARY,Fitbit App
2024-07-25T09:36:00Z,LIGHTLY_ACTIVE,Fitbit App
2024-07-25T09:37:00Z,LIGHTLY_ACTIVE,Fitbit App
2024-07-25T09:38:00Z,LIGHTLY_ACTIVE,Fitbit App
2024-07-25T09:39:00Z,SEDENTARY,Fitbit App
2024-07-25T09:40:00Z,LIGHTLY_ACTIVE,Fitbit App
2024-07-25T09:41:00Z,LIGHTLY_ACTIVE,Fitbit App
2024-07-25T09:42:00Z,SEDENTARY,Fitbit App
2024-07-25T09:43:00Z,LIGHTLY_ACTIVE,Fitbit App
2024-07-25T09:44:00Z,SEDENTARY,Fitbit App
2024-07-25T09:45:00Z,SEDENTARY,Fitbit App
2024-07-25T09:46:00Z,SEDENTARY,Fitbit App
2024-07-25T09:47:00Z,SEDENTARY,Fitbit App
2024-07-25T09:48:00Z,SEDENTARY,Fitbit App
2024-07-25T09:50:00Z,SEDENTARY,Fitbit App
2024-07-25T09:51:00Z,SEDENTARY,Fitbit App
2024-07-25T09:52:00Z,SEDENTARY,Fitbit App
2024-07-25T09:53:00Z,SEDENTARY,Fitbit App
2024-07-25T09:58:00Z,SEDENTARY,Fitbit App
2024-07-25T10:01:00Z,SEDENTARY,Fitbit App
2024-07-25T10:02:00Z,SEDENTARY,Fitbit App
2024-07-25T10:03:00Z,SEDENTARY,Fitbit App
2024-07-25T10:04:00Z,SEDENTARY,Fitbit App
2024-07-25T10:08:00Z,LIGHTLY_ACTIVE,Fitbit App
2024-07-25T10:09:00Z,SEDENTARY,Fitbit App
2024-07-25T10:10:00Z,LIGHTLY_ACTIVE,Fitbit App
2024-07-25T10:11:00Z,SEDENTARY,Fitbit App
2024-07-25T10:12:00Z,SEDENTARY,Fitbit App
2024-07-25T10:14:00Z,SEDENTARY,Fitbit App
2024-07-25T10:16:00Z,SEDENTARY,Fitbit App
2024-07-25T10:20:00Z,SEDENTARY,Fitbit App
2024-07-25T10:21:00Z,SEDENTARY,Fitbit App
2024-07-25T10:22:00Z,SEDENTARY,Fitbit App
2024-07-25T10:23:00Z,SEDENTARY,Fitbit App
2024-07-25T10:25:00Z,SEDENTARY,Fitbit App
2024-07-25T10:27:00Z,SEDENTARY,Fitbit App
2024-07-25T10:29:00Z,SEDENTARY,Fitbit App
2024-07-25T10:33:00Z,LIGHTLY_ACTIVE,Fitbit App
2024-07-25T10:34:00Z,SEDENTARY,Fitbit App
2024-07-25T10:35:00Z,SEDENTARY,Fitbit App
2024-07-25T10:37:00Z,SEDENTARY,Fitbit App
2024-07-25T10:38:00Z,SEDENTARY,Fitbit App
2024-07-25T10:42:00Z,SEDENTARY,Fitbit App
2024-07-25T10:46:00Z,SEDENTARY,Fitbit App
2024-07-25T10:47:00Z,SEDENTARY,Fitbit App
2024-07-25T10:48:00Z,SEDENTARY,Fitbit App
2024-07-25T10:52:00Z,SEDENTARY,Fitbit App
2024-07-25T10:54:00Z,SEDENTARY,Fitbit App
2024-07-25T10:56:00Z,SEDENTARY,Fitbit App
2024-07-25T10:59:00Z,SEDENTARY,Fitbit App
2024-07-25T11:01:00Z,SEDENTARY,Fitbit App
2024-07-25T11:03:00Z,SEDENTARY,Fitbit App
2024-07-25T11:04:00Z,SEDENTARY,Fitbit App
2024-07-25T11:06:00Z,SEDENTARY,Fitbit App
2024-07-25T11:07:00Z,SEDENTARY,Fitbit App
2024-07-25T11:08:00Z,SEDENTARY,Fitbit App
2024-07-25T11:09:00Z,SEDENTARY,Fitbit App
2024-07-25T11:10:00Z,LIGHTLY_ACTIVE,Fitbit App
2024-07-25T11:11:00Z,SEDENTARY,Fitbit App
2024-07-25T11:12:00Z,SEDENTARY,Fitbit App
2024-07-25T11:13:00Z,SEDENTARY,Fitbit App
2024-07-25T11:14:00Z,SEDENTARY,Fitbit App
2024-07-25T11:15:00Z,SEDENTARY,Fitbit App
2024-07-25T11:17:00Z,SEDENTARY,Fitbit App
2024-07-25T11:18:00Z,SEDENTARY,Fitbit App
2024-07-25T11:19:00Z,SEDENTARY,Fitbit App
2024-07-25T11:20:00Z,SEDENTARY,Fitbit App
2024-07-25T11:23:00Z,SEDENTARY,Fitbit App
2024-07-25T11:24:00Z,SEDENTARY,Fitbit App
2024-07-25T11:25:00Z,SEDENTARY,Fitbit App
2024-07-25T11:26:00Z,SEDENTARY,Fitbit App
2024-07-25T11:27:00Z,SEDENTARY,Fitbit App
2024-07-25T11:28:00Z,SEDENTARY,Fitbit App
2024-07-25T11:29:00Z,SEDENTARY,Fitbit App
2024-07-25T11:30:00Z,SEDENTARY,Fitbit App
2024-07-25T11:31:00Z,SEDENTARY,Fitbit App
2024-07-25T11:32:00Z,SEDENTARY,Fitbit App
2024-07-25T11:33:00Z,SEDENTARY,Fitbit App
2024-07-25T11:34:00Z,SEDENTARY,Fitbit App
2024-07-25T11:35:00Z,SEDENTARY,Fitbit App
2024-07-25T11:36:00Z,SEDENTARY,Fitbit App
2024-07-25T11:37:00Z,SEDENTARY,Fitbit App
2024-07-25T11:38:00Z,SEDENTARY,Fitbit App
2024-07-25T11:39:00Z,SEDENTARY,Fitbit App
2024-07-25T11:40:00Z,MODERATELY_ACTIVE,Fitbit App
2024-07-25T11:41:00Z,SEDENTARY,Fitbit App
2024-07-25T11:42:00Z,SEDENTARY,Fitbit App
2024-07-25T11:43:00Z,SEDENTARY,Fitbit App
2024-07-25T11:44:00Z,SEDENTARY,Fitbit App
2024-07-25T11:45:00Z,SEDENTARY,Fitbit App
2024-07-25T11:46:00Z,SEDENTARY,Fitbit App
2024-07-25T11:47:00Z,SEDENTARY,Fitbit App
2024-07-25T11:48:00Z,LIGHTLY_ACTIVE,Fitbit App
2024-07-25T11:49:00Z,SEDENTARY,Fitbit App
2024-07-25T11:50:00Z,SEDENTARY,Fitbit App
2024-07-25T11:51:00Z,SEDENTARY,Fitbit App
2024-07-25T11:54:00Z,SEDENTARY,Fitbit App
2024-07-25T11:55:00Z,SEDENTARY,Fitbit App
2024-07-25T11:56:00Z,SEDENTARY,Fitbit App
2024-07-25T11:59:00Z,SEDENTARY,Fitbit App
2024-07-25T12:00:00Z,SEDENTARY,Fitbit App
2024-07-25T12:01:00Z,SEDENTARY,Fitbit App
2024-07-25T12:02:00Z,LIGHTLY_ACTIVE,Fitbit App
2024-07-25T12:03:00Z,LIGHTLY_ACTIVE,Fitbit App
2024-07-25T12:04:00Z,SEDENTARY,Fitbit App
2024-07-25T12:05:00Z,SEDENTARY,Fitbit App
2024-07-25T12:07:00Z,SEDENTARY,Fitbit App
2024-07-25T12:08:00Z,SEDENTARY,Fitbit App
2024-07-25T12:09:00Z,SEDENTARY,Fitbit App
2024-07-25T12:13:00Z,SEDENTARY,Fitbit App
2024-07-25T12:14:00Z,SEDENTARY,Fitbit App
2024-07-25T12:15:00Z,SEDENTARY,Fitbit App
2024-07-25T12:16:00Z,LIGHTLY_ACTIVE,Fitbit App
2024-07-25T12:17:00Z,SEDENTARY,Fitbit App
2024-07-25T12:18:00Z,SEDENTARY,Fitbit App
2024-07-25T12:22:00Z,SEDENTARY,Fitbit App
2024-07-25T12:23:00Z,SEDENTARY,Fitbit App
2024-07-25T12:24:00Z,SEDENTARY,Fitbit App
2024-07-25T12:26:00Z,SEDENTARY,Fitbit App
2024-07-25T12:27:00Z,SEDENTARY,Fitbit App
2024-07-25T12:28:00Z,LIGHTLY_ACTIVE,Fitbit App
2024-07-25T12:29:00Z,SEDENTARY,Fitbit App
2024-07-25T12:30:00Z,SEDENTARY,Fitbit App
2024-07-25T12:31:00Z,SEDENTARY,Fitbit App
2024-07-25T12:32:00Z,SEDENTARY,Fitbit App
2024-07-25T12:33:00Z,SEDENTARY,Fitbit App
2024-07-25T12:35:00Z,SEDENTARY,Fitbit App
2024-07-25T12:36:00Z,SEDENTARY,Fitbit App
2024-07-25T12:37:00Z,SEDENTARY,Fitbit App
2024-07-25T12:38:00Z,SEDENTARY,Fitbit App
2024-07-25T12:39:00Z,SEDENTARY,Fitbit App
2024-07-25T12:40:00Z,SEDENTARY,Fitbit App
2024-07-25T12:41:00Z,SEDENTARY,Fitbit App
2024-07-25T12:42:00Z,SEDENTARY,Fitbit App
2024-07-25T12:43:00Z,SEDENTARY,Fitbit App
2024-07-25T12:44:00Z,SEDENTARY,Fitbit App
2024-07-25T12:45:00Z,SEDENTARY,Fitbit App
2024-07-25T12:46:00Z,SEDENTARY,Fitbit App
2024-07-25T12:49:00Z,SEDENTARY,Fitbit App
2024-07-25T12:50:00Z,SEDENTARY,Fitbit App
2024-07-25T12:56:00Z,SEDENTARY,Fitbit App
2024-07-25T12:58:00Z,LIGHTLY_ACTIVE,Fitbit App
2024-07-25T12:59:00Z,LIGHTLY_ACTIVE,Fitbit App
2024-07-25T13:00:00Z,SEDENTARY,Fitbit App
2024-07-25T13:02:00Z,SEDENTARY,Fitbit App
2024-07-25T13:03:00Z,LIGHTLY_ACTIVE,Fitbit App
2024-07-25T13:04:00Z,SEDENTARY,Fitbit App
2024-07-25T13:06:00Z,SEDENTARY,Fitbit App
2024-07-25T13:07:00Z,SEDENTARY,Fitbit App
2024-07-25T13:10:00Z,SEDENTARY,Fitbit App
2024-07-25T13:11:00Z,SEDENTARY,Fitbit App
2024-07-25T13:13:00Z,SEDENTARY,Fitbit App
2024-07-25T13:14:00Z,LIGHTLY_ACTIVE,Fitbit App
2024-07-25T13:15:00Z,MODERATELY_ACTIVE,Fitbit App
2024-07-25T13:16:00Z,VERY_ACTIVE,Fitbit App
2024-07-25T13:18:00Z,MODERATELY_ACTIVE,Fitbit App
2024-07-25T13:19:00Z,MODERATELY_ACTIVE,Fitbit App
2024-07-25T13:20:00Z,SEDENTARY,Fitbit App
2024-07-25T13:22:00Z,LIGHTLY_ACTIVE,Fitbit App
2024-07-25T13:23:00Z,MODERATELY_ACTIVE,Fitbit App
2024-07-25T13:24:00Z,LIGHTLY_ACTIVE,Fitbit App
2024-07-25T13:25:00Z,LIGHTLY_ACTIVE,Fitbit App
2024-07-25T13:26:00Z,LIGHTLY_ACTIVE,Fitbit App
2024-07-25T13:27:00Z,LIGHTLY_ACTIVE,Fitbit App
2024-07-25T13:28:00Z,SEDENTARY,Fitbit App
2024-07-25T13:29:00Z,SEDENTARY,Fitbit App
2024-07-25T13:30:00Z,SEDENTARY,Fitbit App
2024-07-25T13:34:00Z,SEDENTARY,Fitbit App
2024-07-25T13:36:00Z,SEDENTARY,Fitbit App
2024-07-25T13:37:00Z,MODERATELY_ACTIVE,Fitbit App
2024-07-25T13:38:00Z,SEDENTARY,Fitbit App
2024-07-25T13:39:00Z,SEDENTARY,Fitbit App
2024-07-25T13:49:00Z,SEDENTARY,Fitbit App
2024-07-25T13:50:00Z,SEDENTARY,Fitbit App
2024-07-25T13:52:00Z,SEDENTARY,Fitbit App
2024-07-25T13:55:00Z,SEDENTARY,Fitbit App
2024-07-25T13:56:00Z,LIGHTLY_ACTIVE,Fitbit App
2024-07-25T13:57:00Z,SEDENTARY,Fitbit App
2024-07-25T13:58:00Z,SEDENTARY,Fitbit App
2024-07-25T13:59:00Z,LIGHTLY_ACTIVE,Fitbit App
2024-07-25T14:00:00Z,SEDENTARY,Fitbit App
2024-07-25T14:01:00Z,SEDENTARY,Fitbit App
2024-07-25T14:02:00Z,SEDENTARY,Fitbit App
2024-07-25T14:03:00Z,SEDENTARY,Fitbit App
2024-07-25T14:04:00Z,LIGHTLY_ACTIVE,Fitbit App
2024-07-25T14:05:00Z,SEDENTARY,Fitbit App
2024-07-25T14:06:00Z,LIGHTLY_ACTIVE,Fitbit App
2024-07-25T14:07:00Z,SEDENTARY,Fitbit App
2024-07-25T14:09:00Z,LIGHTLY_ACTIVE,Fitbit App
2024-07-25T14:10:00Z,SEDENTARY,Fitbit App
2024-07-25T14:11:00Z,SEDENTARY,Fitbit App
2024-07-25T14:12:00Z,LIGHTLY_ACTIVE,Fitbit App
2024-07-25T14:13:00Z,LIGHTLY_ACTIVE,Fitbit App
2024-07-25T14:14:00Z,SEDENTARY,Fitbit App
2024-07-25T14:15:00Z,SEDENTARY,Fitbit App
2024-07-25T14:16:00Z,SEDENTARY,Fitbit App
2024-07-25T14:17:00Z,SEDENTARY,Fitbit App
2024-07-25T14:18:00Z,SEDENTARY,Fitbit App
2024-07-25T14:19:00Z,SEDENTARY,Fitbit App
2024-07-25T14:20:00Z,SEDENTARY,Fitbit App
2024-07-25T14:21:00Z,SEDENTARY,Fitbit App
2024-07-25T14:22:00Z,LIGHTLY_ACTIVE,Fitbit App
2024-07-25T14:23:00Z,LIGHTLY_ACTIVE,Fitbit App
2024-07-25T14:24:00Z,LIGHTLY_ACTIVE,Fitbit App
2024-07-25T14:25:00Z,SEDENTARY,Fitbit App
2024-07-25T14:26:00Z,SEDENTARY,Fitbit App
2024-07-25T15:31:00Z,LIGHTLY_ACTIVE,Fitbit App
2024-07-25T15:38:00Z,SEDENTARY,Fitbit App
2024-07-25T15:53:00Z,SEDENTARY,Fitbit App
2024-07-25T16:17:00Z,LIGHTLY_ACTIVE,Fitbit App
2024-07-25T16:18:00Z,LIGHTLY_ACTIVE,Fitbit App
2024-07-25T16:19:00Z,LIGHTLY_ACTIVE,Fitbit App
2024-07-25T16:20:00Z,LIGHTLY_ACTIVE,Fitbit App
2024-07-25T16:21:00Z,SEDENTARY,Fitbit App
2024-07-25T16:22:00Z,LIGHTLY_ACTIVE,Fitbit App
2024-07-25T16:23:00Z,LIGHTLY_ACTIVE,Fitbit App
2024-07-25T16:24:00Z,MODERATELY_ACTIVE,Fitbit App
2024-07-25T16:25:00Z,LIGHTLY_ACTIVE,Fitbit App
2024-07-25T16:26:00Z,SEDENTARY,Fitbit App
2024-07-25T16:27:00Z,LIGHTLY_ACTIVE,Fitbit App
2024-07-25T16:28:00Z,SEDENTARY,Fitbit App
2024-07-25T16:29:00Z,SEDENTARY,Fitbit App
2024-07-25T16:30:00Z,SEDENTARY,Fitbit App
2024-07-25T16:31:00Z,SEDENTARY,Fitbit App
2024-07-25T16:32:00Z,SEDENTARY,Fitbit App
2024-07-25T16:33:00Z,SEDENTARY,Fitbit App
2024-07-25T16:34:00Z,LIGHTLY_ACTIVE,Fitbit App
2024-07-25T16:35:00Z,SEDENTARY,Fitbit App
2024-07-25T16:36:00Z,SEDENTARY,Fitbit App
2024-07-25T16:37:00Z,SEDENTARY,Fitbit App
2024-07-25T16:38:00Z,SEDENTARY,Fitbit App
2024-07-25T16:39:00Z,SEDENTARY,Fitbit App
2024-07-25T16:40:00Z,SEDENTARY,Fitbit App
2024-07-25T16:42:00Z,LIGHTLY_ACTIVE,Fitbit App
2024-07-25T16:43:00Z,LIGHTLY_ACTIVE,Fitbit App
2024-07-25T16:44:00Z,SEDENTARY,Fitbit App
2024-07-25T16:49:00Z,SEDENTARY,Fitbit App
2024-07-25T16:51:00Z,SEDENTARY,Fitbit App
2024-07-25T16:52:00Z,SEDENTARY,Fitbit App
2024-07-25T16:54:00Z,SEDENTARY,Fitbit App
2024-07-25T16:55:00Z,SEDENTARY,Fitbit App
2024-07-25T16:57:00Z,SEDENTARY,Fitbit App
2024-07-25T16:58:00Z,SEDENTARY,Fitbit App
2024-07-25T16:59:00Z,SEDENTARY,Fitbit App
2024-07-25T17:00:00Z,SEDENTARY,Fitbit App
2024-07-25T17:02:00Z,SEDENTARY,Fitbit App
2024-07-25T17:03:00Z,SEDENTARY,Fitbit App
2024-07-25T17:04:00Z,SEDENTARY,Fitbit App
2024-07-25T17:05:00Z,SEDENTARY,Fitbit App
2024-07-25T17:06:00Z,SEDENTARY,Fitbit App
2024-07-25T17:07:00Z,SEDENTARY,Fitbit App
2024-07-25T17:08:00Z,SEDENTARY,Fitbit App
2024-07-25T17:09:00Z,SEDENTARY,Fitbit App
2024-07-25T17:11:00Z,SEDENTARY,Fitbit App
2024-07-25T17:12:00Z,SEDENTARY,Fitbit App
2024-07-25T17:13:00Z,SEDENTARY,Fitbit App
2024-07-25T17:14:00Z,SEDENTARY,Fitbit App
2024-07-25T17:15:00Z,SEDENTARY,Fitbit App
2024-07-25T17:16:00Z,SEDENTARY,Fitbit App
2024-07-25T17:17:00Z,SEDENTARY,Fitbit App
2024-07-25T17:18:00Z,SEDENTARY,Fitbit App
2024-07-25T17:19:00Z,SEDENTARY,Fitbit App
2024-07-25T17:20:00Z,SEDENTARY,Fitbit App
2024-07-25T17:21:00Z,SEDENTARY,Fitbit App
2024-07-25T17:22:00Z,SEDENTARY,Fitbit App
2024-07-25T17:24:00Z,SEDENTARY,Fitbit App
2024-07-25T17:25:00Z,SEDENTARY,Fitbit App
2024-07-25T17:26:00Z,SEDENTARY,Fitbit App
2024-07-25T17:27:00Z,SEDENTARY,Fitbit App
2024-07-25T17:28:00Z,SEDENTARY,Fitbit App
2024-07-25T17:29:00Z,SEDENTARY,Fitbit App
2024-07-25T17:30:00Z,SEDENTARY,Fitbit App
2024-07-25T17:31:00Z,SEDENTARY,Fitbit App
2024-07-25T17:32:00Z,SEDENTARY,Fitbit App
2024-07-25T17:34:00Z,SEDENTARY,Fitbit App
2024-07-25T17:35:00Z,SEDENTARY,Fitbit App
2024-07-25T17:36:00Z,SEDENTARY,Fitbit App
2024-07-25T17:37:00Z,SEDENTARY,Fitbit App
2024-07-25T17:38:00Z,SEDENTARY,Fitbit App
2024-07-25T17:39:00Z,SEDENTARY,Fitbit App
2024-07-25T17:43:00Z,SEDENTARY,Fitbit App
2024-07-25T17:48:00Z,SEDENTARY,Fitbit App
2024-07-25T17:49:00Z,SEDENTARY,Fitbit App
2024-07-25T17:56:00Z,SEDENTARY,Fitbit App
2024-07-25T17:58:00Z,SEDENTARY,Fitbit App
2024-07-25T17:59:00Z,LIGHTLY_ACTIVE,Fitbit App
2024-07-25T18:00:00Z,SEDENTARY,Fitbit App
2024-07-25T18:02:00Z,SEDENTARY,Fitbit App
2024-07-25T18:04:00Z,SEDENTARY,Fitbit App
2024-07-25T18:08:00Z,SEDENTARY,Fitbit App
2024-07-25T18:09:00Z,SEDENTARY,Fitbit App
2024-07-25T18:10:00Z,LIGHTLY_ACTIVE,Fitbit App
2024-07-25T18:11:00Z,SEDENTARY,Fitbit App
2024-07-25T18:13:00Z,SEDENTARY,Fitbit App
2024-07-25T18:14:00Z,SEDENTARY,Fitbit App
2024-07-25T18:15:00Z,SEDENTARY,Fitbit App
2024-07-25T18:16:00Z,SEDENTARY,Fitbit App
2024-07-25T18:17:00Z,SEDENTARY,Fitbit App
2024-07-25T18:18:00Z,SEDENTARY,Fitbit App
2024-07-25T18:19:00Z,SEDENTARY,Fitbit App
2024-07-25T18:20:00Z,SEDENTARY,Fitbit App
2024-07-25T18:22:00Z,SEDENTARY,Fitbit App
2024-07-25T18:26:00Z,LIGHTLY_ACTIVE,Fitbit App
2024-07-25T18:27:00Z,SEDENTARY,Fitbit App
2024-07-25T18:28:00Z,LIGHTLY_ACTIVE,Fitbit App
2024-07-25T18:29:00Z,LIGHTLY_ACTIVE,Fitbit App
2024-07-25T18:31:00Z,SEDENTARY,Fitbit App
2024-07-25T18:32:00Z,SEDENTARY,Fitbit App
2024-07-25T18:33:00Z,SEDENTARY,Fitbit App
2024-07-25T18:34:00Z,SEDENTARY,Fitbit App
2024-07-25T18:35:00Z,SEDENTARY,Fitbit App
2024-07-25T18:36:00Z,SEDENTARY,Fitbit App
2024-07-25T18:37:00Z,SEDENTARY,Fitbit App
2024-07-25T18:38:00Z,SEDENTARY,Fitbit App
2024-07-25T18:39:00Z,SEDENTARY,Fitbit App
2024-07-25T18:40:00Z,SEDENTARY,Fitbit App
2024-07-25T18:41:00Z,SEDENTARY,Fitbit App
2024-07-25T18:42:00Z,SEDENTARY,Fitbit App
2024-07-25T18:45:00Z,SEDENTARY,Fitbit App
2024-07-25T18:46:00Z,SEDENTARY,Fitbit App
2024-07-25T18:47:00Z,SEDENTARY,Fitbit App
2024-07-25T18:48:00Z,SEDENTARY,Fitbit App
2024-07-25T18:49:00Z,SEDENTARY,Fitbit App
2024-07-25T18:50:00Z,SEDENTARY,Fitbit App
2024-07-25T18:51:00Z,SEDENTARY,Fitbit App
2024-07-25T18:52:00Z,SEDENTARY,Fitbit App
2024-07-25T18:53:00Z,SEDENTARY,Fitbit App
2024-07-25T18:54:00Z,SEDENTARY,Fitbit App
2024-07-25T18:55:00Z,SEDENTARY,Fitbit App
2024-07-25T18:56:00Z,LIGHTLY_ACTIVE,Fitbit App
2024-07-25T18:57:00Z,LIGHTLY_ACTIVE,Fitbit App
2024-07-25T18:58:00Z,LIGHTLY_ACTIVE,Fitbit App
2024-07-25T18:59:00Z,SEDENTARY,Fitbit App
2024-07-25T19:00:00Z,LIGHTLY_ACTIVE,Fitbit App
2024-07-25T19:01:00Z,LIGHTLY_ACTIVE,Fitbit App
2024-07-25T19:02:00Z,LIGHTLY_ACTIVE,Fitbit App
2024-07-25T19:03:00Z,SEDENTARY,Fitbit App
2024-07-25T19:04:00Z,LIGHTLY_ACTIVE,Fitbit App
2024-07-25T19:05:00Z,SEDENTARY,Fitbit App
2024-07-25T19:06:00Z,SEDENTARY,Fitbit App
2024-07-25T19:07:00Z,SEDENTARY,Fitbit App
2024-07-25T19:08:00Z,SEDENTARY,Fitbit App
2024-07-25T19:09:00Z,SEDENTARY,Fitbit App
2024-07-25T19:10:00Z,SEDENTARY,Fitbit App
2024-07-25T19:11:00Z,SEDENTARY,Fitbit App
2024-07-25T19:12:00Z,SEDENTARY,Fitbit App
2024-07-25T19:13:00Z,SEDENTARY,Fitbit App
2024-07-25T19:14:00Z,SEDENTARY,Fitbit App
2024-07-25T19:15:00Z,SEDENTARY,Fitbit App
2024-07-25T19:16:00Z,SEDENTARY,Fitbit App
2024-07-25T19:17:00Z,LIGHTLY_ACTIVE,Fitbit App
2024-07-25T19:18:00Z,LIGHTLY_ACTIVE,Fitbit App
2024-07-25T19:19:00Z,LIGHTLY_ACTIVE,Fitbit App
2024-07-25T19:20:00Z,SEDENTARY,Fitbit App
2024-07-25T19:21:00Z,SEDENTARY,Fitbit App
2024-07-25T19:22:00Z,SEDENTARY,Fitbit App
2024-07-25T19:23:00Z,LIGHTLY_ACTIVE,Fitbit App
2024-07-25T19:24:00Z,LIGHTLY_ACTIVE,Fitbit App
2024-07-25T19:25:00Z,SEDENTARY,Fitbit App
2024-07-25T19:26:00Z,LIGHTLY_ACTIVE,Fitbit App
2024-07-25T19:27:00Z,SEDENTARY,Fitbit App
2024-07-25T19:28:00Z,SEDENTARY,Fitbit App
2024-07-25T19:29:00Z,SEDENTARY,Fitbit App
2024-07-25T19:30:00Z,SEDENTARY,Fitbit App
2024-07-25T19:31:00Z,SEDENTARY,Fitbit App
2024-07-25T19:32:00Z,LIGHTLY_ACTIVE,Fitbit App
2024-07-25T19:33:00Z,SEDENTARY,Fitbit App
2024-07-25T19:34:00Z,LIGHTLY_ACTIVE,Fitbit App
2024-07-25T19:35:00Z,LIGHTLY_ACTIVE,Fitbit App
2024-07-25T19:36:00Z,LIGHTLY_ACTIVE,Fitbit App
2024-07-25T19:37:00Z,SEDENTARY,Fitbit App
2024-07-25T19:38:00Z,SEDENTARY,Fitbit App
2024-07-25T19:39:00Z,SEDENTARY,Fitbit App
2024-07-25T19:40:00Z,SEDENTARY,Fitbit App
2024-07-25T19:41:00Z,LIGHTLY_ACTIVE,Fitbit App
2024-07-25T19:42:00Z,LIGHTLY_ACTIVE,Fitbit App
2024-07-25T19:43:00Z,LIGHTLY_ACTIVE,Fitbit App
2024-07-25T19:46:00Z,SEDENTARY,Fitbit App
2024-07-25T19:51:00Z,SEDENTARY,Fitbit App
2024-07-25T19:56:00Z,SEDENTARY,Fitbit App
2024-07-25T19:57:00Z,SEDENTARY,Fitbit App
2024-07-25T20:00:00Z,SEDENTARY,Fitbit App
2024-07-25T20:01:00Z,SEDENTARY,Fitbit App
2024-07-25T20:02:00Z,SEDENTARY,Fitbit App
2024-07-25T20:04:00Z,SEDENTARY,Fitbit App
2024-07-25T20:17:00Z,LIGHTLY_ACTIVE,Fitbit App
2024-07-25T20:18:00Z,LIGHTLY_ACTIVE,Fitbit App
2024-07-25T20:19:00Z,LIGHTLY_ACTIVE,Fitbit App
2024-07-25T20:20:00Z,SEDENTARY,Fitbit App
2024-07-25T20:21:00Z,SEDENTARY,Fitbit App
2024-07-25T20:22:00Z,SEDENTARY,Fitbit App
2024-07-25T20:23:00Z,SEDENTARY,Fitbit App
2024-07-25T20:24:00Z,SEDENTARY,Fitbit App
2024-07-25T20:25:00Z,SEDENTARY,Fitbit App
2024-07-25T20:26:00Z,SEDENTARY,Fitbit App
2024-07-25T20:27:00Z,LIGHTLY_ACTIVE,Fitbit App
2024-07-25T20:28:00Z,LIGHTLY_ACTIVE,Fitbit App
2024-07-25T20:29:00Z,LIGHTLY_ACTIVE,Fitbit App
2024-07-25T20:30:00Z,MODERATELY_ACTIVE,Fitbit App
2024-07-25T20:31:00Z,SEDENTARY,Fitbit App
2024-07-25T20:32:00Z,MODERATELY_ACTIVE,Fitbit App
2024-07-25T20:33:00Z,LIGHTLY_ACTIVE,Fitbit App
2024-07-25T20:34:00Z,LIGHTLY_ACTIVE,Fitbit App
2024-07-25T20:35:00Z,LIGHTLY_ACTIVE,Fitbit App
2024-07-25T20:36:00Z,LIGHTLY_ACTIVE,Fitbit App
2024-07-25T20:37:00Z,LIGHTLY_ACTIVE,Fitbit App
2024-07-25T20:38:00Z,SEDENTARY,Fitbit App
2024-07-25T20:39:00Z,LIGHTLY_ACTIVE,Fitbit App
2024-07-25T20:40:00Z,LIGHTLY_ACTIVE,Fitbit App
2024-07-25T20:41:00Z,LIGHTLY_ACTIVE,Fitbit App
2024-07-25T20:42:00Z,SEDENTARY,Fitbit App
2024-07-25T20:43:00Z,SEDENTARY,Fitbit App
2024-07-25T20:44:00Z,LIGHTLY_ACTIVE,Fitbit App
2024-07-25T20:45:00Z,LIGHTLY_ACTIVE,Fitbit App
2024-07-25T20:46:00Z,LIGHTLY_ACTIVE,Fitbit App
2024-07-25T20:47:00Z,LIGHTLY_ACTIVE,Fitbit App
2024-07-25T20:48:00Z,LIGHTLY_ACTIVE,Fitbit App
2024-07-25T20:49:00Z,SEDENTARY,Fitbit App
2024-07-25T21:00:00Z,SEDENTARY,Fitbit App
2024-07-25T21:01:00Z,SEDENTARY,Fitbit App
2024-07-25T21:07:00Z,SEDENTARY,Fitbit App
2024-07-25T21:10:00Z,SEDENTARY,Fitbit App
2024-07-25T21:13:00Z,SEDENTARY,Fitbit App
2024-07-25T21:19:00Z,SEDENTARY,Fitbit App
2024-07-25T21:23:00Z,SEDENTARY,Fitbit App
2024-07-25T21:26:00Z,SEDENTARY,Fitbit App
2024-07-25T21:27:00Z,SEDENTARY,Fitbit App
2024-07-25T21:28:00Z,SEDENTARY,Fitbit App
2024-07-25T21:30:00Z,SEDENTARY,Fitbit App
2024-07-25T21:34:00Z,SEDENTARY,Fitbit App
2024-07-25T21:35:00Z,SEDENTARY,Fitbit App
2024-07-25T21:36:00Z,SEDENTARY,Fitbit App
2024-07-25T21:37:00Z,LIGHTLY_ACTIVE,Fitbit App
2024-07-25T21:38:00Z,SEDENTARY,Fitbit App
2024-07-25T21:40:00Z,SEDENTARY,Fitbit App
2024-07-25T21:46:00Z,SEDENTARY,Fitbit App
2024-07-25T21:47:00Z,SEDENTARY,Fitbit App
2024-07-25T21:48:00Z,SEDENTARY,Fitbit App
2024-07-25T21:49:00Z,SEDENTARY,Fitbit App
2024-07-25T21:51:00Z,SEDENTARY,Fitbit App
2024-07-25T21:52:00Z,SEDENTARY,Fitbit App
2024-07-25T21:53:00Z,SEDENTARY,Fitbit App
2024-07-25T21:54:00Z,SEDENTARY,Fitbit App
2024-07-25T21:55:00Z,SEDENTARY,Fitbit App
2024-07-25T21:56:00Z,LIGHTLY_ACTIVE,Fitbit App
2024-07-25T21:57:00Z,SEDENTARY,Fitbit App
2024-07-25T21:58:00Z,SEDENTARY,Fitbit App
2024-07-25T21:59:00Z,SEDENTARY,Fitbit App
2024-07-25T22:00:00Z,LIGHTLY_ACTIVE,Fitbit App
2024-07-25T22:01:00Z,SEDENTARY,Fitbit App
2024-07-25T22:02:00Z,SEDENTARY,Fitbit App
2024-07-25T22:03:00Z,SEDENTARY,Fitbit App
2024-07-25T22:04:00Z,SEDENTARY,Fitbit App
2024-07-25T22:05:00Z,SEDENTARY,Fitbit App
2024-07-25T22:06:00Z,SEDENTARY,Fitbit App
2024-07-25T22:08:00Z,LIGHTLY_ACTIVE,Fitbit App
2024-07-25T22:09:00Z,LIGHTLY_ACTIVE,Fitbit App
2024-07-25T22:10:00Z,SEDENTARY,Fitbit App
2024-07-25T22:11:00Z,SEDENTARY,Fitbit App
2024-07-25T22:12:00Z,SEDENTARY,Fitbit App
2024-07-25T22:18:00Z,SEDENTARY,Fitbit App
2024-07-25T22:22:00Z,SEDENTARY,Fitbit App
2024-07-25T22:23:00Z,SEDENTARY,Fitbit App
2024-07-25T22:24:00Z,SEDENTARY,Fitbit App
2024-07-25T22:25:00Z,SEDENTARY,Fitbit App
2024-07-25T22:26:00Z,SEDENTARY,Fitbit App
2024-07-25T22:27:00Z,LIGHTLY_ACTIVE,Fitbit App
2024-07-25T22:28:00Z,SEDENTARY,Fitbit App
2024-07-25T22:31:00Z,SEDENTARY,Fitbit App
2024-07-25T22:32:00Z,SEDENTARY,Fitbit App
2024-07-25T22:33:00Z,SEDENTARY,Fitbit App
2024-07-25T22:34:00Z,SEDENTARY,Fitbit App
2024-07-25T22:35:00Z,SEDENTARY,Fitbit App
2024-07-25T22:37:00Z,SEDENTARY,Fitbit App
2024-07-25T22:38:00Z,SEDENTARY,Fitbit App
2024-07-25T22:39:00Z,SEDENTARY,Fitbit App
2024-07-25T22:40:00Z,SEDENTARY,Fitbit App
2024-07-25T22:41:00Z,SEDENTARY,Fitbit App
2024-07-25T22:42:00Z,SEDENTARY,Fitbit App
2024-07-25T22:43:00Z,SEDENTARY,Fitbit App
2024-07-25T22:45:00Z,SEDENTARY,Fitbit App
2024-07-25T22:47:00Z,SEDENTARY,Fitbit App
2024-07-25T22:48:00Z,SEDENTARY,Fitbit App
2024-07-25T22:51:00Z,SEDENTARY,Fitbit App
2024-07-25T22:52:00Z,SEDENTARY,Fitbit App
2024-07-25T22:53:00Z,LIGHTLY_ACTIVE,Fitbit App
2024-07-25T22:54:00Z,SEDENTARY,Fitbit App
2024-07-25T22:55:00Z,SEDENTARY,Fitbit App
2024-07-25T22:56:00Z,SEDENTARY,Fitbit App
2024-07-25T22:57:00Z,SEDENTARY,Fitbit App
2024-07-25T23:01:00Z,SEDENTARY,Fitbit App
2024-07-25T23:02:00Z,SEDENTARY,Fitbit App
2024-07-25T23:05:00Z,SEDENTARY,Fitbit App
2024-07-25T23:19:00Z,LIGHTLY_ACTIVE,Fitbit App
2024-07-25T23:20:00Z,LIGHTLY_ACTIVE,Fitbit App
2024-07-25T23:21:00Z,LIGHTLY_ACTIVE,Fitbit App
2024-07-25T23:22:00Z,SEDENTARY,Fitbit App
2024-07-25T23:23:00Z,SEDENTARY,Fitbit App
2024-07-25T23:24:00Z,SEDENTARY,Fitbit App
2024-07-25T23:26:00Z,SEDENTARY,Fitbit App
2024-07-25T23:27:00Z,SEDENTARY,Fitbit App
2024-07-25T23:29:00Z,SEDENTARY,Fitbit App
2024-07-25T23:35:00Z,SEDENTARY,Fitbit App
2024-07-25T23:36:00Z,SEDENTARY,Fitbit App
2024-07-25T23:39:00Z,SEDENTARY,Fitbit App
2024-07-25T23:44:00Z,LIGHTLY_ACTIVE,Fitbit App
2024-07-25T23:45:00Z,LIGHTLY_ACTIVE,Fitbit App
2024-07-25T23:46:00Z,LIGHTLY_ACTIVE,Fitbit App
2024-07-25T23:48:00Z,SEDENTARY,Fitbit App
2024-07-26T00:21:00Z,SEDENTARY,Fitbit App
2024-07-26T00:39:00Z,SEDENTARY,Fitbit App
2024-07-26T00:42:00Z,SEDENTARY,Fitbit App
2024-07-26T00:43:00Z,SEDENTARY,Fitbit App
2024-07-26T00:45:00Z,SEDENTARY,Fitbit App
2024-07-26T00:46:00Z,SEDENTARY,Fitbit App
2024-07-26T00:47:00Z,SEDENTARY,Fitbit App
2024-07-26T00:53:00Z,SEDENTARY,Fitbit App
2024-07-26T00:55:00Z,SEDENTARY,Fitbit App
2024-07-26T01:16:00Z,SEDENTARY,Fitbit App
2024-07-26T01:17:00Z,SEDENTARY,Fitbit App
2024-07-26T01:27:00Z,SEDENTARY,Fitbit App
2024-07-26T01:48:00Z,SEDENTARY,Fitbit App
2024-07-26T02:11:00Z,SEDENTARY,Fitbit App
2024-07-26T02:29:00Z,SEDENTARY,Fitbit App
2024-07-26T02:30:00Z,SEDENTARY,Fitbit App
2024-07-26T02:54:00Z,SEDENTARY,Fitbit App
2024-07-26T02:57:00Z,SEDENTARY,Fitbit App
2024-07-26T03:01:00Z,SEDENTARY,Fitbit App
2024-07-26T03:02:00Z,SEDENTARY,Fitbit App
2024-07-26T03:13:00Z,SEDENTARY,Fitbit App
2024-07-26T03:20:00Z,SEDENTARY,Fitbit App
2024-07-26T03:22:00Z,SEDENTARY,Fitbit App
2024-07-26T03:48:00Z,SEDENTARY,Fitbit App
2024-07-26T03:49:00Z,SEDENTARY,Fitbit App
2024-07-26T03:57:00Z,SEDENTARY,Fitbit App
2024-07-26T04:00:00Z,SEDENTARY,Fitbit App
2024-07-26T04:01:00Z,SEDENTARY,Fitbit App
2024-07-26T04:09:00Z,SEDENTARY,Fitbit App
2024-07-26T04:14:00Z,SEDENTARY,Fitbit App
2024-07-26T04:15:00Z,SEDENTARY,Fitbit App
2024-07-26T04:20:00Z,SEDENTARY,Fitbit App
2024-07-26T04:21:00Z,SEDENTARY,Fitbit App
2024-07-26T04:22:00Z,SEDENTARY,Fitbit App
2024-07-26T04:23:00Z,SEDENTARY,Fitbit App
2024-07-26T04:24:00Z,SEDENTARY,Fitbit App
2024-07-26T04:25:00Z,SEDENTARY,Fitbit App
2024-07-26T04:26:00Z,SEDENTARY,Fitbit App
2024-07-26T04:27:00Z,SEDENTARY,Fitbit App
2024-07-26T04:29:00Z,SEDENTARY,Fitbit App
2024-07-26T04:30:00Z,SEDENTARY,Fitbit App
2024-07-26T04:31:00Z,SEDENTARY,Fitbit App
2024-07-26T04:32:00Z,SEDENTARY,Fitbit App
2024-07-26T04:33:00Z,SEDENTARY,Fitbit App
2024-07-26T04:34:00Z,SEDENTARY,Fitbit App
2024-07-26T04:35:00Z,SEDENTARY,Fitbit App
2024-07-26T04:36:00Z,SEDENTARY,Fitbit App
2024-07-26T04:37:00Z,SEDENTARY,Fitbit App
2024-07-26T04:38:00Z,LIGHTLY_ACTIVE,Fitbit App
2024-07-26T04:39:00Z,SEDENTARY,Fitbit App
2024-07-26T04:49:00Z,SEDENTARY,Fitbit App
2024-07-26T04:50:00Z,SEDENTARY,Fitbit App
2024-07-26T04:51:00Z,LIGHTLY_ACTIVE,Fitbit App
2024-07-26T04:52:00Z,LIGHTLY_ACTIVE,Fitbit App
2024-07-26T04:53:00Z,SEDENTARY,Fitbit App
2024-07-26T04:54:00Z,SEDENTARY,Fitbit App
2024-07-26T04:55:00Z,SEDENTARY,Fitbit App
2024-07-26T04:56:00Z,SEDENTARY,Fitbit App
2024-07-26T04:57:00Z,SEDENTARY,Fitbit App
2024-07-26T04:58:00Z,SEDENTARY,Fitbit App
2024-07-26T04:59:00Z,SEDENTARY,Fitbit App
2024-07-26T05:00:00Z,SEDENTARY,Fitbit App
2024-07-26T05:01:00Z,SEDENTARY,Fitbit App
2024-07-26T05:02:00Z,SEDENTARY,Fitbit App
2024-07-26T05:03:00Z,SEDENTARY,Fitbit App
2024-07-26T05:04:00Z,LIGHTLY_ACTIVE,Fitbit App
2024-07-26T05:05:00Z,LIGHTLY_ACTIVE,Fitbit App
2024-07-26T05:06:00Z,LIGHTLY_ACTIVE,Fitbit App
2024-07-26T05:07:00Z,LIGHTLY_ACTIVE,Fitbit App
2024-07-26T05:08:00Z,LIGHTLY_ACTIVE,Fitbit App
2024-07-26T05:09:00Z,LIGHTLY_ACTIVE,Fitbit App
2024-07-26T05:10:00Z,SEDENTARY,Fitbit App
2024-07-26T05:11:00Z,LIGHTLY_ACTIVE,Fitbit App
2024-07-26T05:12:00Z,LIGHTLY_ACTIVE,Fitbit App
2024-07-26T05:13:00Z,SEDENTARY,Fitbit App
2024-07-26T05:14:00Z,SEDENTARY,Fitbit App
2024-07-26T05:15:00Z,SEDENTARY,Fitbit App
2024-07-26T05:16:00Z,LIGHTLY_ACTIVE,Fitbit App
2024-07-26T05:17:00Z,LIGHTLY_ACTIVE,Fitbit App
2024-07-26T05:18:00Z,LIGHTLY_ACTIVE,Fitbit App
2024-07-26T05:19:00Z,MODERATELY_ACTIVE,Fitbit App
2024-07-26T05:20:00Z,MODERATELY_ACTIVE,Fitbit App
2024-07-26T05:21:00Z,SEDENTARY,Fitbit App
2024-07-26T05:22:00Z,SEDENTARY,Fitbit App
2024-07-26T05:23:00Z,SEDENTARY,Fitbit App
2024-07-26T05:24:00Z,SEDENTARY,Fitbit App
2024-07-26T05:25:00Z,SEDENTARY,Fitbit App
2024-07-26T05:26:00Z,SEDENTARY,Fitbit App
2024-07-26T05:27:00Z,SEDENTARY,Fitbit App
2024-07-26T05:28:00Z,SEDENTARY,Fitbit App
2024-07-26T05:29:00Z,LIGHTLY_ACTIVE,Fitbit App
2024-07-26T05:30:00Z,LIGHTLY_ACTIVE,Fitbit App
2024-07-26T05:31:00Z,LIGHTLY_ACTIVE,Fitbit App
2024-07-26T05:32:00Z,LIGHTLY_ACTIVE,Fitbit App
2024-07-26T05:33:00Z,LIGHTLY_ACTIVE,Fitbit App
2024-07-26T05:34:00Z,LIGHTLY_ACTIVE,Fitbit App
2024-07-26T05:35:00Z,SEDENTARY,Fitbit App
2024-07-26T05:36:00Z,LIGHTLY_ACTIVE,Fitbit App
2024-07-26T05:37:00Z,LIGHTLY_ACTIVE,Fitbit App
2024-07-26T05:38:00Z,LIGHTLY_ACTIVE,Fitbit App
2024-07-26T05:39:00Z,SEDENTARY,Fitbit App
2024-07-26T05:40:00Z,SEDENTARY,Fitbit App
2024-07-26T05:41:00Z,SEDENTARY,Fitbit App
2024-07-26T05:43:00Z,SEDENTARY,Fitbit App
2024-07-26T05:45:00Z,LIGHTLY_ACTIVE,Fitbit App
2024-07-26T05:46:00Z,LIGHTLY_ACTIVE,Fitbit App
2024-07-26T05:52:00Z,SEDENTARY,Fitbit App
2024-07-26T05:53:00Z,SEDENTARY,Fitbit App
2024-07-26T05:55:00Z,LIGHTLY_ACTIVE,Fitbit App
2024-07-26T05:56:00Z,LIGHTLY_ACTIVE,Fitbit App
2024-07-26T05:57:00Z,LIGHTLY_ACTIVE,Fitbit App
2024-07-26T05:58:00Z,SEDENTARY,Fitbit App
2024-07-26T05:59:00Z,LIGHTLY_ACTIVE,Fitbit App
2024-07-26T06:00:00Z,SEDENTARY,Fitbit App
2024-07-26T06:01:00Z,SEDENTARY,Fitbit App
2024-07-26T06:02:00Z,SEDENTARY,Fitbit App
2024-07-26T06:03:00Z,SEDENTARY,Fitbit App
2024-07-26T06:04:00Z,SEDENTARY,Fitbit App
2024-07-26T06:05:00Z,SEDENTARY,Fitbit App
2024-07-26T06:06:00Z,SEDENTARY,Fitbit App
2024-07-26T06:12:00Z,SEDENTARY,Fitbit App
2024-07-26T06:13:00Z,SEDENTARY,Fitbit App
2024-07-26T06:14:00Z,LIGHTLY_ACTIVE,Fitbit App
2024-07-26T06:15:00Z,LIGHTLY_ACTIVE,Fitbit App
2024-07-26T06:16:00Z,LIGHTLY_ACTIVE,Fitbit App
2024-07-26T06:17:00Z,SEDENTARY,Fitbit App
2024-07-26T06:18:00Z,SEDENTARY,Fitbit App
2024-07-26T06:22:00Z,LIGHTLY_ACTIVE,Fitbit App
2024-07-26T06:23:00Z,MODERATELY_ACTIVE,Fitbit App
2024-07-26T06:24:00Z,LIGHTLY_ACTIVE,Fitbit App
2024-07-26T06:25:00Z,MODERATELY_ACTIVE,Fitbit App
2024-07-26T06:26:00Z,LIGHTLY_ACTIVE,Fitbit App
2024-07-26T06:27:00Z,LIGHTLY_ACTIVE,Fitbit App
2024-07-26T06:28:00Z,MODERATELY_ACTIVE,Fitbit App
2024-07-26T06:29:00Z,VERY_ACTIVE,Fitbit App
2024-07-26T06:30:00Z,VERY_ACTIVE,Fitbit App
2024-07-26T06:31:00Z,VERY_ACTIVE,Fitbit App
2024-07-26T06:32:00Z,MODERATELY_ACTIVE,Fitbit App
2024-07-26T06:33:00Z,MODERATELY_ACTIVE,Fitbit App
2024-07-26T06:34:00Z,SEDENTARY,Fitbit App
2024-07-26T06:35:00Z,SEDENTARY,Fitbit App
2024-07-26T06:36:00Z,LIGHTLY_ACTIVE,Fitbit App
2024-07-26T06:37:00Z,SEDENTARY,Fitbit App
2024-07-26T06:38:00Z,SEDENTARY,Fitbit App
2024-07-26T06:39:00Z,SEDENTARY,Fitbit App
2024-07-26T06:40:00Z,SEDENTARY,Fitbit App
2024-07-26T06:41:00Z,SEDENTARY,Fitbit App
2024-07-26T06:42:00Z,SEDENTARY,Fitbit App
2024-07-26T06:43:00Z,SEDENTARY,Fitbit App
2024-07-26T06:44:00Z,SEDENTARY,Fitbit App
2024-07-26T06:45:00Z,SEDENTARY,Fitbit App
2024-07-26T06:46:00Z,SEDENTARY,Fitbit App
2024-07-26T06:47:00Z,SEDENTARY,Fitbit App
2024-07-26T06:48:00Z,SEDENTARY,Fitbit App
2024-07-26T06:49:00Z,SEDENTARY,Fitbit App
2024-07-26T06:50:00Z,SEDENTARY,Fitbit App
2024-07-26T06:51:00Z,SEDENTARY,Fitbit App
2024-07-26T06:52:00Z,SEDENTARY,Fitbit App
2024-07-26T06:53:00Z,SEDENTARY,Fitbit App
2024-07-26T06:54:00Z,SEDENTARY,Fitbit App
2024-07-26T06:55:00Z,SEDENTARY,Fitbit App
2024-07-26T06:56:00Z,SEDENTARY,Fitbit App
2024-07-26T06:57:00Z,SEDENTARY,Fitbit App
2024-07-26T06:58:00Z,MODERATELY_ACTIVE,Fitbit App
2024-07-26T06:59:00Z,VERY_ACTIVE,Fitbit App
2024-07-26T07:00:00Z,MODERATELY_ACTIVE,Fitbit App
2024-07-26T07:01:00Z,VERY_ACTIVE,Fitbit App
2024-07-26T07:02:00Z,VERY_ACTIVE,Fitbit App
2024-07-26T07:03:00Z,VERY_ACTIVE,Fitbit App
2024-07-26T07:04:00Z,VERY_ACTIVE,Fitbit App
2024-07-26T07:05:00Z,VERY_ACTIVE,Fitbit App
2024-07-26T07:06:00Z,VERY_ACTIVE,Fitbit App
2024-07-26T07:07:00Z,MODERATELY_ACTIVE,Fitbit App
2024-07-26T07:08:00Z,MODERATELY_ACTIVE,Fitbit App
2024-07-26T07:09:00Z,MODERATELY_ACTIVE,Fitbit App
2024-07-26T07:10:00Z,MODERATELY_ACTIVE,Fitbit App
2024-07-26T07:11:00Z,MODERATELY_ACTIVE,Fitbit App
2024-07-26T07:12:00Z,SEDENTARY,Fitbit App
2024-07-26T07:13:00Z,SEDENTARY,Fitbit App
2024-07-26T07:14:00Z,SEDENTARY,Fitbit App
2024-07-26T07:15:00Z,SEDENTARY,Fitbit App
2024-07-26T07:16:00Z,VERY_ACTIVE,Fitbit App
2024-07-26T07:17:00Z,MODERATELY_ACTIVE,Fitbit App
2024-07-26T07:18:00Z,MODERATELY_ACTIVE,Fitbit App
2024-07-26T07:19:00Z,LIGHTLY_ACTIVE,Fitbit App
2024-07-26T07:20:00Z,SEDENTARY,Fitbit App
2024-07-26T07:21:00Z,SEDENTARY,Fitbit App
2024-07-26T07:22:00Z,SEDENTARY,Fitbit App
2024-07-26T07:23:00Z,SEDENTARY,Fitbit App
2024-07-26T07:24:00Z,SEDENTARY,Fitbit App
2024-07-26T07:25:00Z,SEDENTARY,Fitbit App
2024-07-26T07:26:00Z,SEDENTARY,Fitbit App
2024-07-26T07:27:00Z,SEDENTARY,Fitbit App
2024-07-26T07:28:00Z,SEDENTARY,Fitbit App
2024-07-26T07:29:00Z,SEDENTARY,Fitbit App
2024-07-26T07:30:00Z,MODERATELY_ACTIVE,Fitbit App
2024-07-26T07:31:00Z,SEDENTARY,Fitbit App
2024-07-26T07:32:00Z,SEDENTARY,Fitbit App
2024-07-26T07:33:00Z,SEDENTARY,Fitbit App
2024-07-26T07:34:00Z,SEDENTARY,Fitbit App
2024-07-26T07:35:00Z,SEDENTARY,Fitbit App
2024-07-26T07:36:00Z,SEDENTARY,Fitbit App
2024-07-26T07:37:00Z,SEDENTARY,Fitbit App
2024-07-26T07:38:00Z,SEDENTARY,Fitbit App
2024-07-26T07:39:00Z,SEDENTARY,Fitbit App
2024-07-26T07:40:00Z,SEDENTARY,Fitbit App
2024-07-26T07:41:00Z,SEDENTARY,Fitbit App
2024-07-26T07:42:00Z,SEDENTARY,Fitbit App
2024-07-26T07:43:00Z,SEDENTARY,Fitbit App
2024-07-26T07:44:00Z,SEDENTARY,Fitbit App
2024-07-26T07:45:00Z,SEDENTARY,Fitbit App
2024-07-26T07:46:00Z,SEDENTARY,Fitbit App
2024-07-26T07:47:00Z,SEDENTARY,Fitbit App
2024-07-26T07:48:00Z,SEDENTARY,Fitbit App
2024-07-26T07:49:00Z,SEDENTARY,Fitbit App
2024-07-26T07:50:00Z,SEDENTARY,Fitbit App
2024-07-26T07:51:00Z,SEDENTARY,Fitbit App
2024-07-26T07:52:00Z,SEDENTARY,Fitbit App
2024-07-26T07:53:00Z,SEDENTARY,Fitbit App
2024-07-26T07:54:00Z,SEDENTARY,Fitbit App
2024-07-26T07:55:00Z,SEDENTARY,Fitbit App
2024-07-26T07:56:00Z,SEDENTARY,Fitbit App
2024-07-26T07:57:00Z,LIGHTLY_ACTIVE,Fitbit App
2024-07-26T07:58:00Z,SEDENTARY,Fitbit App
2024-07-26T07:59:00Z,SEDENTARY,Fitbit App
2024-07-26T08:00:00Z,SEDENTARY,Fitbit App
2024-07-26T08:01:00Z,SEDENTARY,Fitbit App
2024-07-26T08:02:00Z,SEDENTARY,Fitbit App
2024-07-26T08:03:00Z,SEDENTARY,Fitbit App
2024-07-26T08:05:00Z,SEDENTARY,Fitbit App
2024-07-26T08:06:00Z,SEDENTARY,Fitbit App
2024-07-26T08:07:00Z,SEDENTARY,Fitbit App
2024-07-26T08:08:00Z,SEDENTARY,Fitbit App
2024-07-26T08:09:00Z,SEDENTARY,Fitbit App
2024-07-26T08:10:00Z,SEDENTARY,Fitbit App
2024-07-26T08:11:00Z,SEDENTARY,Fitbit App
2024-07-26T08:12:00Z,SEDENTARY,Fitbit App
2024-07-26T08:13:00Z,SEDENTARY,Fitbit App
2024-07-26T08:14:00Z,SEDENTARY,Fitbit App
2024-07-26T08:15:00Z,SEDENTARY,Fitbit App
2024-07-26T08:16:00Z,SEDENTARY,Fitbit App
2024-07-26T08:17:00Z,SEDENTARY,Fitbit App
2024-07-26T08:18:00Z,SEDENTARY,Fitbit App
2024-07-26T08:19:00Z,LIGHTLY_ACTIVE,Fitbit App
2024-07-26T08:20:00Z,SEDENTARY,Fitbit App
2024-07-26T08:21:00Z,SEDENTARY,Fitbit App
2024-07-26T08:22:00Z,SEDENTARY,Fitbit App
2024-07-26T08:23:00Z,SEDENTARY,Fitbit App
2024-07-26T08:24:00Z,SEDENTARY,Fitbit App
2024-07-26T08:25:00Z,SEDENTARY,Fitbit App
2024-07-26T08:26:00Z,SEDENTARY,Fitbit App
2024-07-26T08:27:00Z,SEDENTARY,Fitbit App
2024-07-26T08:28:00Z,SEDENTARY,Fitbit App
2024-07-26T08:29:00Z,LIGHTLY_ACTIVE,Fitbit App
2024-07-26T08:30:00Z,MODERATELY_ACTIVE,Fitbit App
2024-07-26T08:31:00Z,VERY_ACTIVE,Fitbit App
2024-07-26T08:32:00Z,VERY_ACTIVE,Fitbit App
2024-07-26T08:33:00Z,MODERATELY_ACTIVE,Fitbit App
2024-07-26T08:34:00Z,VERY_ACTIVE,Fitbit App
2024-07-26T08:35:00Z,VERY_ACTIVE,Fitbit App
2024-07-26T08:36:00Z,LIGHTLY_ACTIVE,Fitbit App
2024-07-26T08:37:00Z,SEDENTARY,Fitbit App
2024-07-26T08:38:00Z,LIGHTLY_ACTIVE,Fitbit App
2024-07-26T08:39:00Z,LIGHTLY_ACTIVE,Fitbit App
2024-07-26T08:40:00Z,LIGHTLY_ACTIVE,Fitbit App
2024-07-26T08:41:00Z,LIGHTLY_ACTIVE,Fitbit App
2024-07-26T08:42:00Z,LIGHTLY_ACTIVE,Fitbit App
2024-07-26T08:43:00Z,LIGHTLY_ACTIVE,Fitbit App
2024-07-26T08:44:00Z,SEDENTARY,Fitbit App
2024-07-26T08:45:00Z,SEDENTARY,Fitbit App
2024-07-26T08:46:00Z,MODERATELY_ACTIVE,Fitbit App
2024-07-26T08:47:00Z,LIGHTLY_ACTIVE,Fitbit App
2024-07-26T08:48:00Z,LIGHTLY_ACTIVE,Fitbit App
2024-07-26T08:49:00Z,SEDENTARY,Fitbit App
2024-07-26T08:50:00Z,LIGHTLY_ACTIVE,Fitbit App
2024-07-26T08:51:00Z,LIGHTLY_ACTIVE,Fitbit App
2024-07-26T08:52:00Z,LIGHTLY_ACTIVE,Fitbit App
2024-07-26T08:53:00Z,LIGHTLY_ACTIVE,Fitbit App
2024-07-26T08:54:00Z,LIGHTLY_ACTIVE,Fitbit App
2024-07-26T08:55:00Z,SEDENTARY,Fitbit App
2024-07-26T08:56:00Z,SEDENTARY,Fitbit App
2024-07-26T08:57:00Z,SEDENTARY,Fitbit App
2024-07-26T08:58:00Z,SEDENTARY,Fitbit App
2024-07-26T08:59:00Z,SEDENTARY,Fitbit App
2024-07-26T09:00:00Z,SEDENTARY,Fitbit App
2024-07-26T09:01:00Z,LIGHTLY_ACTIVE,Fitbit App
2024-07-26T09:02:00Z,LIGHTLY_ACTIVE,Fitbit App
2024-07-26T09:03:00Z,LIGHTLY_ACTIVE,Fitbit App
2024-07-26T09:04:00Z,SEDENTARY,Fitbit App
2024-07-26T09:05:00Z,SEDENTARY,Fitbit App
2024-07-26T09:06:00Z,SEDENTARY,Fitbit App
2024-07-26T09:07:00Z,SEDENTARY,Fitbit App
2024-07-26T09:08:00Z,SEDENTARY,Fitbit App
2024-07-26T09:09:00Z,SEDENTARY,Fitbit App
2024-07-26T09:10:00Z,SEDENTARY,Fitbit App
2024-07-26T09:11:00Z,SEDENTARY,Fitbit App
2024-07-26T09:12:00Z,LIGHTLY_ACTIVE,Fitbit App
2024-07-26T09:13:00Z,MODERATELY_ACTIVE,Fitbit App
2024-07-26T09:14:00Z,LIGHTLY_ACTIVE,Fitbit App
2024-07-26T09:15:00Z,LIGHTLY_ACTIVE,Fitbit App
2024-07-26T09:16:00Z,SEDENTARY,Fitbit App
2024-07-26T09:17:00Z,SEDENTARY,Fitbit App
2024-07-26T09:18:00Z,SEDENTARY,Fitbit App
2024-07-26T09:19:00Z,SEDENTARY,Fitbit App
2024-07-26T09:20:00Z,SEDENTARY,Fitbit App
2024-07-26T09:21:00Z,SEDENTARY,Fitbit App
2024-07-26T09:22:00Z,LIGHTLY_ACTIVE,Fitbit App
2024-07-26T09:23:00Z,LIGHTLY_ACTIVE,Fitbit App
2024-07-26T09:24:00Z,LIGHTLY_ACTIVE,Fitbit App
2024-07-26T09:25:00Z,MODERATELY_ACTIVE,Fitbit App
2024-07-26T09:26:00Z,MODERATELY_ACTIVE,Fitbit App
2024-07-26T09:27:00Z,MODERATELY_ACTIVE,Fitbit App
2024-07-26T09:28:00Z,MODERATELY_ACTIVE,Fitbit App
2024-07-26T09:29:00Z,LIGHTLY_ACTIVE,Fitbit App
2024-07-26T09:30:00Z,SEDENTARY,Fitbit App
2024-07-26T09:31:00Z,SEDENTARY,Fitbit App
2024-07-26T09:32:00Z,LIGHTLY_ACTIVE,Fitbit App
2024-07-26T09:33:00Z,LIGHTLY_ACTIVE,Fitbit App
2024-07-26T09:34:00Z,LIGHTLY_ACTIVE,Fitbit App
2024-07-26T09:35:00Z,SEDENTARY,Fitbit App
2024-07-26T09:36:00Z,MODERATELY_ACTIVE,Fitbit App
2024-07-26T09:37:00Z,SEDENTARY,Fitbit App
2024-07-26T09:38:00Z,SEDENTARY,Fitbit App
2024-07-26T09:39:00Z,SEDENTARY,Fitbit App
2024-07-26T09:40:00Z,SEDENTARY,Fitbit App
2024-07-26T09:41:00Z,SEDENTARY,Fitbit App
2024-07-26T09:42:00Z,SEDENTARY,Fitbit App
2024-07-26T09:43:00Z,LIGHTLY_ACTIVE,Fitbit App
2024-07-26T09:44:00Z,SEDENTARY,Fitbit App
2024-07-26T09:45:00Z,SEDENTARY,Fitbit App
2024-07-26T09:46:00Z,SEDENTARY,Fitbit App
2024-07-26T09:47:00Z,SEDENTARY,Fitbit App
2024-07-26T09:48:00Z,SEDENTARY,Fitbit App
2024-07-26T09:49:00Z,SEDENTARY,Fitbit App
2024-07-26T09:50:00Z,SEDENTARY,Fitbit App
2024-07-26T09:51:00Z,SEDENTARY,Fitbit App
2024-07-26T09:52:00Z,SEDENTARY,Fitbit App
2024-07-26T09:53:00Z,SEDENTARY,Fitbit App
2024-07-26T09:54:00Z,SEDENTARY,Fitbit App
2024-07-26T09:55:00Z,SEDENTARY,Fitbit App
2024-07-26T09:56:00Z,SEDENTARY,Fitbit App
2024-07-26T09:57:00Z,SEDENTARY,Fitbit App
2024-07-26T09:58:00Z,SEDENTARY,Fitbit App
2024-07-26T09:59:00Z,SEDENTARY,Fitbit App
2024-07-26T10:00:00Z,SEDENTARY,Fitbit App
2024-07-26T10:01:00Z,SEDENTARY,Fitbit App
2024-07-26T10:02:00Z,SEDENTARY,Fitbit App
2024-07-26T10:03:00Z,SEDENTARY,Fitbit App
2024-07-26T10:04:00Z,SEDENTARY,Fitbit App
2024-07-26T10:05:00Z,SEDENTARY,Fitbit App
2024-07-26T10:06:00Z,SEDENTARY,Fitbit App
2024-07-26T10:07:00Z,SEDENTARY,Fitbit App
2024-07-26T10:08:00Z,SEDENTARY,Fitbit App
2024-07-26T10:09:00Z,SEDENTARY,Fitbit App
2024-07-26T10:10:00Z,SEDENTARY,Fitbit App
2024-07-26T10:11:00Z,SEDENTARY,Fitbit App
2024-07-26T10:12:00Z,SEDENTARY,Fitbit App
2024-07-26T10:14:00Z,SEDENTARY,Fitbit App
2024-07-26T10:15:00Z,LIGHTLY_ACTIVE,Fitbit App
2024-07-26T10:16:00Z,SEDENTARY,Fitbit App
2024-07-26T10:17:00Z,SEDENTARY,Fitbit App
2024-07-26T10:18:00Z,SEDENTARY,Fitbit App
2024-07-26T10:19:00Z,SEDENTARY,Fitbit App
2024-07-26T10:20:00Z,SEDENTARY,Fitbit App
2024-07-26T10:21:00Z,SEDENTARY,Fitbit App
2024-07-26T10:22:00Z,SEDENTARY,Fitbit App
2024-07-26T10:23:00Z,SEDENTARY,Fitbit App
2024-07-26T10:24:00Z,SEDENTARY,Fitbit App
2024-07-26T10:25:00Z,SEDENTARY,Fitbit App
2024-07-26T10:26:00Z,SEDENTARY,Fitbit App
2024-07-26T10:27:00Z,MODERATELY_ACTIVE,Fitbit App
2024-07-26T10:28:00Z,MODERATELY_ACTIVE,Fitbit App
2024-07-26T10:29:00Z,LIGHTLY_ACTIVE,Fitbit App
2024-07-26T10:30:00Z,SEDENTARY,Fitbit App
2024-07-26T10:31:00Z,SEDENTARY,Fitbit App
2024-07-26T10:32:00Z,SEDENTARY,Fitbit App
2024-07-26T10:33:00Z,SEDENTARY,Fitbit App
2024-07-26T10:34:00Z,SEDENTARY,Fitbit App
2024-07-26T10:35:00Z,SEDENTARY,Fitbit App
2024-07-26T10:36:00Z,SEDENTARY,Fitbit App
2024-07-26T10:37:00Z,SEDENTARY,Fitbit App
2024-07-26T10:38:00Z,SEDENTARY,Fitbit App
2024-07-26T10:39:00Z,SEDENTARY,Fitbit App
2024-07-26T10:40:00Z,LIGHTLY_ACTIVE,Fitbit App
2024-07-26T10:41:00Z,LIGHTLY_ACTIVE,Fitbit App
2024-07-26T10:42:00Z,SEDENTARY,Fitbit App
2024-07-26T10:43:00Z,SEDENTARY,Fitbit App
2024-07-26T10:44:00Z,SEDENTARY,Fitbit App
2024-07-26T10:45:00Z,SEDENTARY,Fitbit App
2024-07-26T10:46:00Z,SEDENTARY,Fitbit App
2024-07-26T10:47:00Z,LIGHTLY_ACTIVE,Fitbit App
2024-07-26T10:48:00Z,SEDENTARY,Fitbit App
2024-07-26T10:49:00Z,SEDENTARY,Fitbit App
2024-07-26T10:50:00Z,SEDENTARY,Fitbit App
2024-07-26T10:51:00Z,SEDENTARY,Fitbit App
2024-07-26T10:52:00Z,SEDENTARY,Fitbit App
2024-07-26T10:53:00Z,SEDENTARY,Fitbit App
2024-07-26T10:54:00Z,SEDENTARY,Fitbit App
2024-07-26T10:55:00Z,SEDENTARY,Fitbit App
2024-07-26T10:56:00Z,SEDENTARY,Fitbit App
2024-07-26T10:57:00Z,SEDENTARY,Fitbit App
2024-07-26T10:58:00Z,SEDENTARY,Fitbit App
2024-07-26T10:59:00Z,LIGHTLY_ACTIVE,Fitbit App
2024-07-26T11:00:00Z,SEDENTARY,Fitbit App
2024-07-26T11:01:00Z,SEDENTARY,Fitbit App
2024-07-26T11:02:00Z,SEDENTARY,Fitbit App
2024-07-26T11:03:00Z,SEDENTARY,Fitbit App
2024-07-26T11:04:00Z,SEDENTARY,Fitbit App
2024-07-26T11:05:00Z,SEDENTARY,Fitbit App
2024-07-26T11:06:00Z,SEDENTARY,Fitbit App
2024-07-26T11:07:00Z,SEDENTARY,Fitbit App
2024-07-26T11:08:00Z,SEDENTARY,Fitbit App
2024-07-26T11:09:00Z,LIGHTLY_ACTIVE,Fitbit App
2024-07-26T11:10:00Z,SEDENTARY,Fitbit App
2024-07-26T11:11:00Z,SEDENTARY,Fitbit App
2024-07-26T11:12:00Z,SEDENTARY,Fitbit App
2024-07-26T11:13:00Z,SEDENTARY,Fitbit App
2024-07-26T11:14:00Z,SEDENTARY,Fitbit App
2024-07-26T11:15:00Z,SEDENTARY,Fitbit App
2024-07-26T11:16:00Z,SEDENTARY,Fitbit App
2024-07-26T11:17:00Z,SEDENTARY,Fitbit App
2024-07-26T11:18:00Z,SEDENTARY,Fitbit App
2024-07-26T11:19:00Z,SEDENTARY,Fitbit App
2024-07-26T11:20:00Z,SEDENTARY,Fitbit App
2024-07-26T11:21:00Z,SEDENTARY,Fitbit App
2024-07-26T11:22:00Z,LIGHTLY_ACTIVE,Fitbit App
2024-07-26T11:23:00Z,SEDENTARY,Fitbit App
2024-07-26T11:24:00Z,SEDENTARY,Fitbit App
2024-07-26T11:25:00Z,SEDENTARY,Fitbit App
2024-07-26T11:26:00Z,LIGHTLY_ACTIVE,Fitbit App
2024-07-26T11:27:00Z,SEDENTARY,Fitbit App
2024-07-26T11:28:00Z,SEDENTARY,Fitbit App
2024-07-26T11:29:00Z,SEDENTARY,Fitbit App
2024-07-26T11:30:00Z,SEDENTARY,Fitbit App
2024-07-26T11:31:00Z,SEDENTARY,Fitbit App
2024-07-26T11:32:00Z,SEDENTARY,Fitbit App
2024-07-26T11:33:00Z,SEDENTARY,Fitbit App
2024-07-26T11:34:00Z,SEDENTARY,Fitbit App
2024-07-26T11:35:00Z,SEDENTARY,Fitbit App
2024-07-26T11:36:00Z,SEDENTARY,Fitbit App
2024-07-26T11:37:00Z,SEDENTARY,Fitbit App
2024-07-26T11:38:00Z,SEDENTARY,Fitbit App
2024-07-26T11:39:00Z,SEDENTARY,Fitbit App
2024-07-26T11:40:00Z,SEDENTARY,Fitbit App
2024-07-26T11:41:00Z,SEDENTARY,Fitbit App
2024-07-26T11:42:00Z,SEDENTARY,Fitbit App
2024-07-26T11:43:00Z,SEDENTARY,Fitbit App
2024-07-26T11:44:00Z,SEDENTARY,Fitbit App
2024-07-26T11:45:00Z,SEDENTARY,Fitbit App
2024-07-26T11:46:00Z,SEDENTARY,Fitbit App
2024-07-26T11:47:00Z,SEDENTARY,Fitbit App
2024-07-26T11:48:00Z,SEDENTARY,Fitbit App
2024-07-26T11:49:00Z,SEDENTARY,Fitbit App
2024-07-26T11:50:00Z,SEDENTARY,Fitbit App
2024-07-26T11:51:00Z,SEDENTARY,Fitbit App
2024-07-26T11:52:00Z,SEDENTARY,Fitbit App
2024-07-26T11:53:00Z,SEDENTARY,Fitbit App
2024-07-26T11:54:00Z,SEDENTARY,Fitbit App
2024-07-26T11:55:00Z,SEDENTARY,Fitbit App
2024-07-26T11:56:00Z,SEDENTARY,Fitbit App
2024-07-26T11:57:00Z,SEDENTARY,Fitbit App
2024-07-26T11:58:00Z,SEDENTARY,Fitbit App
2024-07-26T11:59:00Z,SEDENTARY,Fitbit App
2024-07-26T12:00:00Z,SEDENTARY,Fitbit App
2024-07-26T12:01:00Z,LIGHTLY_ACTIVE,Fitbit App
2024-07-26T12:02:00Z,SEDENTARY,Fitbit App
2024-07-26T12:03:00Z,SEDENTARY,Fitbit App
2024-07-26T12:04:00Z,SEDENTARY,Fitbit App
2024-07-26T12:05:00Z,SEDENTARY,Fitbit App
2024-07-26T12:06:00Z,SEDENTARY,Fitbit App
2024-07-26T12:07:00Z,SEDENTARY,Fitbit App
2024-07-26T12:08:00Z,SEDENTARY,Fitbit App
2024-07-26T12:09:00Z,SEDENTARY,Fitbit App
2024-07-26T12:10:00Z,SEDENTARY,Fitbit App
2024-07-26T12:11:00Z,SEDENTARY,Fitbit App
2024-07-26T12:12:00Z,SEDENTARY,Fitbit App
2024-07-26T12:13:00Z,SEDENTARY,Fitbit App
2024-07-26T12:14:00Z,SEDENTARY,Fitbit App
2024-07-26T12:15:00Z,SEDENTARY,Fitbit App
2024-07-26T12:16:00Z,SEDENTARY,Fitbit App
2024-07-26T12:17:00Z,SEDENTARY,Fitbit App
2024-07-26T12:18:00Z,SEDENTARY,Fitbit App
2024-07-26T12:19:00Z,SEDENTARY,Fitbit App
2024-07-26T12:20:00Z,SEDENTARY,Fitbit App
2024-07-26T12:21:00Z,SEDENTARY,Fitbit App
2024-07-26T12:22:00Z,SEDENTARY,Fitbit App
2024-07-26T12:23:00Z,LIGHTLY_ACTIVE,Fitbit App
2024-07-26T12:24:00Z,SEDENTARY,Fitbit App
2024-07-26T12:25:00Z,SEDENTARY,Fitbit App
2024-07-26T12:26:00Z,SEDENTARY,Fitbit App
2024-07-26T12:27:00Z,SEDENTARY,Fitbit App
2024-07-26T12:28:00Z,SEDENTARY,Fitbit App
2024-07-26T12:29:00Z,SEDENTARY,Fitbit App
2024-07-26T12:30:00Z,SEDENTARY,Fitbit App
2024-07-26T12:31:00Z,SEDENTARY,Fitbit App
2024-07-26T12:32:00Z,SEDENTARY,Fitbit App
2024-07-26T12:33:00Z,SEDENTARY,Fitbit App
2024-07-26T12:34:00Z,SEDENTARY,Fitbit App
2024-07-26T12:35:00Z,SEDENTARY,Fitbit App
2024-07-26T12:36:00Z,SEDENTARY,Fitbit App
2024-07-26T12:37:00Z,SEDENTARY,Fitbit App
2024-07-26T12:38:00Z,SEDENTARY,Fitbit App
2024-07-26T12:39:00Z,SEDENTARY,Fitbit App
2024-07-26T12:40:00Z,LIGHTLY_ACTIVE,Fitbit App
2024-07-26T12:41:00Z,MODERATELY_ACTIVE,Fitbit App
2024-07-26T12:42:00Z,SEDENTARY,Fitbit App
2024-07-26T12:43:00Z,SEDENTARY,Fitbit App
2024-07-26T12:44:00Z,SEDENTARY,Fitbit App
2024-07-26T12:45:00Z,LIGHTLY_ACTIVE,Fitbit App
2024-07-26T12:46:00Z,SEDENTARY,Fitbit App
2024-07-26T12:47:00Z,SEDENTARY,Fitbit App
2024-07-26T12:48:00Z,SEDENTARY,Fitbit App
2024-07-26T12:49:00Z,SEDENTARY,Fitbit App
2024-07-26T12:50:00Z,SEDENTARY,Fitbit App
2024-07-26T12:51:00Z,LIGHTLY_ACTIVE,Fitbit App
2024-07-26T12:52:00Z,LIGHTLY_ACTIVE,Fitbit App
2024-07-26T12:53:00Z,SEDENTARY,Fitbit App
2024-07-26T12:54:00Z,SEDENTARY,Fitbit App
2024-07-26T12:55:00Z,LIGHTLY_ACTIVE,Fitbit App
2024-07-26T12:56:00Z,SEDENTARY,Fitbit App
2024-07-26T12:57:00Z,SEDENTARY,Fitbit App
2024-07-26T12:58:00Z,SEDENTARY,Fitbit App
2024-07-26T12:59:00Z,SEDENTARY,Fitbit App
2024-07-26T13:00:00Z,LIGHTLY_ACTIVE,Fitbit App
2024-07-26T13:01:00Z,LIGHTLY_ACTIVE,Fitbit App
2024-07-26T13:02:00Z,SEDENTARY,Fitbit App
2024-07-26T13:03:00Z,MODERATELY_ACTIVE,Fitbit App
2024-07-26T13:04:00Z,VERY_ACTIVE,Fitbit App
2024-07-26T13:05:00Z,VERY_ACTIVE,Fitbit App
2024-07-26T13:06:00Z,LIGHTLY_ACTIVE,Fitbit App
2024-07-26T13:07:00Z,SEDENTARY,Fitbit App
2024-07-26T13:08:00Z,SEDENTARY,Fitbit App
2024-07-26T13:09:00Z,SEDENTARY,Fitbit App
2024-07-26T13:10:00Z,SEDENTARY,Fitbit App
2024-07-26T13:11:00Z,LIGHTLY_ACTIVE,Fitbit App
2024-07-26T13:12:00Z,SEDENTARY,Fitbit App
2024-07-26T13:13:00Z,SEDENTARY,Fitbit App
2024-07-26T13:14:00Z,LIGHTLY_ACTIVE,Fitbit App
2024-07-26T13:15:00Z,SEDENTARY,Fitbit App
2024-07-26T13:16:00Z,LIGHTLY_ACTIVE,Fitbit App
2024-07-26T13:17:00Z,MODERATELY_ACTIVE,Fitbit App
2024-07-26T13:18:00Z,MODERATELY_ACTIVE,Fitbit App
2024-07-26T13:19:00Z,LIGHTLY_ACTIVE,Fitbit App
2024-07-26T13:20:00Z,SEDENTARY,Fitbit App
2024-07-26T13:21:00Z,SEDENTARY,Fitbit App
2024-07-26T13:22:00Z,SEDENTARY,Fitbit App
2024-07-26T13:23:00Z,LIGHTLY_ACTIVE,Fitbit App
2024-07-26T13:24:00Z,SEDENTARY,Fitbit App
2024-07-26T13:25:00Z,LIGHTLY_ACTIVE,Fitbit App
2024-07-26T13:26:00Z,MODERATELY_ACTIVE,Fitbit App
2024-07-26T13:27:00Z,MODERATELY_ACTIVE,Fitbit App
2024-07-26T13:28:00Z,SEDENTARY,Fitbit App
2024-07-26T13:29:00Z,SEDENTARY,Fitbit App
2024-07-26T13:30:00Z,LIGHTLY_ACTIVE,Fitbit App
2024-07-26T13:31:00Z,SEDENTARY,Fitbit App
2024-07-26T13:32:00Z,SEDENTARY,Fitbit App
2024-07-26T13:33:00Z,SEDENTARY,Fitbit App
2024-07-26T13:34:00Z,SEDENTARY,Fitbit App
2024-07-26T13:35:00Z,SEDENTARY,Fitbit App
2024-07-26T13:36:00Z,SEDENTARY,Fitbit App
2024-07-26T13:37:00Z,LIGHTLY_ACTIVE,Fitbit App
2024-07-26T13:38:00Z,SEDENTARY,Fitbit App
2024-07-26T13:39:00Z,MODERATELY_ACTIVE,Fitbit App
2024-07-26T13:40:00Z,VERY_ACTIVE,Fitbit App
2024-07-26T13:41:00Z,VERY_ACTIVE,Fitbit App
2024-07-26T13:42:00Z,VERY_ACTIVE,Fitbit App
2024-07-26T13:43:00Z,VERY_ACTIVE,Fitbit App
2024-07-26T13:44:00Z,VERY_ACTIVE,Fitbit App
2024-07-26T13:45:00Z,VERY_ACTIVE,Fitbit App
2024-07-26T13:46:00Z,MODERATELY_ACTIVE,Fitbit App
2024-07-26T13:47:00Z,VERY_ACTIVE,Fitbit App
2024-07-26T13:48:00Z,VERY_ACTIVE,Fitbit App
2024-07-26T13:49:00Z,VERY_ACTIVE,Fitbit App
2024-07-26T13:50:00Z,VERY_ACTIVE,Fitbit App
2024-07-26T13:51:00Z,VERY_ACTIVE,Fitbit App
2024-07-26T13:52:00Z,MODERATELY_ACTIVE,Fitbit App
2024-07-26T13:53:00Z,VERY_ACTIVE,Fitbit App
2024-07-26T13:54:00Z,VERY_ACTIVE,Fitbit App
2024-07-26T13:55:00Z,MODERATELY_ACTIVE,Fitbit App
2024-07-26T13:56:00Z,MODERATELY_ACTIVE,Fitbit App
2024-07-26T13:57:00Z,MODERATELY_ACTIVE,Fitbit App
2024-07-26T13:58:00Z,LIGHTLY_ACTIVE,Fitbit App
2024-07-26T13:59:00Z,MODERATELY_ACTIVE,Fitbit App
2024-07-26T14:00:00Z,LIGHTLY_ACTIVE,Fitbit App
2024-07-26T14:01:00Z,LIGHTLY_ACTIVE,Fitbit App
2024-07-26T14:02:00Z,SEDENTARY,Fitbit App
2024-07-26T14:03:00Z,LIGHTLY_ACTIVE,Fitbit App
2024-07-26T14:04:00Z,SEDENTARY,Fitbit App
2024-07-26T14:05:00Z,SEDENTARY,Fitbit App
2024-07-26T14:06:00Z,SEDENTARY,Fitbit App
2024-07-26T14:07:00Z,LIGHTLY_ACTIVE,Fitbit App
2024-07-26T14:08:00Z,LIGHTLY_ACTIVE,Fitbit App
2024-07-26T14:09:00Z,LIGHTLY_ACTIVE,Fitbit App
2024-07-26T14:10:00Z,SEDENTARY,Fitbit App
2024-07-26T14:11:00Z,SEDENTARY,Fitbit App
2024-07-26T14:12:00Z,LIGHTLY_ACTIVE,Fitbit App
2024-07-26T14:13:00Z,LIGHTLY_ACTIVE,Fitbit App
2024-07-26T14:14:00Z,SEDENTARY,Fitbit App
2024-07-26T14:15:00Z,LIGHTLY_ACTIVE,Fitbit App
2024-07-26T14:16:00Z,MODERATELY_ACTIVE,Fitbit App
2024-07-26T14:17:00Z,LIGHTLY_ACTIVE,Fitbit App
2024-07-26T14:18:00Z,SEDENTARY,Fitbit App
2024-07-26T14:19:00Z,LIGHTLY_ACTIVE,Fitbit App
2024-07-26T14:20:00Z,SEDENTARY,Fitbit App
2024-07-26T14:21:00Z,SEDENTARY,Fitbit App
2024-07-26T14:22:00Z,SEDENTARY,Fitbit App
2024-07-26T14:23:00Z,SEDENTARY,Fitbit App
2024-07-26T14:24:00Z,SEDENTARY,Fitbit App
2024-07-26T14:25:00Z,SEDENTARY,Fitbit App
2024-07-26T14:26:00Z,SEDENTARY,Fitbit App
2024-07-26T14:27:00Z,SEDENTARY,Fitbit App
2024-07-26T14:28:00Z,SEDENTARY,Fitbit App
2024-07-26T14:29:00Z,SEDENTARY,Fitbit App
2024-07-26T14:30:00Z,SEDENTARY,Fitbit App
2024-07-26T14:31:00Z,SEDENTARY,Fitbit App
2024-07-26T14:32:00Z,SEDENTARY,Fitbit App
2024-07-26T14:33:00Z,SEDENTARY,Fitbit App
2024-07-26T14:34:00Z,LIGHTLY_ACTIVE,Fitbit App
2024-07-26T14:35:00Z,LIGHTLY_ACTIVE,Fitbit App
2024-07-26T14:36:00Z,LIGHTLY_ACTIVE,Fitbit App
2024-07-26T14:37:00Z,SEDENTARY,Fitbit App
2024-07-26T14:38:00Z,SEDENTARY,Fitbit App
2024-07-26T14:39:00Z,LIGHTLY_ACTIVE,Fitbit App
2024-07-26T14:40:00Z,SEDENTARY,Fitbit App
2024-07-26T14:41:00Z,SEDENTARY,Fitbit App
2024-07-26T14:42:00Z,SEDENTARY,Fitbit App
2024-07-26T14:43:00Z,SEDENTARY,Fitbit App
2024-07-26T14:44:00Z,SEDENTARY,Fitbit App
2024-07-26T14:45:00Z,SEDENTARY,Fitbit App
2024-07-26T14:46:00Z,LIGHTLY_ACTIVE,Fitbit App
2024-07-26T14:47:00Z,LIGHTLY_ACTIVE,Fitbit App
2024-07-26T14:48:00Z,SEDENTARY,Fitbit App
2024-07-26T14:49:00Z,SEDENTARY,Fitbit App
2024-07-26T14:50:00Z,SEDENTARY,Fitbit App
2024-07-26T14:51:00Z,SEDENTARY,Fitbit App
2024-07-26T14:52:00Z,SEDENTARY,Fitbit App
2024-07-26T14:53:00Z,SEDENTARY,Fitbit App
2024-07-26T14:54:00Z,SEDENTARY,Fitbit App
2024-07-26T14:55:00Z,SEDENTARY,Fitbit App
2024-07-26T14:56:00Z,SEDENTARY,Fitbit App
2024-07-26T14:57:00Z,SEDENTARY,Fitbit App
2024-07-26T14:58:00Z,SEDENTARY,Fitbit App
2024-07-26T14:59:00Z,SEDENTARY,Fitbit App
2024-07-26T15:00:00Z,SEDENTARY,Fitbit App
2024-07-26T15:01:00Z,SEDENTARY,Fitbit App
2024-07-26T15:02:00Z,SEDENTARY,Fitbit App
2024-07-26T15:03:00Z,SEDENTARY,Fitbit App
2024-07-26T15:04:00Z,SEDENTARY,Fitbit App
2024-07-26T15:05:00Z,SEDENTARY,Fitbit App
2024-07-26T15:06:00Z,SEDENTARY,Fitbit App
2024-07-26T15:07:00Z,SEDENTARY,Fitbit App
2024-07-26T15:08:00Z,SEDENTARY,Fitbit App
2024-07-26T15:09:00Z,SEDENTARY,Fitbit App
2024-07-26T15:10:00Z,SEDENTARY,Fitbit App
2024-07-26T15:12:00Z,SEDENTARY,Fitbit App
2024-07-26T15:13:00Z,SEDENTARY,Fitbit App
2024-07-26T15:14:00Z,SEDENTARY,Fitbit App
2024-07-26T15:15:00Z,SEDENTARY,Fitbit App
2024-07-26T15:16:00Z,SEDENTARY,Fitbit App
2024-07-26T15:17:00Z,SEDENTARY,Fitbit App
2024-07-26T15:18:00Z,SEDENTARY,Fitbit App
2024-07-26T15:19:00Z,SEDENTARY,Fitbit App
2024-07-26T15:20:00Z,SEDENTARY,Fitbit App
2024-07-26T15:21:00Z,LIGHTLY_ACTIVE,Fitbit App
2024-07-26T15:22:00Z,SEDENTARY,Fitbit App
2024-07-26T15:23:00Z,SEDENTARY,Fitbit App
2024-07-26T15:24:00Z,SEDENTARY,Fitbit App
2024-07-26T15:25:00Z,SEDENTARY,Fitbit App
2024-07-26T15:26:00Z,SEDENTARY,Fitbit App
2024-07-26T15:27:00Z,SEDENTARY,Fitbit App
2024-07-26T15:28:00Z,SEDENTARY,Fitbit App
2024-07-26T15:30:00Z,LIGHTLY_ACTIVE,Fitbit App
2024-07-26T15:31:00Z,LIGHTLY_ACTIVE,Fitbit App
2024-07-26T15:32:00Z,SEDENTARY,Fitbit App
2024-07-26T15:33:00Z,SEDENTARY,Fitbit App
2024-07-26T15:34:00Z,SEDENTARY,Fitbit App
2024-07-26T15:35:00Z,SEDENTARY,Fitbit App
2024-07-26T15:36:00Z,LIGHTLY_ACTIVE,Fitbit App
2024-07-26T15:37:00Z,SEDENTARY,Fitbit App
2024-07-26T15:38:00Z,SEDENTARY,Fitbit App
2024-07-26T15:39:00Z,SEDENTARY,Fitbit App
2024-07-26T15:40:00Z,SEDENTARY,Fitbit App
2024-07-26T15:41:00Z,SEDENTARY,Fitbit App
2024-07-26T15:42:00Z,SEDENTARY,Fitbit App
2024-07-26T15:43:00Z,SEDENTARY,Fitbit App
2024-07-26T15:44:00Z,SEDENTARY,Fitbit App
2024-07-26T15:45:00Z,SEDENTARY,Fitbit App
2024-07-26T15:46:00Z,SEDENTARY,Fitbit App
2024-07-26T15:47:00Z,SEDENTARY,Fitbit App
2024-07-26T15:48:00Z,SEDENTARY,Fitbit App
2024-07-26T15:49:00Z,SEDENTARY,Fitbit App
2024-07-26T15:50:00Z,SEDENTARY,Fitbit App
2024-07-26T15:51:00Z,SEDENTARY,Fitbit App
2024-07-26T15:52:00Z,SEDENTARY,Fitbit App
2024-07-26T15:53:00Z,SEDENTARY,Fitbit App
2024-07-26T15:54:00Z,SEDENTARY,Fitbit App
2024-07-26T15:56:00Z,SEDENTARY,Fitbit App
2024-07-26T15:57:00Z,SEDENTARY,Fitbit App
2024-07-26T15:58:00Z,SEDENTARY,Fitbit App
2024-07-26T15:59:00Z,SEDENTARY,Fitbit App
2024-07-26T16:00:00Z,SEDENTARY,Fitbit App
2024-07-26T16:01:00Z,SEDENTARY,Fitbit App
2024-07-26T16:02:00Z,SEDENTARY,Fitbit App
2024-07-26T16:03:00Z,SEDENTARY,Fitbit App
2024-07-26T16:04:00Z,SEDENTARY,Fitbit App
2024-07-26T16:06:00Z,SEDENTARY,Fitbit App
2024-07-26T16:07:00Z,SEDENTARY,Fitbit App
2024-07-26T16:08:00Z,SEDENTARY,Fitbit App
2024-07-26T16:09:00Z,SEDENTARY,Fitbit App
2024-07-26T16:10:00Z,SEDENTARY,Fitbit App
2024-07-26T16:11:00Z,LIGHTLY_ACTIVE,Fitbit App
2024-07-26T16:12:00Z,LIGHTLY_ACTIVE,Fitbit App
2024-07-26T16:13:00Z,LIGHTLY_ACTIVE,Fitbit App
2024-07-26T16:14:00Z,SEDENTARY,Fitbit App
2024-07-26T16:15:00Z,LIGHTLY_ACTIVE,Fitbit App
2024-07-26T16:16:00Z,LIGHTLY_ACTIVE,Fitbit App
2024-07-26T16:17:00Z,LIGHTLY_ACTIVE,Fitbit App
2024-07-26T16:18:00Z,SEDENTARY,Fitbit App
2024-07-26T16:19:00Z,SEDENTARY,Fitbit App
2024-07-26T16:20:00Z,LIGHTLY_ACTIVE,Fitbit App
2024-07-26T16:21:00Z,LIGHTLY_ACTIVE,Fitbit App
2024-07-26T16:22:00Z,LIGHTLY_ACTIVE,Fitbit App
2024-07-26T16:23:00Z,SEDENTARY,Fitbit App
2024-07-26T16:24:00Z,SEDENTARY,Fitbit App
2024-07-26T16:25:00Z,SEDENTARY,Fitbit App
2024-07-26T16:26:00Z,SEDENTARY,Fitbit App
2024-07-26T16:27:00Z,SEDENTARY,Fitbit App
2024-07-26T16:28:00Z,LIGHTLY_ACTIVE,Fitbit App
2024-07-26T16:29:00Z,LIGHTLY_ACTIVE,Fitbit App
2024-07-26T16:30:00Z,SEDENTARY,Fitbit App
2024-07-26T16:31:00Z,LIGHTLY_ACTIVE,Fitbit App
2024-07-26T16:32:00Z,LIGHTLY_ACTIVE,Fitbit App
2024-07-26T16:33:00Z,SEDENTARY,Fitbit App
2024-07-26T16:34:00Z,LIGHTLY_ACTIVE,Fitbit App
2024-07-26T16:35:00Z,LIGHTLY_ACTIVE,Fitbit App
2024-07-26T16:36:00Z,MODERATELY_ACTIVE,Fitbit App
2024-07-26T16:37:00Z,VERY_ACTIVE,Fitbit App
2024-07-26T16:38:00Z,LIGHTLY_ACTIVE,Fitbit App
2024-07-26T16:39:00Z,MODERATELY_ACTIVE,Fitbit App
2024-07-26T16:40:00Z,SEDENTARY,Fitbit App
2024-07-26T16:41:00Z,LIGHTLY_ACTIVE,Fitbit App
2024-07-26T16:42:00Z,SEDENTARY,Fitbit App
2024-07-26T16:43:00Z,LIGHTLY_ACTIVE,Fitbit App
2024-07-26T16:44:00Z,LIGHTLY_ACTIVE,Fitbit App
2024-07-26T16:45:00Z,MODERATELY_ACTIVE,Fitbit App
2024-07-26T16:46:00Z,LIGHTLY_ACTIVE,Fitbit App
2024-07-26T16:47:00Z,SEDENTARY,Fitbit App
2024-07-26T16:48:00Z,SEDENTARY,Fitbit App
2024-07-26T16:49:00Z,LIGHTLY_ACTIVE,Fitbit App
2024-07-26T16:50:00Z,LIGHTLY_ACTIVE,Fitbit App
2024-07-26T16:51:00Z,MODERATELY_ACTIVE,Fitbit App
2024-07-26T16:52:00Z,MODERATELY_ACTIVE,Fitbit App
2024-07-26T16:53:00Z,LIGHTLY_ACTIVE,Fitbit App
2024-07-26T16:54:00Z,VERY_ACTIVE,Fitbit App
2024-07-26T16:55:00Z,VERY_ACTIVE,Fitbit App
2024-07-26T16:56:00Z,VERY_ACTIVE,Fitbit App
2024-07-26T16:57:00Z,VERY_ACTIVE,Fitbit App
2024-07-26T16:58:00Z,VERY_ACTIVE,Fitbit App
2024-07-26T16:59:00Z,VERY_ACTIVE,Fitbit App
2024-07-26T17:00:00Z,MODERATELY_ACTIVE,Fitbit App
2024-07-26T17:01:00Z,VERY_ACTIVE,Fitbit App
2024-07-26T17:02:00Z,VERY_ACTIVE,Fitbit App
2024-07-26T17:03:00Z,VERY_ACTIVE,Fitbit App
2024-07-26T17:04:00Z,MODERATELY_ACTIVE,Fitbit App
2024-07-26T17:05:00Z,MODERATELY_ACTIVE,Fitbit App
2024-07-26T17:06:00Z,SEDENTARY,Fitbit App
2024-07-26T17:07:00Z,SEDENTARY,Fitbit App
2024-07-26T17:08:00Z,LIGHTLY_ACTIVE,Fitbit App
2024-07-26T17:09:00Z,MODERATELY_ACTIVE,Fitbit App
2024-07-26T17:10:00Z,MODERATELY_ACTIVE,Fitbit App
2024-07-26T17:11:00Z,MODERATELY_ACTIVE,Fitbit App
2024-07-26T17:12:00Z,VERY_ACTIVE,Fitbit App
2024-07-26T17:13:00Z,VERY_ACTIVE,Fitbit App
2024-07-26T17:14:00Z,VERY_ACTIVE,Fitbit App
2024-07-26T17:15:00Z,LIGHTLY_ACTIVE,Fitbit App
2024-07-26T17:16:00Z,LIGHTLY_ACTIVE,Fitbit App
2024-07-26T17:17:00Z,MODERATELY_ACTIVE,Fitbit App
2024-07-26T17:18:00Z,MODERATELY_ACTIVE,Fitbit App
2024-07-26T17:19:00Z,MODERATELY_ACTIVE,Fitbit App
2024-07-26T17:20:00Z,MODERATELY_ACTIVE,Fitbit App
2024-07-26T17:21:00Z,MODERATELY_ACTIVE,Fitbit App
2024-07-26T17:22:00Z,MODERATELY_ACTIVE,Fitbit App
2024-07-26T17:23:00Z,MODERATELY_ACTIVE,Fitbit App
2024-07-26T17:24:00Z,MODERATELY_ACTIVE,Fitbit App
2024-07-26T17:25:00Z,SEDENTARY,Fitbit App
2024-07-26T17:26:00Z,SEDENTARY,Fitbit App
2024-07-26T17:27:00Z,SEDENTARY,Fitbit App
2024-07-26T17:28:00Z,SEDENTARY,Fitbit App
2024-07-26T17:29:00Z,SEDENTARY,Fitbit App
2024-07-26T17:30:00Z,LIGHTLY_ACTIVE,Fitbit App
2024-07-26T17:31:00Z,MODERATELY_ACTIVE,Fitbit App
2024-07-26T17:32:00Z,SEDENTARY,Fitbit App
2024-07-26T17:33:00Z,LIGHTLY_ACTIVE,Fitbit App
2024-07-26T17:34:00Z,SEDENTARY,Fitbit App
2024-07-26T17:35:00Z,SEDENTARY,Fitbit App
2024-07-26T17:36:00Z,MODERATELY_ACTIVE,Fitbit App
2024-07-26T17:37:00Z,MODERATELY_ACTIVE,Fitbit App
2024-07-26T17:38:00Z,LIGHTLY_ACTIVE,Fitbit App
2024-07-26T17:39:00Z,SEDENTARY,Fitbit App
2024-07-26T17:40:00Z,SEDENTARY,Fitbit App
2024-07-26T17:41:00Z,MODERATELY_ACTIVE,Fitbit App
2024-07-26T17:42:00Z,SEDENTARY,Fitbit App
2024-07-26T17:43:00Z,LIGHTLY_ACTIVE,Fitbit App
2024-07-26T17:44:00Z,SEDENTARY,Fitbit App
2024-07-26T17:45:00Z,SEDENTARY,Fitbit App
2024-07-26T17:46:00Z,LIGHTLY_ACTIVE,Fitbit App
2024-07-26T17:47:00Z,SEDENTARY,Fitbit App
2024-07-26T17:48:00Z,SEDENTARY,Fitbit App
2024-07-26T17:49:00Z,SEDENTARY,Fitbit App
2024-07-26T17:50:00Z,SEDENTARY,Fitbit App
2024-07-26T17:51:00Z,SEDENTARY,Fitbit App
2024-07-26T17:52:00Z,SEDENTARY,Fitbit App
2024-07-26T17:53:00Z,LIGHTLY_ACTIVE,Fitbit App
2024-07-26T17:54:00Z,SEDENTARY,Fitbit App
2024-07-26T17:55:00Z,SEDENTARY,Fitbit App
2024-07-26T17:56:00Z,SEDENTARY,Fitbit App
2024-07-26T17:57:00Z,MODERATELY_ACTIVE,Fitbit App
2024-07-26T17:58:00Z,MODERATELY_ACTIVE,Fitbit App
2024-07-26T17:59:00Z,VERY_ACTIVE,Fitbit App
2024-07-26T18:00:00Z,MODERATELY_ACTIVE,Fitbit App
2024-07-26T18:01:00Z,MODERATELY_ACTIVE,Fitbit App
2024-07-26T18:02:00Z,VERY_ACTIVE,Fitbit App
2024-07-26T18:03:00Z,MODERATELY_ACTIVE,Fitbit App
2024-07-26T18:04:00Z,VERY_ACTIVE,Fitbit App
2024-07-26T18:05:00Z,MODERATELY_ACTIVE,Fitbit App
2024-07-26T18:06:00Z,SEDENTARY,Fitbit App
2024-07-26T18:07:00Z,MODERATELY_ACTIVE,Fitbit App
2024-07-26T18:08:00Z,LIGHTLY_ACTIVE,Fitbit App
2024-07-26T18:09:00Z,SEDENTARY,Fitbit App
2024-07-26T18:10:00Z,SEDENTARY,Fitbit App
2024-07-26T18:11:00Z,SEDENTARY,Fitbit App
2024-07-26T18:12:00Z,SEDENTARY,Fitbit App
2024-07-26T18:13:00Z,SEDENTARY,Fitbit App
2024-07-26T18:14:00Z,SEDENTARY,Fitbit App
2024-07-26T18:15:00Z,SEDENTARY,Fitbit App
2024-07-26T18:16:00Z,VERY_ACTIVE,Fitbit App
2024-07-26T18:17:00Z,MODERATELY_ACTIVE,Fitbit App
2024-07-26T18:18:00Z,MODERATELY_ACTIVE,Fitbit App
2024-07-26T18:19:00Z,VERY_ACTIVE,Fitbit App
2024-07-26T18:20:00Z,VERY_ACTIVE,Fitbit App
2024-07-26T18:21:00Z,MODERATELY_ACTIVE,Fitbit App
2024-07-26T18:22:00Z,MODERATELY_ACTIVE,Fitbit App
2024-07-26T18:23:00Z,VERY_ACTIVE,Fitbit App
2024-07-26T18:24:00Z,VERY_ACTIVE,Fitbit App
2024-07-26T18:25:00Z,VERY_ACTIVE,Fitbit App
2024-07-26T18:26:00Z,VERY_ACTIVE,Fitbit App
2024-07-26T18:27:00Z,VERY_ACTIVE,Fitbit App
2024-07-26T18:28:00Z,VERY_ACTIVE,Fitbit App
2024-07-26T18:29:00Z,VERY_ACTIVE,Fitbit App
2024-07-26T18:30:00Z,VERY_ACTIVE,Fitbit App
2024-07-26T18:31:00Z,VERY_ACTIVE,Fitbit App
2024-07-26T18:32:00Z,VERY_ACTIVE,Fitbit App
2024-07-26T18:33:00Z,MODERATELY_ACTIVE,Fitbit App
2024-07-26T18:34:00Z,SEDENTARY,Fitbit App
2024-07-26T18:35:00Z,LIGHTLY_ACTIVE,Fitbit App
2024-07-26T18:36:00Z,LIGHTLY_ACTIVE,Fitbit App
2024-07-26T18:37:00Z,SEDENTARY,Fitbit App
2024-07-26T18:38:00Z,SEDENTARY,Fitbit App
2024-07-26T18:39:00Z,SEDENTARY,Fitbit App
2024-07-26T18:40:00Z,SEDENTARY,Fitbit App
2024-07-26T18:41:00Z,SEDENTARY,Fitbit App
2024-07-26T18:42:00Z,SEDENTARY,Fitbit App
2024-07-26T18:43:00Z,SEDENTARY,Fitbit App
2024-07-26T18:44:00Z,SEDENTARY,Fitbit App
2024-07-26T18:45:00Z,SEDENTARY,Fitbit App
2024-07-26T18:46:00Z,SEDENTARY,Fitbit App
2024-07-26T18:47:00Z,SEDENTARY,Fitbit App
2024-07-26T18:48:00Z,SEDENTARY,Fitbit App
2024-07-26T18:49:00Z,SEDENTARY,Fitbit App
2024-07-26T18:51:00Z,SEDENTARY,Fitbit App
2024-07-26T18:52:00Z,SEDENTARY,Fitbit App
2024-07-26T18:54:00Z,SEDENTARY,Fitbit App
2024-07-26T18:55:00Z,SEDENTARY,Fitbit App
2024-07-26T18:56:00Z,SEDENTARY,Fitbit App
2024-07-26T18:58:00Z,SEDENTARY,Fitbit App
2024-07-26T18:59:00Z,SEDENTARY,Fitbit App
2024-07-26T19:00:00Z,SEDENTARY,Fitbit App
2024-07-26T19:01:00Z,SEDENTARY,Fitbit App
2024-07-26T19:03:00Z,SEDENTARY,Fitbit App
2024-07-26T19:04:00Z,SEDENTARY,Fitbit App
2024-07-26T19:05:00Z,SEDENTARY,Fitbit App
2024-07-26T19:06:00Z,SEDENTARY,Fitbit App
2024-07-26T19:07:00Z,SEDENTARY,Fitbit App
2024-07-26T19:08:00Z,SEDENTARY,Fitbit App
2024-07-26T19:09:00Z,SEDENTARY,Fitbit App
2024-07-26T19:10:00Z,LIGHTLY_ACTIVE,Fitbit App
2024-07-26T19:11:00Z,LIGHTLY_ACTIVE,Fitbit App
2024-07-26T19:12:00Z,LIGHTLY_ACTIVE,Fitbit App
2024-07-26T19:13:00Z,LIGHTLY_ACTIVE,Fitbit App
2024-07-26T19:14:00Z,LIGHTLY_ACTIVE,Fitbit App
2024-07-26T19:15:00Z,LIGHTLY_ACTIVE,Fitbit App
2024-07-26T19:16:00Z,SEDENTARY,Fitbit App
2024-07-26T19:17:00Z,SEDENTARY,Fitbit App
2024-07-26T19:18:00Z,SEDENTARY,Fitbit App
2024-07-26T19:19:00Z,LIGHTLY_ACTIVE,Fitbit App
2024-07-26T19:20:00Z,SEDENTARY,Fitbit App
2024-07-26T19:21:00Z,SEDENTARY,Fitbit App
2024-07-26T19:22:00Z,SEDENTARY,Fitbit App
2024-07-26T19:23:00Z,LIGHTLY_ACTIVE,Fitbit App
2024-07-26T19:24:00Z,LIGHTLY_ACTIVE,Fitbit App
2024-07-26T19:25:00Z,SEDENTARY,Fitbit App
2024-07-26T19:26:00Z,SEDENTARY,Fitbit App
2024-07-26T19:27:00Z,SEDENTARY,Fitbit App
2024-07-26T19:28:00Z,LIGHTLY_ACTIVE,Fitbit App
2024-07-26T19:29:00Z,SEDENTARY,Fitbit App
2024-07-26T19:30:00Z,LIGHTLY_ACTIVE,Fitbit App
2024-07-26T19:31:00Z,LIGHTLY_ACTIVE,Fitbit App
2024-07-26T19:32:00Z,SEDENTARY,Fitbit App
2024-07-26T19:33:00Z,SEDENTARY,Fitbit App
2024-07-26T19:34:00Z,SEDENTARY,Fitbit App
2024-07-26T19:35:00Z,LIGHTLY_ACTIVE,Fitbit App
2024-07-26T19:36:00Z,SEDENTARY,Fitbit App
2024-07-26T19:37:00Z,SEDENTARY,Fitbit App
2024-07-26T19:38:00Z,SEDENTARY,Fitbit App
2024-07-26T19:39:00Z,SEDENTARY,Fitbit App
2024-07-26T19:40:00Z,SEDENTARY,Fitbit App
2024-07-26T19:41:00Z,SEDENTARY,Fitbit App
2024-07-26T19:42:00Z,SEDENTARY,Fitbit App
2024-07-26T19:43:00Z,SEDENTARY,Fitbit App
2024-07-26T19:44:00Z,SEDENTARY,Fitbit App
2024-07-26T19:45:00Z,SEDENTARY,Fitbit App
2024-07-26T19:46:00Z,SEDENTARY,Fitbit App
2024-07-26T19:47:00Z,SEDENTARY,Fitbit App
2024-07-26T19:48:00Z,SEDENTARY,Fitbit App
2024-07-26T19:49:00Z,SEDENTARY,Fitbit App
2024-07-26T19:50:00Z,SEDENTARY,Fitbit App
2024-07-26T19:51:00Z,SEDENTARY,Fitbit App
2024-07-26T19:52:00Z,SEDENTARY,Fitbit App
2024-07-26T19:53:00Z,SEDENTARY,Fitbit App
2024-07-26T19:55:00Z,SEDENTARY,Fitbit App
2024-07-26T19:56:00Z,SEDENTARY,Fitbit App
2024-07-26T19:57:00Z,SEDENTARY,Fitbit App
2024-07-26T19:58:00Z,SEDENTARY,Fitbit App
2024-07-26T19:59:00Z,SEDENTARY,Fitbit App
2024-07-26T20:00:00Z,SEDENTARY,Fitbit App
2024-07-26T20:01:00Z,SEDENTARY,Fitbit App
2024-07-26T20:02:00Z,SEDENTARY,Fitbit App
2024-07-26T20:03:00Z,SEDENTARY,Fitbit App
2024-07-26T20:04:00Z,SEDENTARY,Fitbit App
2024-07-26T20:05:00Z,SEDENTARY,Fitbit App
2024-07-26T20:08:00Z,SEDENTARY,Fitbit App
2024-07-26T20:09:00Z,SEDENTARY,Fitbit App
2024-07-26T20:10:00Z,SEDENTARY,Fitbit App
2024-07-26T20:11:00Z,SEDENTARY,Fitbit App
2024-07-26T20:12:00Z,SEDENTARY,Fitbit App
2024-07-26T20:14:00Z,SEDENTARY,Fitbit App
2024-07-26T20:15:00Z,SEDENTARY,Fitbit App
2024-07-26T20:16:00Z,SEDENTARY,Fitbit App
2024-07-26T20:17:00Z,SEDENTARY,Fitbit App
2024-07-26T20:18:00Z,SEDENTARY,Fitbit App
2024-07-26T20:19:00Z,SEDENTARY,Fitbit App
2024-07-26T20:21:00Z,SEDENTARY,Fitbit App
2024-07-26T20:24:00Z,SEDENTARY,Fitbit App
2024-07-26T20:26:00Z,SEDENTARY,Fitbit App
2024-07-26T20:29:00Z,SEDENTARY,Fitbit App
2024-07-26T20:30:00Z,SEDENTARY,Fitbit App
2024-07-26T20:31:00Z,SEDENTARY,Fitbit App
2024-07-26T20:32:00Z,SEDENTARY,Fitbit App
2024-07-26T20:35:00Z,SEDENTARY,Fitbit App
2024-07-26T20:36:00Z,SEDENTARY,Fitbit App
2024-07-26T20:37:00Z,SEDENTARY,Fitbit App
2024-07-26T20:38:00Z,SEDENTARY,Fitbit App
2024-07-26T20:39:00Z,SEDENTARY,Fitbit App
2024-07-26T20:40:00Z,SEDENTARY,Fitbit App
2024-07-26T20:41:00Z,SEDENTARY,Fitbit App
2024-07-26T20:42:00Z,SEDENTARY,Fitbit App
2024-07-26T20:43:00Z,SEDENTARY,Fitbit App
2024-07-26T20:44:00Z,SEDENTARY,Fitbit App
2024-07-26T20:45:00Z,SEDENTARY,Fitbit App
2024-07-26T20:47:00Z,SEDENTARY,Fitbit App
2024-07-26T20:48:00Z,SEDENTARY,Fitbit App
2024-07-26T20:49:00Z,SEDENTARY,Fitbit App
2024-07-26T20:50:00Z,SEDENTARY,Fitbit App
2024-07-26T20:51:00Z,SEDENTARY,Fitbit App
2024-07-26T20:52:00Z,SEDENTARY,Fitbit App
2024-07-26T20:53:00Z,SEDENTARY,Fitbit App
2024-07-26T20:54:00Z,SEDENTARY,Fitbit App
2024-07-26T20:55:00Z,SEDENTARY,Fitbit App
2024-07-26T20:56:00Z,SEDENTARY,Fitbit App
2024-07-26T20:57:00Z,SEDENTARY,Fitbit App
2024-07-26T20:58:00Z,SEDENTARY,Fitbit App
2024-07-26T20:59:00Z,SEDENTARY,Fitbit App
2024-07-26T21:01:00Z,SEDENTARY,Fitbit App
2024-07-26T21:02:00Z,SEDENTARY,Fitbit App
2024-07-26T21:03:00Z,SEDENTARY,Fitbit App
2024-07-26T21:04:00Z,SEDENTARY,Fitbit App
2024-07-26T21:05:00Z,SEDENTARY,Fitbit App
2024-07-26T21:06:00Z,SEDENTARY,Fitbit App
2024-07-26T21:09:00Z,SEDENTARY,Fitbit App
2024-07-26T21:10:00Z,SEDENTARY,Fitbit App
2024-07-26T21:11:00Z,SEDENTARY,Fitbit App
2024-07-26T21:13:00Z,SEDENTARY,Fitbit App
2024-07-26T21:14:00Z,SEDENTARY,Fitbit App
2024-07-26T21:15:00Z,SEDENTARY,Fitbit App
2024-07-26T21:16:00Z,SEDENTARY,Fitbit App
2024-07-26T21:29:00Z,LIGHTLY_ACTIVE,Fitbit App
2024-07-26T21:30:00Z,LIGHTLY_ACTIVE,Fitbit App
2024-07-26T21:31:00Z,LIGHTLY_ACTIVE,Fitbit App
2024-07-26T21:32:00Z,LIGHTLY_ACTIVE,Fitbit App
2024-07-26T21:33:00Z,SEDENTARY,Fitbit App
2024-07-26T21:34:00Z,LIGHTLY_ACTIVE,Fitbit App
2024-07-26T21:35:00Z,SEDENTARY,Fitbit App
2024-07-26T21:36:00Z,SEDENTARY,Fitbit App
2024-07-26T21:37:00Z,SEDENTARY,Fitbit App
2024-07-26T22:47:00Z,SEDENTARY,Fitbit App
2024-07-27T00:34:00Z,SEDENTARY,Fitbit App
2024-07-27T01:17:00Z,SEDENTARY,Fitbit App
2024-07-27T01:46:00Z,SEDENTARY,Fitbit App
2024-07-27T02:21:00Z,LIGHTLY_ACTIVE,Fitbit App
2024-07-27T04:39:00Z,SEDENTARY,Fitbit App
2024-07-27T04:55:00Z,SEDENTARY,Fitbit App
2024-07-27T05:03:00Z,SEDENTARY,Fitbit App
2024-07-27T05:44:00Z,SEDENTARY,Fitbit App
2024-07-27T05:45:00Z,SEDENTARY,Fitbit App
2024-07-27T05:46:00Z,SEDENTARY,Fitbit App
2024-07-27T05:59:00Z,SEDENTARY,Fitbit App
2024-07-27T06:00:00Z,SEDENTARY,Fitbit App
2024-07-27T06:01:00Z,SEDENTARY,Fitbit App
2024-07-27T06:04:00Z,SEDENTARY,Fitbit App
2024-07-27T06:07:00Z,SEDENTARY,Fitbit App
2024-07-27T06:09:00Z,SEDENTARY,Fitbit App
2024-07-27T06:10:00Z,SEDENTARY,Fitbit App
2024-07-27T06:13:00Z,LIGHTLY_ACTIVE,Fitbit App
2024-07-27T06:14:00Z,LIGHTLY_ACTIVE,Fitbit App
2024-07-27T06:15:00Z,LIGHTLY_ACTIVE,Fitbit App
2024-07-27T06:16:00Z,LIGHTLY_ACTIVE,Fitbit App
2024-07-27T06:17:00Z,LIGHTLY_ACTIVE,Fitbit App
2024-07-27T06:19:00Z,LIGHTLY_ACTIVE,Fitbit App
2024-07-27T06:20:00Z,SEDENTARY,Fitbit App
2024-07-27T06:21:00Z,SEDENTARY,Fitbit App
2024-07-27T06:22:00Z,SEDENTARY,Fitbit App
2024-07-27T06:23:00Z,SEDENTARY,Fitbit App
2024-07-27T06:24:00Z,SEDENTARY,Fitbit App
2024-07-27T06:25:00Z,SEDENTARY,Fitbit App
2024-07-27T06:26:00Z,SEDENTARY,Fitbit App
2024-07-27T06:27:00Z,SEDENTARY,Fitbit App
2024-07-27T06:28:00Z,SEDENTARY,Fitbit App
2024-07-27T06:29:00Z,SEDENTARY,Fitbit App
2024-07-27T06:30:00Z,LIGHTLY_ACTIVE,Fitbit App
2024-07-27T06:31:00Z,SEDENTARY,Fitbit App
2024-07-27T06:32:00Z,SEDENTARY,Fitbit App
2024-07-27T06:33:00Z,SEDENTARY,Fitbit App
2024-07-27T06:34:00Z,SEDENTARY,Fitbit App
2024-07-27T06:35:00Z,LIGHTLY_ACTIVE,Fitbit App
2024-07-27T06:36:00Z,SEDENTARY,Fitbit App
2024-07-27T06:37:00Z,SEDENTARY,Fitbit App
2024-07-27T06:38:00Z,SEDENTARY,Fitbit App
2024-07-27T06:39:00Z,LIGHTLY_ACTIVE,Fitbit App
2024-07-27T06:40:00Z,SEDENTARY,Fitbit App
2024-07-27T06:41:00Z,SEDENTARY,Fitbit App
2024-07-27T06:42:00Z,SEDENTARY,Fitbit App
2024-07-27T06:43:00Z,SEDENTARY,Fitbit App
2024-07-27T06:44:00Z,SEDENTARY,Fitbit App
2024-07-27T06:45:00Z,SEDENTARY,Fitbit App
2024-07-27T06:46:00Z,SEDENTARY,Fitbit App
2024-07-27T06:47:00Z,SEDENTARY,Fitbit App
2024-07-27T06:48:00Z,SEDENTARY,Fitbit App
2024-07-27T06:49:00Z,SEDENTARY,Fitbit App
2024-07-27T06:51:00Z,SEDENTARY,Fitbit App
2024-07-27T06:52:00Z,SEDENTARY,Fitbit App
2024-07-27T06:53:00Z,SEDENTARY,Fitbit App
2024-07-27T06:54:00Z,LIGHTLY_ACTIVE,Fitbit App
2024-07-27T06:55:00Z,SEDENTARY,Fitbit App
2024-07-27T06:56:00Z,SEDENTARY,Fitbit App
2024-07-27T06:57:00Z,SEDENTARY,Fitbit App
2024-07-27T06:58:00Z,SEDENTARY,Fitbit App
2024-07-27T06:59:00Z,SEDENTARY,Fitbit App
2024-07-27T07:00:00Z,SEDENTARY,Fitbit App
2024-07-27T07:01:00Z,SEDENTARY,Fitbit App
2024-07-27T07:02:00Z,LIGHTLY_ACTIVE,Fitbit App
2024-07-27T07:03:00Z,LIGHTLY_ACTIVE,Fitbit App
2024-07-27T07:04:00Z,LIGHTLY_ACTIVE,Fitbit App
2024-07-27T07:05:00Z,MODERATELY_ACTIVE,Fitbit App
2024-07-27T07:06:00Z,LIGHTLY_ACTIVE,Fitbit App
2024-07-27T07:07:00Z,SEDENTARY,Fitbit App
2024-07-27T07:08:00Z,SEDENTARY,Fitbit App
2024-07-27T07:09:00Z,LIGHTLY_ACTIVE,Fitbit App
2024-07-27T07:10:00Z,LIGHTLY_ACTIVE,Fitbit App
2024-07-27T07:11:00Z,LIGHTLY_ACTIVE,Fitbit App
2024-07-27T07:12:00Z,LIGHTLY_ACTIVE,Fitbit App
2024-07-27T07:13:00Z,LIGHTLY_ACTIVE,Fitbit App
2024-07-27T07:14:00Z,LIGHTLY_ACTIVE,Fitbit App
2024-07-27T07:15:00Z,LIGHTLY_ACTIVE,Fitbit App
2024-07-27T07:16:00Z,SEDENTARY,Fitbit App
2024-07-27T07:17:00Z,LIGHTLY_ACTIVE,Fitbit App
2024-07-27T07:18:00Z,LIGHTLY_ACTIVE,Fitbit App
2024-07-27T07:19:00Z,SEDENTARY,Fitbit App
2024-07-27T07:20:00Z,LIGHTLY_ACTIVE,Fitbit App
2024-07-27T07:21:00Z,LIGHTLY_ACTIVE,Fitbit App
2024-07-27T07:22:00Z,LIGHTLY_ACTIVE,Fitbit App
2024-07-27T07:23:00Z,LIGHTLY_ACTIVE,Fitbit App
2024-07-27T07:24:00Z,SEDENTARY,Fitbit App
2024-07-27T07:25:00Z,LIGHTLY_ACTIVE,Fitbit App
2024-07-27T07:26:00Z,VERY_ACTIVE,Fitbit App
2024-07-27T07:27:00Z,MODERATELY_ACTIVE,Fitbit App
2024-07-27T07:28:00Z,LIGHTLY_ACTIVE,Fitbit App
2024-07-27T07:29:00Z,LIGHTLY_ACTIVE,Fitbit App
2024-07-27T07:30:00Z,SEDENTARY,Fitbit App
2024-07-27T07:31:00Z,SEDENTARY,Fitbit App
2024-07-27T07:32:00Z,SEDENTARY,Fitbit App
2024-07-27T07:33:00Z,SEDENTARY,Fitbit App
2024-07-27T07:34:00Z,SEDENTARY,Fitbit App
2024-07-27T07:35:00Z,SEDENTARY,Fitbit App
2024-07-27T07:36:00Z,SEDENTARY,Fitbit App
2024-07-27T07:37:00Z,SEDENTARY,Fitbit App
2024-07-27T07:38:00Z,SEDENTARY,Fitbit App
2024-07-27T07:39:00Z,SEDENTARY,Fitbit App
2024-07-27T07:40:00Z,SEDENTARY,Fitbit App
2024-07-27T07:41:00Z,SEDENTARY,Fitbit App
2024-07-27T07:42:00Z,LIGHTLY_ACTIVE,Fitbit App
2024-07-27T07:43:00Z,SEDENTARY,Fitbit App
2024-07-27T07:44:00Z,LIGHTLY_ACTIVE,Fitbit App
2024-07-27T07:45:00Z,MODERATELY_ACTIVE,Fitbit App
2024-07-27T07:46:00Z,LIGHTLY_ACTIVE,Fitbit App
2024-07-27T07:47:00Z,SEDENTARY,Fitbit App
2024-07-27T07:48:00Z,SEDENTARY,Fitbit App
2024-07-27T07:49:00Z,SEDENTARY,Fitbit App
2024-07-27T07:50:00Z,SEDENTARY,Fitbit App
2024-07-27T07:51:00Z,SEDENTARY,Fitbit App
2024-07-27T07:52:00Z,LIGHTLY_ACTIVE,Fitbit App
2024-07-27T07:53:00Z,VERY_ACTIVE,Fitbit App
2024-07-27T07:54:00Z,MODERATELY_ACTIVE,Fitbit App
2024-07-27T07:55:00Z,VERY_ACTIVE,Fitbit App
2024-07-27T07:56:00Z,VERY_ACTIVE,Fitbit App
2024-07-27T07:57:00Z,VERY_ACTIVE,Fitbit App
2024-07-27T07:58:00Z,VERY_ACTIVE,Fitbit App
2024-07-27T07:59:00Z,VERY_ACTIVE,Fitbit App
2024-07-27T08:00:00Z,MODERATELY_ACTIVE,Fitbit App
2024-07-27T08:01:00Z,LIGHTLY_ACTIVE,Fitbit App
2024-07-27T08:02:00Z,SEDENTARY,Fitbit App
2024-07-27T08:03:00Z,LIGHTLY_ACTIVE,Fitbit App
2024-07-27T08:04:00Z,SEDENTARY,Fitbit App
2024-07-27T08:05:00Z,LIGHTLY_ACTIVE,Fitbit App
2024-07-27T08:06:00Z,VERY_ACTIVE,Fitbit App
2024-07-27T08:07:00Z,VERY_ACTIVE,Fitbit App
2024-07-27T08:08:00Z,VERY_ACTIVE,Fitbit App
2024-07-27T08:09:00Z,MODERATELY_ACTIVE,Fitbit App
2024-07-27T08:10:00Z,MODERATELY_ACTIVE,Fitbit App
2024-07-27T08:11:00Z,MODERATELY_ACTIVE,Fitbit App
2024-07-27T08:12:00Z,LIGHTLY_ACTIVE,Fitbit App
2024-07-27T08:13:00Z,SEDENTARY,Fitbit App
2024-07-27T08:14:00Z,LIGHTLY_ACTIVE,Fitbit App
2024-07-27T08:15:00Z,SEDENTARY,Fitbit App
2024-07-27T08:16:00Z,LIGHTLY_ACTIVE,Fitbit App
2024-07-27T08:17:00Z,VERY_ACTIVE,Fitbit App
2024-07-27T08:18:00Z,VERY_ACTIVE,Fitbit App
2024-07-27T08:19:00Z,VERY_ACTIVE,Fitbit App
2024-07-27T08:20:00Z,VERY_ACTIVE,Fitbit App
2024-07-27T08:21:00Z,SEDENTARY,Fitbit App
2024-07-27T08:22:00Z,LIGHTLY_ACTIVE,Fitbit App
2024-07-27T08:23:00Z,SEDENTARY,Fitbit App
2024-07-27T08:24:00Z,SEDENTARY,Fitbit App
2024-07-27T08:25:00Z,SEDENTARY,Fitbit App
2024-07-27T08:26:00Z,MODERATELY_ACTIVE,Fitbit App
2024-07-27T08:27:00Z,VERY_ACTIVE,Fitbit App
2024-07-27T08:28:00Z,MODERATELY_ACTIVE,Fitbit App
2024-07-27T08:29:00Z,LIGHTLY_ACTIVE,Fitbit App
2024-07-27T08:30:00Z,SEDENTARY,Fitbit App
2024-07-27T08:31:00Z,SEDENTARY,Fitbit App
2024-07-27T08:32:00Z,SEDENTARY,Fitbit App
2024-07-27T08:33:00Z,SEDENTARY,Fitbit App
2024-07-27T08:34:00Z,LIGHTLY_ACTIVE,Fitbit App
2024-07-27T08:35:00Z,VERY_ACTIVE,Fitbit App
2024-07-27T08:36:00Z,MODERATELY_ACTIVE,Fitbit App
2024-07-27T08:37:00Z,SEDENTARY,Fitbit App
2024-07-27T08:38:00Z,LIGHTLY_ACTIVE,Fitbit App
2024-07-27T08:39:00Z,LIGHTLY_ACTIVE,Fitbit App
2024-07-27T08:40:00Z,SEDENTARY,Fitbit App
2024-07-27T08:41:00Z,SEDENTARY,Fitbit App
2024-07-27T08:42:00Z,SEDENTARY,Fitbit App
2024-07-27T08:43:00Z,LIGHTLY_ACTIVE,Fitbit App
2024-07-27T08:44:00Z,LIGHTLY_ACTIVE,Fitbit App
2024-07-27T08:45:00Z,SEDENTARY,Fitbit App
2024-07-27T08:46:00Z,SEDENTARY,Fitbit App
2024-07-27T08:47:00Z,SEDENTARY,Fitbit App
2024-07-27T08:48:00Z,LIGHTLY_ACTIVE,Fitbit App
2024-07-27T08:49:00Z,LIGHTLY_ACTIVE,Fitbit App
2024-07-27T08:50:00Z,MODERATELY_ACTIVE,Fitbit App
2024-07-27T08:51:00Z,LIGHTLY_ACTIVE,Fitbit App
2024-07-27T08:52:00Z,LIGHTLY_ACTIVE,Fitbit App
2024-07-27T08:53:00Z,MODERATELY_ACTIVE,Fitbit App
2024-07-27T08:54:00Z,LIGHTLY_ACTIVE,Fitbit App
2024-07-27T08:55:00Z,MODERATELY_ACTIVE,Fitbit App
2024-07-27T08:56:00Z,LIGHTLY_ACTIVE,Fitbit App
2024-07-27T08:57:00Z,LIGHTLY_ACTIVE,Fitbit App
2024-07-27T08:58:00Z,LIGHTLY_ACTIVE,Fitbit App
2024-07-27T08:59:00Z,SEDENTARY,Fitbit App
2024-07-27T09:00:00Z,LIGHTLY_ACTIVE,Fitbit App
2024-07-27T09:01:00Z,LIGHTLY_ACTIVE,Fitbit App
2024-07-27T09:02:00Z,SEDENTARY,Fitbit App
2024-07-27T09:03:00Z,LIGHTLY_ACTIVE,Fitbit App
2024-07-27T09:04:00Z,SEDENTARY,Fitbit App
2024-07-27T09:05:00Z,SEDENTARY,Fitbit App
2024-07-27T09:06:00Z,LIGHTLY_ACTIVE,Fitbit App
2024-07-27T09:07:00Z,SEDENTARY,Fitbit App
2024-07-27T09:08:00Z,LIGHTLY_ACTIVE,Fitbit App
2024-07-27T09:09:00Z,LIGHTLY_ACTIVE,Fitbit App
2024-07-27T09:10:00Z,MODERATELY_ACTIVE,Fitbit App
2024-07-27T09:11:00Z,VERY_ACTIVE,Fitbit App
2024-07-27T09:12:00Z,VERY_ACTIVE,Fitbit App
2024-07-27T09:13:00Z,MODERATELY_ACTIVE,Fitbit App
2024-07-27T09:14:00Z,VERY_ACTIVE,Fitbit App
2024-07-27T09:15:00Z,VERY_ACTIVE,Fitbit App
2024-07-27T09:16:00Z,VERY_ACTIVE,Fitbit App
2024-07-27T09:17:00Z,VERY_ACTIVE,Fitbit App
2024-07-27T09:18:00Z,VERY_ACTIVE,Fitbit App
2024-07-27T09:19:00Z,MODERATELY_ACTIVE,Fitbit App
2024-07-27T09:20:00Z,MODERATELY_ACTIVE,Fitbit App
2024-07-27T09:21:00Z,MODERATELY_ACTIVE,Fitbit App
2024-07-27T09:22:00Z,SEDENTARY,Fitbit App
2024-07-27T09:23:00Z,LIGHTLY_ACTIVE,Fitbit App
2024-07-27T09:24:00Z,MODERATELY_ACTIVE,Fitbit App
2024-07-27T09:25:00Z,VERY_ACTIVE,Fitbit App
2024-07-27T09:26:00Z,LIGHTLY_ACTIVE,Fitbit App
2024-07-27T09:27:00Z,LIGHTLY_ACTIVE,Fitbit App
2024-07-27T09:28:00Z,SEDENTARY,Fitbit App
2024-07-27T09:29:00Z,LIGHTLY_ACTIVE,Fitbit App
2024-07-27T09:30:00Z,LIGHTLY_ACTIVE,Fitbit App
2024-07-27T09:31:00Z,VERY_ACTIVE,Fitbit App
2024-07-27T09:32:00Z,MODERATELY_ACTIVE,Fitbit App
2024-07-27T09:33:00Z,VERY_ACTIVE,Fitbit App
2024-07-27T09:34:00Z,VERY_ACTIVE,Fitbit App
2024-07-27T09:35:00Z,VERY_ACTIVE,Fitbit App
2024-07-27T09:36:00Z,VERY_ACTIVE,Fitbit App
2024-07-27T09:37:00Z,MODERATELY_ACTIVE,Fitbit App
2024-07-27T09:38:00Z,VERY_ACTIVE,Fitbit App
2024-07-27T09:39:00Z,VERY_ACTIVE,Fitbit App
2024-07-27T09:40:00Z,VERY_ACTIVE,Fitbit App
2024-07-27T09:41:00Z,VERY_ACTIVE,Fitbit App
2024-07-27T09:42:00Z,VERY_ACTIVE,Fitbit App
2024-07-27T09:43:00Z,VERY_ACTIVE,Fitbit App
2024-07-27T09:44:00Z,LIGHTLY_ACTIVE,Fitbit App
2024-07-27T09:45:00Z,LIGHTLY_ACTIVE,Fitbit App
2024-07-27T09:46:00Z,SEDENTARY,Fitbit App
2024-07-27T09:47:00Z,SEDENTARY,Fitbit App
2024-07-27T09:48:00Z,SEDENTARY,Fitbit App
2024-07-27T09:49:00Z,SEDENTARY,Fitbit App
2024-07-27T09:50:00Z,SEDENTARY,Fitbit App
2024-07-27T09:51:00Z,SEDENTARY,Fitbit App
2024-07-27T09:52:00Z,SEDENTARY,Fitbit App
2024-07-27T09:53:00Z,SEDENTARY,Fitbit App
2024-07-27T09:54:00Z,SEDENTARY,Fitbit App
2024-07-27T09:55:00Z,SEDENTARY,Fitbit App
2024-07-27T09:56:00Z,SEDENTARY,Fitbit App
2024-07-27T09:57:00Z,SEDENTARY,Fitbit App
2024-07-27T09:58:00Z,SEDENTARY,Fitbit App
2024-07-27T09:59:00Z,MODERATELY_ACTIVE,Fitbit App
2024-07-27T10:00:00Z,VERY_ACTIVE,Fitbit App
2024-07-27T10:01:00Z,MODERATELY_ACTIVE,Fitbit App
2024-07-27T10:02:00Z,SEDENTARY,Fitbit App
2024-07-27T10:04:00Z,SEDENTARY,Fitbit App
2024-07-27T10:05:00Z,SEDENTARY,Fitbit App
2024-07-27T10:06:00Z,SEDENTARY,Fitbit App
2024-07-27T10:07:00Z,SEDENTARY,Fitbit App
2024-07-27T10:08:00Z,SEDENTARY,Fitbit App
2024-07-27T10:09:00Z,SEDENTARY,Fitbit App
2024-07-27T10:10:00Z,SEDENTARY,Fitbit App
2024-07-27T10:11:00Z,SEDENTARY,Fitbit App
2024-07-27T10:12:00Z,LIGHTLY_ACTIVE,Fitbit App
2024-07-27T10:13:00Z,LIGHTLY_ACTIVE,Fitbit App
2024-07-27T10:14:00Z,VERY_ACTIVE,Fitbit App
2024-07-27T10:15:00Z,SEDENTARY,Fitbit App
2024-07-27T10:16:00Z,LIGHTLY_ACTIVE,Fitbit App
2024-07-27T10:17:00Z,LIGHTLY_ACTIVE,Fitbit App
2024-07-27T10:18:00Z,LIGHTLY_ACTIVE,Fitbit App
2024-07-27T10:19:00Z,SEDENTARY,Fitbit App
2024-07-27T10:20:00Z,SEDENTARY,Fitbit App
2024-07-27T10:21:00Z,SEDENTARY,Fitbit App
2024-07-27T10:22:00Z,SEDENTARY,Fitbit App
2024-07-27T10:23:00Z,LIGHTLY_ACTIVE,Fitbit App
2024-07-27T10:24:00Z,LIGHTLY_ACTIVE,Fitbit App
2024-07-27T10:25:00Z,SEDENTARY,Fitbit App
2024-07-27T10:26:00Z,SEDENTARY,Fitbit App
2024-07-27T10:27:00Z,SEDENTARY,Fitbit App
2024-07-27T10:28:00Z,SEDENTARY,Fitbit App
2024-07-27T10:29:00Z,SEDENTARY,Fitbit App
2024-07-27T10:31:00Z,SEDENTARY,Fitbit App
2024-07-27T10:33:00Z,SEDENTARY,Fitbit App
2024-07-27T10:36:00Z,SEDENTARY,Fitbit App
2024-07-27T10:38:00Z,SEDENTARY,Fitbit App
2024-07-27T10:39:00Z,SEDENTARY,Fitbit App
2024-07-27T10:40:00Z,SEDENTARY,Fitbit App
2024-07-27T10:41:00Z,SEDENTARY,Fitbit App
2024-07-27T10:42:00Z,SEDENTARY,Fitbit App
2024-07-27T10:43:00Z,SEDENTARY,Fitbit App
2024-07-27T10:45:00Z,LIGHTLY_ACTIVE,Fitbit App
2024-07-27T10:46:00Z,SEDENTARY,Fitbit App
2024-07-27T11:41:00Z,SEDENTARY,Fitbit App
2024-07-27T12:07:00Z,LIGHTLY_ACTIVE,Fitbit App
2024-07-27T12:31:00Z,SEDENTARY,Fitbit App
2024-07-27T12:32:00Z,SEDENTARY,Fitbit App
2024-07-27T13:11:00Z,SEDENTARY,Fitbit App
2024-07-27T13:12:00Z,SEDENTARY,Fitbit App
2024-07-27T13:13:00Z,SEDENTARY,Fitbit App
2024-07-27T13:14:00Z,SEDENTARY,Fitbit App
2024-07-27T13:16:00Z,LIGHTLY_ACTIVE,Fitbit App
2024-07-27T13:17:00Z,SEDENTARY,Fitbit App
2024-07-27T13:18:00Z,SEDENTARY,Fitbit App
2024-07-27T13:26:00Z,SEDENTARY,Fitbit App
2024-07-27T13:27:00Z,SEDENTARY,Fitbit App
2024-07-27T13:32:00Z,SEDENTARY,Fitbit App
2024-07-27T13:36:00Z,SEDENTARY,Fitbit App
2024-07-27T13:38:00Z,SEDENTARY,Fitbit App
2024-07-27T13:39:00Z,SEDENTARY,Fitbit App
2024-07-27T13:40:00Z,SEDENTARY,Fitbit App
2024-07-27T13:42:00Z,SEDENTARY,Fitbit App
2024-07-27T13:43:00Z,SEDENTARY,Fitbit App
2024-07-27T13:44:00Z,SEDENTARY,Fitbit App
2024-07-27T13:46:00Z,SEDENTARY,Fitbit App
2024-07-27T13:47:00Z,SEDENTARY,Fitbit App
2024-07-27T13:50:00Z,SEDENTARY,Fitbit App
2024-07-27T13:51:00Z,LIGHTLY_ACTIVE,Fitbit App
2024-07-27T13:52:00Z,LIGHTLY_ACTIVE,Fitbit App
2024-07-27T13:53:00Z,SEDENTARY,Fitbit App
2024-07-27T13:54:00Z,SEDENTARY,Fitbit App
2024-07-27T13:55:00Z,LIGHTLY_ACTIVE,Fitbit App
2024-07-27T13:56:00Z,LIGHTLY_ACTIVE,Fitbit App
2024-07-27T13:57:00Z,SEDENTARY,Fitbit App
2024-07-27T13:58:00Z,SEDENTARY,Fitbit App
2024-07-27T13:59:00Z,LIGHTLY_ACTIVE,Fitbit App
2024-07-27T14:00:00Z,LIGHTLY_ACTIVE,Fitbit App
2024-07-27T14:01:00Z,LIGHTLY_ACTIVE,Fitbit App
2024-07-27T14:02:00Z,LIGHTLY_ACTIVE,Fitbit App
2024-07-27T14:03:00Z,SEDENTARY,Fitbit App
2024-07-27T14:04:00Z,LIGHTLY_ACTIVE,Fitbit App
2024-07-27T14:05:00Z,SEDENTARY,Fitbit App
2024-07-27T14:06:00Z,LIGHTLY_ACTIVE,Fitbit App
2024-07-27T14:07:00Z,LIGHTLY_ACTIVE,Fitbit App
2024-07-27T14:08:00Z,LIGHTLY_ACTIVE,Fitbit App
2024-07-27T14:09:00Z,LIGHTLY_ACTIVE,Fitbit App
2024-07-27T14:10:00Z,SEDENTARY,Fitbit App
2024-07-27T14:11:00Z,LIGHTLY_ACTIVE,Fitbit App
2024-07-27T14:12:00Z,LIGHTLY_ACTIVE,Fitbit App
2024-07-27T14:13:00Z,LIGHTLY_ACTIVE,Fitbit App
2024-07-27T14:14:00Z,MODERATELY_ACTIVE,Fitbit App
2024-07-27T14:15:00Z,SEDENTARY,Fitbit App
2024-07-27T14:16:00Z,LIGHTLY_ACTIVE,Fitbit App
2024-07-27T14:17:00Z,SEDENTARY,Fitbit App
2024-07-27T14:18:00Z,SEDENTARY,Fitbit App
2024-07-27T14:19:00Z,SEDENTARY,Fitbit App
2024-07-27T14:20:00Z,SEDENTARY,Fitbit App
2024-07-27T14:21:00Z,SEDENTARY,Fitbit App
2024-07-27T14:22:00Z,SEDENTARY,Fitbit App
2024-07-27T14:23:00Z,SEDENTARY,Fitbit App
2024-07-27T14:24:00Z,SEDENTARY,Fitbit App
2024-07-27T14:25:00Z,SEDENTARY,Fitbit App
2024-07-27T14:26:00Z,SEDENTARY,Fitbit App
2024-07-27T14:27:00Z,SEDENTARY,Fitbit App
2024-07-27T14:28:00Z,SEDENTARY,Fitbit App
2024-07-27T14:29:00Z,SEDENTARY,Fitbit App
2024-07-27T14:30:00Z,SEDENTARY,Fitbit App
2024-07-27T14:31:00Z,SEDENTARY,Fitbit App
2024-07-27T14:32:00Z,SEDENTARY,Fitbit App
2024-07-27T14:33:00Z,SEDENTARY,Fitbit App
2024-07-27T14:34:00Z,SEDENTARY,Fitbit App
2024-07-27T14:35:00Z,SEDENTARY,Fitbit App
2024-07-27T14:36:00Z,SEDENTARY,Fitbit App
2024-07-27T14:37:00Z,SEDENTARY,Fitbit App
2024-07-27T14:38:00Z,SEDENTARY,Fitbit App
2024-07-27T14:39:00Z,SEDENTARY,Fitbit App
2024-07-27T14:40:00Z,SEDENTARY,Fitbit App
2024-07-27T14:41:00Z,SEDENTARY,Fitbit App
2024-07-27T14:42:00Z,SEDENTARY,Fitbit App
2024-07-27T14:43:00Z,SEDENTARY,Fitbit App
2024-07-27T14:44:00Z,SEDENTARY,Fitbit App
2024-07-27T14:45:00Z,SEDENTARY,Fitbit App
2024-07-27T14:46:00Z,SEDENTARY,Fitbit App
2024-07-27T14:47:00Z,SEDENTARY,Fitbit App
2024-07-27T14:48:00Z,LIGHTLY_ACTIVE,Fitbit App
2024-07-27T14:49:00Z,LIGHTLY_ACTIVE,Fitbit App
2024-07-27T14:50:00Z,LIGHTLY_ACTIVE,Fitbit App
2024-07-27T14:51:00Z,LIGHTLY_ACTIVE,Fitbit App
2024-07-27T14:52:00Z,SEDENTARY,Fitbit App
2024-07-27T14:53:00Z,SEDENTARY,Fitbit App
2024-07-27T14:54:00Z,SEDENTARY,Fitbit App
2024-07-27T14:55:00Z,SEDENTARY,Fitbit App
2024-07-27T14:56:00Z,LIGHTLY_ACTIVE,Fitbit App
2024-07-27T14:57:00Z,SEDENTARY,Fitbit App
2024-07-27T14:58:00Z,SEDENTARY,Fitbit App
2024-07-27T14:59:00Z,SEDENTARY,Fitbit App
2024-07-27T15:00:00Z,LIGHTLY_ACTIVE,Fitbit App
2024-07-27T15:01:00Z,SEDENTARY,Fitbit App
2024-07-27T15:02:00Z,SEDENTARY,Fitbit App
2024-07-27T15:03:00Z,SEDENTARY,Fitbit App
2024-07-27T15:04:00Z,SEDENTARY,Fitbit App
2024-07-27T15:05:00Z,SEDENTARY,Fitbit App
2024-07-27T15:06:00Z,SEDENTARY,Fitbit App
2024-07-27T15:07:00Z,SEDENTARY,Fitbit App
2024-07-27T15:08:00Z,SEDENTARY,Fitbit App
2024-07-27T15:09:00Z,SEDENTARY,Fitbit App
2024-07-27T15:10:00Z,SEDENTARY,Fitbit App
2024-07-27T15:11:00Z,SEDENTARY,Fitbit App
2024-07-27T15:12:00Z,SEDENTARY,Fitbit App
2024-07-27T15:13:00Z,LIGHTLY_ACTIVE,Fitbit App
2024-07-27T15:14:00Z,SEDENTARY,Fitbit App
2024-07-27T15:15:00Z,SEDENTARY,Fitbit App
2024-07-27T15:16:00Z,SEDENTARY,Fitbit App
2024-07-27T15:17:00Z,VERY_ACTIVE,Fitbit App
2024-07-27T15:18:00Z,VERY_ACTIVE,Fitbit App
2024-07-27T15:19:00Z,MODERATELY_ACTIVE,Fitbit App
2024-07-27T15:20:00Z,LIGHTLY_ACTIVE,Fitbit App
2024-07-27T15:21:00Z,SEDENTARY,Fitbit App
2024-07-27T15:22:00Z,SEDENTARY,Fitbit App
2024-07-27T15:23:00Z,LIGHTLY_ACTIVE,Fitbit App
2024-07-27T15:24:00Z,MODERATELY_ACTIVE,Fitbit App
2024-07-27T15:25:00Z,MODERATELY_ACTIVE,Fitbit App
2024-07-27T15:26:00Z,LIGHTLY_ACTIVE,Fitbit App
2024-07-27T15:27:00Z,SEDENTARY,Fitbit App
2024-07-27T15:28:00Z,SEDENTARY,Fitbit App
2024-07-27T15:29:00Z,SEDENTARY,Fitbit App
2024-07-27T15:30:00Z,SEDENTARY,Fitbit App
2024-07-27T15:31:00Z,MODERATELY_ACTIVE,Fitbit App
2024-07-27T15:32:00Z,LIGHTLY_ACTIVE,Fitbit App
2024-07-27T15:33:00Z,SEDENTARY,Fitbit App
2024-07-27T15:34:00Z,SEDENTARY,Fitbit App
2024-07-27T15:35:00Z,LIGHTLY_ACTIVE,Fitbit App
2024-07-27T15:36:00Z,MODERATELY_ACTIVE,Fitbit App
2024-07-27T15:37:00Z,MODERATELY_ACTIVE,Fitbit App
2024-07-27T15:38:00Z,VERY_ACTIVE,Fitbit App
2024-07-27T15:39:00Z,MODERATELY_ACTIVE,Fitbit App
2024-07-27T15:40:00Z,MODERATELY_ACTIVE,Fitbit App
2024-07-27T15:41:00Z,VERY_ACTIVE,Fitbit App
2024-07-27T15:42:00Z,VERY_ACTIVE,Fitbit App
2024-07-27T15:43:00Z,VERY_ACTIVE,Fitbit App
2024-07-27T15:44:00Z,MODERATELY_ACTIVE,Fitbit App
2024-07-27T15:45:00Z,MODERATELY_ACTIVE,Fitbit App
2024-07-27T15:46:00Z,LIGHTLY_ACTIVE,Fitbit App
2024-07-27T15:47:00Z,SEDENTARY,Fitbit App
2024-07-27T15:48:00Z,SEDENTARY,Fitbit App
2024-07-27T15:49:00Z,LIGHTLY_ACTIVE,Fitbit App
2024-07-27T15:50:00Z,LIGHTLY_ACTIVE,Fitbit App
2024-07-27T15:51:00Z,LIGHTLY_ACTIVE,Fitbit App
2024-07-27T15:52:00Z,LIGHTLY_ACTIVE,Fitbit App
2024-07-27T15:53:00Z,LIGHTLY_ACTIVE,Fitbit App
2024-07-27T15:54:00Z,SEDENTARY,Fitbit App
2024-07-27T15:55:00Z,SEDENTARY,Fitbit App
2024-07-27T15:56:00Z,MODERATELY_ACTIVE,Fitbit App
2024-07-27T15:57:00Z,MODERATELY_ACTIVE,Fitbit App
2024-07-27T15:58:00Z,LIGHTLY_ACTIVE,Fitbit App
2024-07-27T15:59:00Z,LIGHTLY_ACTIVE,Fitbit App
2024-07-27T16:00:00Z,SEDENTARY,Fitbit App
2024-07-27T16:01:00Z,MODERATELY_ACTIVE,Fitbit App
2024-07-27T16:02:00Z,MODERATELY_ACTIVE,Fitbit App
2024-07-27T16:03:00Z,LIGHTLY_ACTIVE,Fitbit App
2024-07-27T16:04:00Z,LIGHTLY_ACTIVE,Fitbit App
2024-07-27T16:05:00Z,MODERATELY_ACTIVE,Fitbit App
2024-07-27T16:06:00Z,VERY_ACTIVE,Fitbit App
2024-07-27T16:07:00Z,MODERATELY_ACTIVE,Fitbit App
2024-07-27T16:08:00Z,MODERATELY_ACTIVE,Fitbit App
2024-07-27T16:09:00Z,LIGHTLY_ACTIVE,Fitbit App
2024-07-27T16:10:00Z,LIGHTLY_ACTIVE,Fitbit App
2024-07-27T16:11:00Z,LIGHTLY_ACTIVE,Fitbit App
2024-07-27T16:12:00Z,MODERATELY_ACTIVE,Fitbit App
2024-07-27T16:13:00Z,MODERATELY_ACTIVE,Fitbit App
2024-07-27T16:14:00Z,SEDENTARY,Fitbit App
2024-07-27T16:15:00Z,LIGHTLY_ACTIVE,Fitbit App
2024-07-27T16:16:00Z,LIGHTLY_ACTIVE,Fitbit App
2024-07-27T16:17:00Z,SEDENTARY,Fitbit App
2024-07-27T16:18:00Z,LIGHTLY_ACTIVE,Fitbit App
2024-07-27T16:19:00Z,SEDENTARY,Fitbit App
2024-07-27T16:20:00Z,SEDENTARY,Fitbit App
2024-07-27T16:21:00Z,LIGHTLY_ACTIVE,Fitbit App
2024-07-27T16:22:00Z,LIGHTLY_ACTIVE,Fitbit App
2024-07-27T16:23:00Z,LIGHTLY_ACTIVE,Fitbit App
2024-07-27T16:24:00Z,MODERATELY_ACTIVE,Fitbit App
2024-07-27T16:25:00Z,MODERATELY_ACTIVE,Fitbit App
2024-07-27T16:26:00Z,MODERATELY_ACTIVE,Fitbit App
2024-07-27T16:27:00Z,MODERATELY_ACTIVE,Fitbit App
2024-07-27T16:28:00Z,MODERATELY_ACTIVE,Fitbit App
2024-07-27T16:29:00Z,MODERATELY_ACTIVE,Fitbit App
2024-07-27T16:30:00Z,MODERATELY_ACTIVE,Fitbit App
2024-07-27T16:31:00Z,LIGHTLY_ACTIVE,Fitbit App
2024-07-27T16:32:00Z,LIGHTLY_ACTIVE,Fitbit App
2024-07-27T16:33:00Z,SEDENTARY,Fitbit App
2024-07-27T16:34:00Z,MODERATELY_ACTIVE,Fitbit App
2024-07-27T16:35:00Z,LIGHTLY_ACTIVE,Fitbit App
2024-07-27T16:36:00Z,SEDENTARY,Fitbit App
2024-07-27T16:37:00Z,SEDENTARY,Fitbit App
2024-07-27T16:38:00Z,SEDENTARY,Fitbit App
2024-07-27T16:39:00Z,SEDENTARY,Fitbit App
2024-07-27T16:40:00Z,SEDENTARY,Fitbit App
2024-07-27T16:41:00Z,SEDENTARY,Fitbit App
2024-07-27T16:42:00Z,LIGHTLY_ACTIVE,Fitbit App
2024-07-27T16:43:00Z,SEDENTARY,Fitbit App
2024-07-27T16:44:00Z,LIGHTLY_ACTIVE,Fitbit App
2024-07-27T16:45:00Z,SEDENTARY,Fitbit App
2024-07-27T16:46:00Z,SEDENTARY,Fitbit App
2024-07-27T16:47:00Z,SEDENTARY,Fitbit App
2024-07-27T16:48:00Z,SEDENTARY,Fitbit App
2024-07-27T16:49:00Z,SEDENTARY,Fitbit App
2024-07-27T16:50:00Z,SEDENTARY,Fitbit App
2024-07-27T16:51:00Z,SEDENTARY,Fitbit App
2024-07-27T16:52:00Z,SEDENTARY,Fitbit App
2024-07-27T16:53:00Z,SEDENTARY,Fitbit App
2024-07-27T16:54:00Z,SEDENTARY,Fitbit App
2024-07-27T16:55:00Z,LIGHTLY_ACTIVE,Fitbit App
2024-07-27T16:56:00Z,SEDENTARY,Fitbit App
2024-07-27T16:57:00Z,LIGHTLY_ACTIVE,Fitbit App
2024-07-27T16:58:00Z,SEDENTARY,Fitbit App
2024-07-27T16:59:00Z,SEDENTARY,Fitbit App
2024-07-27T17:00:00Z,SEDENTARY,Fitbit App
2024-07-27T17:01:00Z,SEDENTARY,Fitbit App
2024-07-27T17:02:00Z,SEDENTARY,Fitbit App
2024-07-27T17:03:00Z,LIGHTLY_ACTIVE,Fitbit App
2024-07-27T17:04:00Z,SEDENTARY,Fitbit App
2024-07-27T17:05:00Z,SEDENTARY,Fitbit App
2024-07-27T17:06:00Z,SEDENTARY,Fitbit App
2024-07-27T17:07:00Z,SEDENTARY,Fitbit App
2024-07-27T17:08:00Z,LIGHTLY_ACTIVE,Fitbit App
2024-07-27T17:09:00Z,SEDENTARY,Fitbit App
2024-07-27T17:10:00Z,LIGHTLY_ACTIVE,Fitbit App
2024-07-27T17:11:00Z,SEDENTARY,Fitbit App
2024-07-27T17:12:00Z,SEDENTARY,Fitbit App
2024-07-27T17:13:00Z,LIGHTLY_ACTIVE,Fitbit App
2024-07-27T17:14:00Z,LIGHTLY_ACTIVE,Fitbit App
2024-07-27T17:15:00Z,LIGHTLY_ACTIVE,Fitbit App
2024-07-27T17:16:00Z,SEDENTARY,Fitbit App
2024-07-27T17:17:00Z,SEDENTARY,Fitbit App
2024-07-27T17:18:00Z,SEDENTARY,Fitbit App
2024-07-27T17:19:00Z,SEDENTARY,Fitbit App
2024-07-27T17:20:00Z,LIGHTLY_ACTIVE,Fitbit App
2024-07-27T17:21:00Z,LIGHTLY_ACTIVE,Fitbit App
2024-07-27T17:22:00Z,SEDENTARY,Fitbit App
2024-07-27T17:23:00Z,SEDENTARY,Fitbit App
2024-07-27T17:24:00Z,SEDENTARY,Fitbit App
2024-07-27T17:25:00Z,LIGHTLY_ACTIVE,Fitbit App
2024-07-27T17:26:00Z,SEDENTARY,Fitbit App
2024-07-27T17:27:00Z,SEDENTARY,Fitbit App
2024-07-27T17:28:00Z,LIGHTLY_ACTIVE,Fitbit App
2024-07-27T17:29:00Z,LIGHTLY_ACTIVE,Fitbit App
2024-07-27T17:30:00Z,SEDENTARY,Fitbit App
2024-07-27T17:31:00Z,SEDENTARY,Fitbit App
2024-07-27T17:32:00Z,LIGHTLY_ACTIVE,Fitbit App
2024-07-27T17:33:00Z,SEDENTARY,Fitbit App
2024-07-27T17:34:00Z,SEDENTARY,Fitbit App
2024-07-27T17:35:00Z,SEDENTARY,Fitbit App
2024-07-27T17:36:00Z,SEDENTARY,Fitbit App
2024-07-27T17:37:00Z,SEDENTARY,Fitbit App
2024-07-27T17:38:00Z,SEDENTARY,Fitbit App
2024-07-27T17:39:00Z,SEDENTARY,Fitbit App
2024-07-27T17:40:00Z,SEDENTARY,Fitbit App
2024-07-27T17:41:00Z,SEDENTARY,Fitbit App
2024-07-27T17:42:00Z,SEDENTARY,Fitbit App
2024-07-27T17:43:00Z,SEDENTARY,Fitbit App
2024-07-27T17:44:00Z,SEDENTARY,Fitbit App
2024-07-27T17:45:00Z,SEDENTARY,Fitbit App
2024-07-27T17:46:00Z,SEDENTARY,Fitbit App
2024-07-27T17:47:00Z,SEDENTARY,Fitbit App
2024-07-27T17:48:00Z,SEDENTARY,Fitbit App
2024-07-27T17:49:00Z,SEDENTARY,Fitbit App
2024-07-27T17:50:00Z,LIGHTLY_ACTIVE,Fitbit App
2024-07-27T17:51:00Z,SEDENTARY,Fitbit App
2024-07-27T17:52:00Z,LIGHTLY_ACTIVE,Fitbit App
2024-07-27T17:53:00Z,SEDENTARY,Fitbit App
2024-07-27T17:54:00Z,SEDENTARY,Fitbit App
2024-07-27T17:55:00Z,LIGHTLY_ACTIVE,Fitbit App
2024-07-27T17:56:00Z,VERY_ACTIVE,Fitbit App
2024-07-27T17:57:00Z,SEDENTARY,Fitbit App
2024-07-27T17:58:00Z,LIGHTLY_ACTIVE,Fitbit App
2024-07-27T17:59:00Z,SEDENTARY,Fitbit App
2024-07-27T18:00:00Z,SEDENTARY,Fitbit App
2024-07-27T18:01:00Z,SEDENTARY,Fitbit App
2024-07-27T18:02:00Z,LIGHTLY_ACTIVE,Fitbit App
2024-07-27T18:03:00Z,SEDENTARY,Fitbit App
2024-07-27T18:04:00Z,SEDENTARY,Fitbit App
2024-07-27T18:05:00Z,SEDENTARY,Fitbit App
2024-07-27T18:06:00Z,LIGHTLY_ACTIVE,Fitbit App
2024-07-27T18:07:00Z,SEDENTARY,Fitbit App
2024-07-27T18:08:00Z,SEDENTARY,Fitbit App
2024-07-27T18:09:00Z,LIGHTLY_ACTIVE,Fitbit App
2024-07-27T18:10:00Z,LIGHTLY_ACTIVE,Fitbit App
2024-07-27T18:11:00Z,LIGHTLY_ACTIVE,Fitbit App
2024-07-27T18:12:00Z,SEDENTARY,Fitbit App
2024-07-27T18:13:00Z,SEDENTARY,Fitbit App
2024-07-27T18:14:00Z,SEDENTARY,Fitbit App
2024-07-27T18:15:00Z,LIGHTLY_ACTIVE,Fitbit App
2024-07-27T18:16:00Z,SEDENTARY,Fitbit App
2024-07-27T18:17:00Z,SEDENTARY,Fitbit App
2024-07-27T18:18:00Z,SEDENTARY,Fitbit App
2024-07-27T18:19:00Z,SEDENTARY,Fitbit App
2024-07-27T18:20:00Z,SEDENTARY,Fitbit App
2024-07-27T18:21:00Z,SEDENTARY,Fitbit App
2024-07-27T18:22:00Z,SEDENTARY,Fitbit App
2024-07-27T18:23:00Z,SEDENTARY,Fitbit App
2024-07-27T18:24:00Z,LIGHTLY_ACTIVE,Fitbit App
2024-07-27T18:25:00Z,SEDENTARY,Fitbit App
2024-07-27T18:26:00Z,SEDENTARY,Fitbit App
2024-07-27T18:27:00Z,SEDENTARY,Fitbit App
2024-07-27T18:28:00Z,SEDENTARY,Fitbit App
2024-07-27T18:29:00Z,SEDENTARY,Fitbit App
2024-07-27T18:30:00Z,SEDENTARY,Fitbit App
2024-07-27T18:31:00Z,SEDENTARY,Fitbit App
2024-07-27T18:32:00Z,SEDENTARY,Fitbit App
2024-07-27T18:33:00Z,SEDENTARY,Fitbit App
2024-07-27T18:34:00Z,SEDENTARY,Fitbit App
2024-07-27T18:35:00Z,SEDENTARY,Fitbit App
2024-07-27T18:36:00Z,SEDENTARY,Fitbit App
2024-07-27T18:37:00Z,SEDENTARY,Fitbit App
2024-07-27T18:38:00Z,SEDENTARY,Fitbit App
2024-07-27T18:39:00Z,SEDENTARY,Fitbit App
2024-07-27T18:40:00Z,SEDENTARY,Fitbit App
2024-07-27T18:41:00Z,SEDENTARY,Fitbit App
2024-07-27T18:42:00Z,SEDENTARY,Fitbit App
2024-07-27T18:43:00Z,SEDENTARY,Fitbit App
2024-07-27T18:44:00Z,SEDENTARY,Fitbit App
2024-07-27T18:45:00Z,SEDENTARY,Fitbit App
2024-07-27T18:46:00Z,SEDENTARY,Fitbit App
2024-07-27T18:47:00Z,SEDENTARY,Fitbit App
2024-07-27T18:48:00Z,SEDENTARY,Fitbit App
2024-07-27T18:49:00Z,SEDENTARY,Fitbit App
2024-07-27T18:50:00Z,SEDENTARY,Fitbit App
2024-07-27T18:51:00Z,SEDENTARY,Fitbit App
2024-07-27T18:52:00Z,SEDENTARY,Fitbit App
2024-07-27T18:53:00Z,SEDENTARY,Fitbit App
2024-07-27T18:54:00Z,SEDENTARY,Fitbit App
2024-07-27T18:55:00Z,LIGHTLY_ACTIVE,Fitbit App
2024-07-27T18:56:00Z,SEDENTARY,Fitbit App
2024-07-27T18:57:00Z,SEDENTARY,Fitbit App
2024-07-27T18:58:00Z,SEDENTARY,Fitbit App
2024-07-27T18:59:00Z,SEDENTARY,Fitbit App
2024-07-27T19:00:00Z,LIGHTLY_ACTIVE,Fitbit App
2024-07-27T19:01:00Z,SEDENTARY,Fitbit App
2024-07-27T19:02:00Z,LIGHTLY_ACTIVE,Fitbit App
2024-07-27T19:03:00Z,LIGHTLY_ACTIVE,Fitbit App
2024-07-27T19:04:00Z,LIGHTLY_ACTIVE,Fitbit App
2024-07-27T19:05:00Z,SEDENTARY,Fitbit App
2024-07-27T19:06:00Z,LIGHTLY_ACTIVE,Fitbit App
2024-07-27T19:07:00Z,SEDENTARY,Fitbit App
2024-07-27T19:08:00Z,SEDENTARY,Fitbit App
2024-07-27T19:09:00Z,LIGHTLY_ACTIVE,Fitbit App
2024-07-27T19:10:00Z,MODERATELY_ACTIVE,Fitbit App
2024-07-27T19:11:00Z,LIGHTLY_ACTIVE,Fitbit App
2024-07-27T19:12:00Z,MODERATELY_ACTIVE,Fitbit App
2024-07-27T19:13:00Z,VERY_ACTIVE,Fitbit App
2024-07-27T19:14:00Z,MODERATELY_ACTIVE,Fitbit App
2024-07-27T19:15:00Z,VERY_ACTIVE,Fitbit App
2024-07-27T19:16:00Z,VERY_ACTIVE,Fitbit App
2024-07-27T19:17:00Z,VERY_ACTIVE,Fitbit App
2024-07-27T19:18:00Z,MODERATELY_ACTIVE,Fitbit App
2024-07-27T19:19:00Z,MODERATELY_ACTIVE,Fitbit App
2024-07-27T19:20:00Z,VERY_ACTIVE,Fitbit App
2024-07-27T19:21:00Z,VERY_ACTIVE,Fitbit App
2024-07-27T19:22:00Z,VERY_ACTIVE,Fitbit App
2024-07-27T19:23:00Z,VERY_ACTIVE,Fitbit App
2024-07-27T19:24:00Z,VERY_ACTIVE,Fitbit App
2024-07-27T19:25:00Z,VERY_ACTIVE,Fitbit App
2024-07-27T19:26:00Z,MODERATELY_ACTIVE,Fitbit App
2024-07-27T19:27:00Z,MODERATELY_ACTIVE,Fitbit App
2024-07-27T19:28:00Z,MODERATELY_ACTIVE,Fitbit App
2024-07-27T19:29:00Z,VERY_ACTIVE,Fitbit App
2024-07-27T19:30:00Z,LIGHTLY_ACTIVE,Fitbit App
2024-07-27T19:31:00Z,LIGHTLY_ACTIVE,Fitbit App
2024-07-27T19:32:00Z,MODERATELY_ACTIVE,Fitbit App
2024-07-27T19:33:00Z,SEDENTARY,Fitbit App
2024-07-27T19:34:00Z,SEDENTARY,Fitbit App
2024-07-27T19:35:00Z,SEDENTARY,Fitbit App
2024-07-27T19:36:00Z,LIGHTLY_ACTIVE,Fitbit App
2024-07-27T19:37:00Z,LIGHTLY_ACTIVE,Fitbit App
2024-07-27T19:38:00Z,LIGHTLY_ACTIVE,Fitbit App
2024-07-27T19:39:00Z,MODERATELY_ACTIVE,Fitbit App
2024-07-27T19:40:00Z,SEDENTARY,Fitbit App
2024-07-27T19:41:00Z,LIGHTLY_ACTIVE,Fitbit App
2024-07-27T19:42:00Z,SEDENTARY,Fitbit App
2024-07-27T19:43:00Z,SEDENTARY,Fitbit App
2024-07-27T19:44:00Z,SEDENTARY,Fitbit App
2024-07-27T19:45:00Z,LIGHTLY_ACTIVE,Fitbit App
2024-07-27T19:46:00Z,SEDENTARY,Fitbit App
2024-07-27T19:47:00Z,SEDENTARY,Fitbit App
2024-07-27T19:48:00Z,SEDENTARY,Fitbit App
2024-07-27T19:49:00Z,SEDENTARY,Fitbit App
2024-07-27T19:50:00Z,SEDENTARY,Fitbit App
2024-07-27T19:51:00Z,SEDENTARY,Fitbit App
2024-07-27T19:52:00Z,LIGHTLY_ACTIVE,Fitbit App
2024-07-27T19:53:00Z,VERY_ACTIVE,Fitbit App
2024-07-27T19:54:00Z,MODERATELY_ACTIVE,Fitbit App
2024-07-27T19:55:00Z,SEDENTARY,Fitbit App
2024-07-27T19:56:00Z,LIGHTLY_ACTIVE,Fitbit App
2024-07-27T19:57:00Z,SEDENTARY,Fitbit App
2024-07-27T19:58:00Z,SEDENTARY,Fitbit App
2024-07-27T19:59:00Z,SEDENTARY,Fitbit App
2024-07-27T20:00:00Z,SEDENTARY,Fitbit App
2024-07-27T20:01:00Z,SEDENTARY,Fitbit App
2024-07-27T20:02:00Z,SEDENTARY,Fitbit App
2024-07-27T20:03:00Z,SEDENTARY,Fitbit App
2024-07-27T20:04:00Z,SEDENTARY,Fitbit App
2024-07-27T20:05:00Z,SEDENTARY,Fitbit App
2024-07-27T20:06:00Z,SEDENTARY,Fitbit App
2024-07-27T20:07:00Z,SEDENTARY,Fitbit App
2024-07-27T20:08:00Z,SEDENTARY,Fitbit App
2024-07-27T20:09:00Z,SEDENTARY,Fitbit App
2024-07-27T20:10:00Z,SEDENTARY,Fitbit App
2024-07-27T20:11:00Z,SEDENTARY,Fitbit App
2024-07-27T20:12:00Z,SEDENTARY,Fitbit App
2024-07-27T20:13:00Z,SEDENTARY,Fitbit App
2024-07-27T20:14:00Z,SEDENTARY,Fitbit App
2024-07-27T20:15:00Z,SEDENTARY,Fitbit App
2024-07-27T20:16:00Z,SEDENTARY,Fitbit App
2024-07-27T20:17:00Z,SEDENTARY,Fitbit App
2024-07-27T20:18:00Z,SEDENTARY,Fitbit App
2024-07-27T20:19:00Z,LIGHTLY_ACTIVE,Fitbit App
2024-07-27T20:20:00Z,MODERATELY_ACTIVE,Fitbit App
2024-07-27T20:21:00Z,VERY_ACTIVE,Fitbit App
2024-07-27T20:22:00Z,MODERATELY_ACTIVE,Fitbit App
2024-07-27T20:23:00Z,VERY_ACTIVE,Fitbit App
2024-07-27T20:24:00Z,VERY_ACTIVE,Fitbit App
2024-07-27T20:25:00Z,LIGHTLY_ACTIVE,Fitbit App
2024-07-27T20:26:00Z,MODERATELY_ACTIVE,Fitbit App
2024-07-27T20:27:00Z,LIGHTLY_ACTIVE,Fitbit App
2024-07-27T20:28:00Z,LIGHTLY_ACTIVE,Fitbit App
2024-07-27T20:29:00Z,SEDENTARY,Fitbit App
2024-07-27T20:30:00Z,LIGHTLY_ACTIVE,Fitbit App
2024-07-27T20:31:00Z,LIGHTLY_ACTIVE,Fitbit App
2024-07-27T20:32:00Z,LIGHTLY_ACTIVE,Fitbit App
2024-07-27T20:33:00Z,LIGHTLY_ACTIVE,Fitbit App
2024-07-27T20:34:00Z,LIGHTLY_ACTIVE,Fitbit App
2024-07-27T20:35:00Z,SEDENTARY,Fitbit App
2024-07-27T20:36:00Z,LIGHTLY_ACTIVE,Fitbit App
2024-07-27T20:37:00Z,SEDENTARY,Fitbit App
2024-07-27T20:38:00Z,LIGHTLY_ACTIVE,Fitbit App
2024-07-27T20:39:00Z,LIGHTLY_ACTIVE,Fitbit App
2024-07-27T20:40:00Z,SEDENTARY,Fitbit App
2024-07-27T20:41:00Z,SEDENTARY,Fitbit App
2024-07-27T20:42:00Z,LIGHTLY_ACTIVE,Fitbit App
2024-07-27T20:43:00Z,MODERATELY_ACTIVE,Fitbit App
2024-07-27T20:44:00Z,VERY_ACTIVE,Fitbit App
2024-07-27T20:45:00Z,MODERATELY_ACTIVE,Fitbit App
2024-07-27T20:46:00Z,SEDENTARY,Fitbit App
2024-07-27T20:47:00Z,SEDENTARY,Fitbit App
2024-07-27T20:48:00Z,SEDENTARY,Fitbit App
2024-07-27T20:49:00Z,LIGHTLY_ACTIVE,Fitbit App
2024-07-27T20:50:00Z,SEDENTARY,Fitbit App
2024-07-27T20:51:00Z,SEDENTARY,Fitbit App
2024-07-27T20:52:00Z,SEDENTARY,Fitbit App
2024-07-27T20:53:00Z,SEDENTARY,Fitbit App
2024-07-27T20:54:00Z,SEDENTARY,Fitbit App
2024-07-27T20:55:00Z,SEDENTARY,Fitbit App
2024-07-27T20:56:00Z,SEDENTARY,Fitbit App
2024-07-27T20:57:00Z,SEDENTARY,Fitbit App
2024-07-27T20:58:00Z,SEDENTARY,Fitbit App
2024-07-27T20:59:00Z,SEDENTARY,Fitbit App
2024-07-27T21:00:00Z,SEDENTARY,Fitbit App
2024-07-27T21:01:00Z,SEDENTARY,Fitbit App
2024-07-27T21:02:00Z,SEDENTARY,Fitbit App
2024-07-27T21:03:00Z,SEDENTARY,Fitbit App
2024-07-27T21:04:00Z,SEDENTARY,Fitbit App
2024-07-27T21:05:00Z,SEDENTARY,Fitbit App
2024-07-27T21:06:00Z,SEDENTARY,Fitbit App
2024-07-27T21:07:00Z,SEDENTARY,Fitbit App
2024-07-27T21:08:00Z,SEDENTARY,Fitbit App
2024-07-27T21:09:00Z,SEDENTARY,Fitbit App
2024-07-27T21:10:00Z,SEDENTARY,Fitbit App
2024-07-27T21:11:00Z,SEDENTARY,Fitbit App
2024-07-27T21:12:00Z,SEDENTARY,Fitbit App
2024-07-27T21:13:00Z,SEDENTARY,Fitbit App
2024-07-27T21:14:00Z,SEDENTARY,Fitbit App
2024-07-27T21:15:00Z,SEDENTARY,Fitbit App
2024-07-27T21:16:00Z,SEDENTARY,Fitbit App
2024-07-27T21:17:00Z,SEDENTARY,Fitbit App
2024-07-27T21:18:00Z,SEDENTARY,Fitbit App
2024-07-27T21:19:00Z,SEDENTARY,Fitbit App
2024-07-27T21:20:00Z,SEDENTARY,Fitbit App
2024-07-27T21:21:00Z,SEDENTARY,Fitbit App
2024-07-27T21:22:00Z,LIGHTLY_ACTIVE,Fitbit App
2024-07-27T21:23:00Z,MODERATELY_ACTIVE,Fitbit App
2024-07-27T21:24:00Z,VERY_ACTIVE,Fitbit App
2024-07-27T21:25:00Z,MODERATELY_ACTIVE,Fitbit App
2024-07-27T21:26:00Z,MODERATELY_ACTIVE,Fitbit App
2024-07-27T21:27:00Z,LIGHTLY_ACTIVE,Fitbit App
2024-07-27T21:28:00Z,SEDENTARY,Fitbit App
2024-07-27T21:29:00Z,SEDENTARY,Fitbit App
2024-07-27T21:30:00Z,SEDENTARY,Fitbit App
2024-07-27T21:31:00Z,SEDENTARY,Fitbit App
2024-07-27T21:32:00Z,SEDENTARY,Fitbit App
2024-07-27T21:33:00Z,SEDENTARY,Fitbit App
2024-07-27T21:34:00Z,SEDENTARY,Fitbit App
2024-07-27T21:35:00Z,SEDENTARY,Fitbit App
2024-07-27T21:36:00Z,SEDENTARY,Fitbit App
2024-07-27T21:37:00Z,SEDENTARY,Fitbit App
2024-07-27T21:39:00Z,SEDENTARY,Fitbit App
2024-07-27T21:41:00Z,SEDENTARY,Fitbit App
2024-07-27T21:42:00Z,SEDENTARY,Fitbit App
2024-07-27T21:43:00Z,SEDENTARY,Fitbit App
2024-07-27T21:44:00Z,SEDENTARY,Fitbit App
2024-07-27T21:45:00Z,SEDENTARY,Fitbit App
2024-07-27T21:46:00Z,SEDENTARY,Fitbit App
2024-07-27T21:47:00Z,SEDENTARY,Fitbit App
2024-07-27T21:48:00Z,SEDENTARY,Fitbit App
2024-07-27T21:49:00Z,SEDENTARY,Fitbit App
2024-07-27T21:50:00Z,SEDENTARY,Fitbit App
2024-07-27T21:51:00Z,SEDENTARY,Fitbit App
2024-07-27T21:52:00Z,SEDENTARY,Fitbit App
2024-07-27T21:53:00Z,SEDENTARY,Fitbit App
2024-07-27T21:54:00Z,SEDENTARY,Fitbit App
2024-07-27T21:55:00Z,SEDENTARY,Fitbit App
2024-07-27T21:56:00Z,SEDENTARY,Fitbit App
2024-07-27T21:57:00Z,SEDENTARY,Fitbit App
2024-07-27T21:58:00Z,SEDENTARY,Fitbit App
2024-07-27T21:59:00Z,SEDENTARY,Fitbit App
2024-07-27T22:00:00Z,SEDENTARY,Fitbit App
2024-07-27T22:01:00Z,SEDENTARY,Fitbit App
2024-07-27T22:02:00Z,SEDENTARY,Fitbit App
2024-07-27T22:03:00Z,SEDENTARY,Fitbit App
2024-07-27T22:04:00Z,LIGHTLY_ACTIVE,Fitbit App
2024-07-27T22:05:00Z,LIGHTLY_ACTIVE,Fitbit App
2024-07-27T22:06:00Z,LIGHTLY_ACTIVE,Fitbit App
2024-07-27T22:07:00Z,LIGHTLY_ACTIVE,Fitbit App
2024-07-27T22:08:00Z,SEDENTARY,Fitbit App
2024-07-27T22:09:00Z,SEDENTARY,Fitbit App
2024-07-27T22:10:00Z,SEDENTARY,Fitbit App
2024-07-27T22:11:00Z,SEDENTARY,Fitbit App
2024-07-27T22:12:00Z,SEDENTARY,Fitbit App
2024-07-27T22:13:00Z,SEDENTARY,Fitbit App
2024-07-27T22:14:00Z,SEDENTARY,Fitbit App
2024-07-27T22:15:00Z,SEDENTARY,Fitbit App
2024-07-27T22:16:00Z,SEDENTARY,Fitbit App
2024-07-27T22:17:00Z,SEDENTARY,Fitbit App
2024-07-27T22:18:00Z,SEDENTARY,Fitbit App
2024-07-27T22:20:00Z,SEDENTARY,Fitbit App
2024-07-27T22:22:00Z,SEDENTARY,Fitbit App
2024-07-27T22:23:00Z,SEDENTARY,Fitbit App
2024-07-27T22:24:00Z,SEDENTARY,Fitbit App
2024-07-27T22:31:00Z,SEDENTARY,Fitbit App
2024-07-27T22:32:00Z,SEDENTARY,Fitbit App
2024-07-27T22:33:00Z,SEDENTARY,Fitbit App
2024-07-27T22:34:00Z,SEDENTARY,Fitbit App
2024-07-27T22:35:00Z,SEDENTARY,Fitbit App
2024-07-27T22:36:00Z,SEDENTARY,Fitbit App
2024-07-27T22:37:00Z,SEDENTARY,Fitbit App
2024-07-27T22:38:00Z,SEDENTARY,Fitbit App
2024-07-27T22:39:00Z,SEDENTARY,Fitbit App
2024-07-27T22:40:00Z,SEDENTARY,Fitbit App
2024-07-27T22:44:00Z,SEDENTARY,Fitbit App
2024-07-27T22:47:00Z,SEDENTARY,Fitbit App
2024-07-27T22:48:00Z,SEDENTARY,Fitbit App
2024-07-27T22:49:00Z,SEDENTARY,Fitbit App
2024-07-27T22:50:00Z,SEDENTARY,Fitbit App
2024-07-27T23:57:00Z,SEDENTARY,Fitbit App
2024-07-27T23:58:00Z,SEDENTARY,Fitbit App
2024-07-28T00:11:00Z,SEDENTARY,Fitbit App
2024-07-28T00:12:00Z,SEDENTARY,Fitbit App
2024-07-28T00:13:00Z,SEDENTARY,Fitbit App
2024-07-28T00:16:00Z,SEDENTARY,Fitbit App
2024-07-28T00:17:00Z,SEDENTARY,Fitbit App
2024-07-28T00:23:00Z,SEDENTARY,Fitbit App
2024-07-28T00:30:00Z,SEDENTARY,Fitbit App
2024-07-28T01:01:00Z,SEDENTARY,Fitbit App
2024-07-28T01:06:00Z,SEDENTARY,Fitbit App
2024-07-28T01:08:00Z,SEDENTARY,Fitbit App
2024-07-28T01:19:00Z,SEDENTARY,Fitbit App
2024-07-28T01:32:00Z,SEDENTARY,Fitbit App
2024-07-28T02:00:00Z,SEDENTARY,Fitbit App
2024-07-28T02:19:00Z,SEDENTARY,Fitbit App
2024-07-28T02:25:00Z,SEDENTARY,Fitbit App
2024-07-28T04:05:00Z,SEDENTARY,Fitbit App
2024-07-28T04:11:00Z,SEDENTARY,Fitbit App
2024-07-28T05:12:00Z,SEDENTARY,Fitbit App
2024-07-28T05:58:00Z,SEDENTARY,Fitbit App
2024-07-28T06:21:00Z,SEDENTARY,Fitbit App
2024-07-28T06:22:00Z,SEDENTARY,Fitbit App
2024-07-28T06:23:00Z,SEDENTARY,Fitbit App
2024-07-28T06:33:00Z,SEDENTARY,Fitbit App
2024-07-28T06:34:00Z,SEDENTARY,Fitbit App
2024-07-28T06:38:00Z,SEDENTARY,Fitbit App
2024-07-28T06:39:00Z,LIGHTLY_ACTIVE,Fitbit App
2024-07-28T06:40:00Z,LIGHTLY_ACTIVE,Fitbit App
2024-07-28T06:41:00Z,SEDENTARY,Fitbit App
2024-07-28T06:42:00Z,SEDENTARY,Fitbit App
2024-07-28T06:47:00Z,SEDENTARY,Fitbit App
2024-07-28T06:48:00Z,SEDENTARY,Fitbit App
2024-07-28T06:49:00Z,SEDENTARY,Fitbit App
2024-07-28T06:51:00Z,SEDENTARY,Fitbit App
2024-07-28T06:52:00Z,SEDENTARY,Fitbit App
2024-07-28T06:53:00Z,SEDENTARY,Fitbit App
2024-07-28T06:54:00Z,SEDENTARY,Fitbit App
2024-07-28T07:01:00Z,SEDENTARY,Fitbit App
2024-07-28T07:02:00Z,SEDENTARY,Fitbit App
2024-07-28T07:03:00Z,LIGHTLY_ACTIVE,Fitbit App
2024-07-28T07:04:00Z,SEDENTARY,Fitbit App
2024-07-28T07:05:00Z,SEDENTARY,Fitbit App
2024-07-28T07:06:00Z,SEDENTARY,Fitbit App
2024-07-28T07:07:00Z,SEDENTARY,Fitbit App
2024-07-28T07:09:00Z,LIGHTLY_ACTIVE,Fitbit App
2024-07-28T07:10:00Z,LIGHTLY_ACTIVE,Fitbit App
2024-07-28T07:11:00Z,LIGHTLY_ACTIVE,Fitbit App
2024-07-28T07:12:00Z,LIGHTLY_ACTIVE,Fitbit App
2024-07-28T07:13:00Z,LIGHTLY_ACTIVE,Fitbit App
2024-07-28T07:14:00Z,LIGHTLY_ACTIVE,Fitbit App
2024-07-28T07:15:00Z,SEDENTARY,Fitbit App
2024-07-28T07:16:00Z,SEDENTARY,Fitbit App
2024-07-28T07:17:00Z,SEDENTARY,Fitbit App
2024-07-28T07:18:00Z,SEDENTARY,Fitbit App
2024-07-28T07:19:00Z,SEDENTARY,Fitbit App
2024-07-28T07:20:00Z,SEDENTARY,Fitbit App
2024-07-28T07:21:00Z,SEDENTARY,Fitbit App
2024-07-28T07:22:00Z,SEDENTARY,Fitbit App
2024-07-28T07:23:00Z,SEDENTARY,Fitbit App
2024-07-28T07:24:00Z,SEDENTARY,Fitbit App
2024-07-28T07:25:00Z,LIGHTLY_ACTIVE,Fitbit App
2024-07-28T07:26:00Z,LIGHTLY_ACTIVE,Fitbit App
2024-07-28T07:27:00Z,LIGHTLY_ACTIVE,Fitbit App
2024-07-28T07:28:00Z,LIGHTLY_ACTIVE,Fitbit App
2024-07-28T07:29:00Z,SEDENTARY,Fitbit App
2024-07-28T07:30:00Z,LIGHTLY_ACTIVE,Fitbit App
2024-07-28T07:31:00Z,LIGHTLY_ACTIVE,Fitbit App
2024-07-28T07:32:00Z,SEDENTARY,Fitbit App
2024-07-28T07:33:00Z,SEDENTARY,Fitbit App
2024-07-28T07:34:00Z,SEDENTARY,Fitbit App
2024-07-28T07:35:00Z,SEDENTARY,Fitbit App
2024-07-28T07:36:00Z,SEDENTARY,Fitbit App
2024-07-28T07:37:00Z,SEDENTARY,Fitbit App
2024-07-28T07:39:00Z,SEDENTARY,Fitbit App
2024-07-28T07:40:00Z,SEDENTARY,Fitbit App
2024-07-28T07:41:00Z,LIGHTLY_ACTIVE,Fitbit App
2024-07-28T07:42:00Z,LIGHTLY_ACTIVE,Fitbit App
2024-07-28T07:43:00Z,SEDENTARY,Fitbit App
2024-07-28T07:44:00Z,LIGHTLY_ACTIVE,Fitbit App
2024-07-28T07:45:00Z,SEDENTARY,Fitbit App
2024-07-28T07:46:00Z,SEDENTARY,Fitbit App
2024-07-28T07:47:00Z,SEDENTARY,Fitbit App
2024-07-28T07:48:00Z,LIGHTLY_ACTIVE,Fitbit App
2024-07-28T07:49:00Z,SEDENTARY,Fitbit App
2024-07-28T07:50:00Z,SEDENTARY,Fitbit App
2024-07-28T07:51:00Z,LIGHTLY_ACTIVE,Fitbit App
2024-07-28T07:52:00Z,SEDENTARY,Fitbit App
2024-07-28T07:53:00Z,LIGHTLY_ACTIVE,Fitbit App
2024-07-28T07:54:00Z,LIGHTLY_ACTIVE,Fitbit App
2024-07-28T07:55:00Z,SEDENTARY,Fitbit App
2024-07-28T07:56:00Z,LIGHTLY_ACTIVE,Fitbit App
2024-07-28T07:57:00Z,SEDENTARY,Fitbit App
2024-07-28T07:58:00Z,SEDENTARY,Fitbit App
2024-07-28T07:59:00Z,SEDENTARY,Fitbit App
2024-07-28T08:00:00Z,SEDENTARY,Fitbit App
2024-07-28T08:01:00Z,SEDENTARY,Fitbit App
2024-07-28T08:02:00Z,SEDENTARY,Fitbit App
2024-07-28T08:03:00Z,SEDENTARY,Fitbit App
2024-07-28T08:04:00Z,SEDENTARY,Fitbit App
2024-07-28T08:05:00Z,SEDENTARY,Fitbit App
2024-07-28T08:06:00Z,SEDENTARY,Fitbit App
2024-07-28T08:07:00Z,SEDENTARY,Fitbit App
2024-07-28T08:08:00Z,SEDENTARY,Fitbit App
2024-07-28T08:09:00Z,LIGHTLY_ACTIVE,Fitbit App
2024-07-28T08:10:00Z,LIGHTLY_ACTIVE,Fitbit App
2024-07-28T08:11:00Z,LIGHTLY_ACTIVE,Fitbit App
2024-07-28T08:12:00Z,LIGHTLY_ACTIVE,Fitbit App
2024-07-28T08:13:00Z,LIGHTLY_ACTIVE,Fitbit App
2024-07-28T08:14:00Z,LIGHTLY_ACTIVE,Fitbit App
2024-07-28T08:15:00Z,SEDENTARY,Fitbit App
2024-07-28T08:16:00Z,SEDENTARY,Fitbit App
2024-07-28T08:17:00Z,SEDENTARY,Fitbit App
2024-07-28T08:18:00Z,SEDENTARY,Fitbit App
2024-07-28T08:19:00Z,LIGHTLY_ACTIVE,Fitbit App
2024-07-28T08:20:00Z,SEDENTARY,Fitbit App
2024-07-28T08:21:00Z,LIGHTLY_ACTIVE,Fitbit App
2024-07-28T08:22:00Z,LIGHTLY_ACTIVE,Fitbit App
2024-07-28T08:23:00Z,LIGHTLY_ACTIVE,Fitbit App
2024-07-28T08:24:00Z,SEDENTARY,Fitbit App
2024-07-28T08:32:00Z,SEDENTARY,Fitbit App
2024-07-28T08:33:00Z,SEDENTARY,Fitbit App
2024-07-28T08:34:00Z,LIGHTLY_ACTIVE,Fitbit App
2024-07-28T08:35:00Z,SEDENTARY,Fitbit App
2024-07-28T08:36:00Z,LIGHTLY_ACTIVE,Fitbit App
2024-07-28T08:37:00Z,LIGHTLY_ACTIVE,Fitbit App
2024-07-28T08:38:00Z,LIGHTLY_ACTIVE,Fitbit App
2024-07-28T08:39:00Z,LIGHTLY_ACTIVE,Fitbit App
2024-07-28T08:40:00Z,SEDENTARY,Fitbit App
2024-07-28T08:41:00Z,SEDENTARY,Fitbit App
2024-07-28T08:42:00Z,SEDENTARY,Fitbit App
2024-07-28T08:43:00Z,SEDENTARY,Fitbit App
2024-07-28T08:44:00Z,SEDENTARY,Fitbit App
2024-07-28T08:45:00Z,SEDENTARY,Fitbit App
2024-07-28T08:48:00Z,SEDENTARY,Fitbit App
2024-07-28T08:49:00Z,SEDENTARY,Fitbit App
2024-07-28T08:50:00Z,SEDENTARY,Fitbit App
2024-07-28T08:51:00Z,SEDENTARY,Fitbit App
2024-07-28T08:53:00Z,SEDENTARY,Fitbit App
2024-07-28T08:54:00Z,SEDENTARY,Fitbit App
2024-07-28T08:55:00Z,SEDENTARY,Fitbit App
2024-07-28T08:56:00Z,LIGHTLY_ACTIVE,Fitbit App
2024-07-28T08:57:00Z,SEDENTARY,Fitbit App
2024-07-28T08:58:00Z,SEDENTARY,Fitbit App
2024-07-28T08:59:00Z,LIGHTLY_ACTIVE,Fitbit App
2024-07-28T09:00:00Z,LIGHTLY_ACTIVE,Fitbit App
2024-07-28T09:01:00Z,LIGHTLY_ACTIVE,Fitbit App
2024-07-28T09:02:00Z,LIGHTLY_ACTIVE,Fitbit App
2024-07-28T09:03:00Z,LIGHTLY_ACTIVE,Fitbit App
2024-07-28T09:04:00Z,SEDENTARY,Fitbit App
2024-07-28T09:05:00Z,SEDENTARY,Fitbit App
2024-07-28T09:06:00Z,SEDENTARY,Fitbit App
2024-07-28T09:07:00Z,SEDENTARY,Fitbit App
2024-07-28T09:08:00Z,SEDENTARY,Fitbit App
2024-07-28T09:09:00Z,SEDENTARY,Fitbit App
2024-07-28T09:10:00Z,LIGHTLY_ACTIVE,Fitbit App
2024-07-28T09:11:00Z,SEDENTARY,Fitbit App
2024-07-28T09:12:00Z,SEDENTARY,Fitbit App
2024-07-28T09:13:00Z,SEDENTARY,Fitbit App
2024-07-28T09:14:00Z,SEDENTARY,Fitbit App
2024-07-28T09:15:00Z,SEDENTARY,Fitbit App
2024-07-28T09:16:00Z,SEDENTARY,Fitbit App
2024-07-28T09:17:00Z,SEDENTARY,Fitbit App
2024-07-28T09:18:00Z,SEDENTARY,Fitbit App
2024-07-28T09:19:00Z,SEDENTARY,Fitbit App
2024-07-28T09:20:00Z,SEDENTARY,Fitbit App
2024-07-28T09:21:00Z,SEDENTARY,Fitbit App
2024-07-28T09:22:00Z,SEDENTARY,Fitbit App
2024-07-28T09:23:00Z,SEDENTARY,Fitbit App
2024-07-28T09:24:00Z,SEDENTARY,Fitbit App
2024-07-28T09:25:00Z,SEDENTARY,Fitbit App
2024-07-28T09:26:00Z,SEDENTARY,Fitbit App
2024-07-28T09:27:00Z,SEDENTARY,Fitbit App
2024-07-28T09:28:00Z,SEDENTARY,Fitbit App
2024-07-28T09:29:00Z,SEDENTARY,Fitbit App
2024-07-28T09:30:00Z,SEDENTARY,Fitbit App
2024-07-28T09:31:00Z,LIGHTLY_ACTIVE,Fitbit App
2024-07-28T09:32:00Z,SEDENTARY,Fitbit App
2024-07-28T09:33:00Z,SEDENTARY,Fitbit App
2024-07-28T09:34:00Z,SEDENTARY,Fitbit App
2024-07-28T09:35:00Z,LIGHTLY_ACTIVE,Fitbit App
2024-07-28T09:36:00Z,SEDENTARY,Fitbit App
2024-07-28T09:37:00Z,LIGHTLY_ACTIVE,Fitbit App
2024-07-28T09:38:00Z,SEDENTARY,Fitbit App
2024-07-28T09:39:00Z,SEDENTARY,Fitbit App
2024-07-28T09:40:00Z,SEDENTARY,Fitbit App
2024-07-28T09:41:00Z,LIGHTLY_ACTIVE,Fitbit App
2024-07-28T09:42:00Z,LIGHTLY_ACTIVE,Fitbit App
2024-07-28T09:43:00Z,LIGHTLY_ACTIVE,Fitbit App
2024-07-28T09:44:00Z,LIGHTLY_ACTIVE,Fitbit App
2024-07-28T09:45:00Z,SEDENTARY,Fitbit App
2024-07-28T09:46:00Z,SEDENTARY,Fitbit App
2024-07-28T09:47:00Z,SEDENTARY,Fitbit App
2024-07-28T09:48:00Z,LIGHTLY_ACTIVE,Fitbit App
2024-07-28T09:49:00Z,LIGHTLY_ACTIVE,Fitbit App
2024-07-28T09:50:00Z,SEDENTARY,Fitbit App
2024-07-28T09:51:00Z,LIGHTLY_ACTIVE,Fitbit App
2024-07-28T09:52:00Z,LIGHTLY_ACTIVE,Fitbit App
2024-07-28T09:53:00Z,LIGHTLY_ACTIVE,Fitbit App
2024-07-28T09:54:00Z,MODERATELY_ACTIVE,Fitbit App
2024-07-28T09:55:00Z,MODERATELY_ACTIVE,Fitbit App
2024-07-28T09:56:00Z,LIGHTLY_ACTIVE,Fitbit App
2024-07-28T09:57:00Z,LIGHTLY_ACTIVE,Fitbit App
2024-07-28T09:58:00Z,LIGHTLY_ACTIVE,Fitbit App
2024-07-28T09:59:00Z,SEDENTARY,Fitbit App
2024-07-28T10:00:00Z,SEDENTARY,Fitbit App
2024-07-28T10:01:00Z,LIGHTLY_ACTIVE,Fitbit App
2024-07-28T10:02:00Z,MODERATELY_ACTIVE,Fitbit App
2024-07-28T10:03:00Z,LIGHTLY_ACTIVE,Fitbit App
2024-07-28T10:04:00Z,MODERATELY_ACTIVE,Fitbit App
2024-07-28T10:05:00Z,LIGHTLY_ACTIVE,Fitbit App
2024-07-28T10:06:00Z,LIGHTLY_ACTIVE,Fitbit App
2024-07-28T10:07:00Z,SEDENTARY,Fitbit App
2024-07-28T10:08:00Z,SEDENTARY,Fitbit App
2024-07-28T10:09:00Z,LIGHTLY_ACTIVE,Fitbit App
2024-07-28T10:10:00Z,LIGHTLY_ACTIVE,Fitbit App
2024-07-28T10:11:00Z,SEDENTARY,Fitbit App
2024-07-28T10:12:00Z,SEDENTARY,Fitbit App
2024-07-28T10:13:00Z,SEDENTARY,Fitbit App
2024-07-28T10:14:00Z,SEDENTARY,Fitbit App
2024-07-28T10:15:00Z,SEDENTARY,Fitbit App
2024-07-28T10:16:00Z,SEDENTARY,Fitbit App
2024-07-28T10:17:00Z,SEDENTARY,Fitbit App
2024-07-28T10:18:00Z,LIGHTLY_ACTIVE,Fitbit App
2024-07-28T10:19:00Z,LIGHTLY_ACTIVE,Fitbit App
2024-07-28T10:20:00Z,LIGHTLY_ACTIVE,Fitbit App
2024-07-28T10:21:00Z,MODERATELY_ACTIVE,Fitbit App
2024-07-28T10:22:00Z,MODERATELY_ACTIVE,Fitbit App
2024-07-28T10:23:00Z,LIGHTLY_ACTIVE,Fitbit App
2024-07-28T10:24:00Z,SEDENTARY,Fitbit App
2024-07-28T10:25:00Z,SEDENTARY,Fitbit App
2024-07-28T10:26:00Z,LIGHTLY_ACTIVE,Fitbit App
2024-07-28T10:27:00Z,LIGHTLY_ACTIVE,Fitbit App
2024-07-28T10:28:00Z,LIGHTLY_ACTIVE,Fitbit App
2024-07-28T10:29:00Z,MODERATELY_ACTIVE,Fitbit App
2024-07-28T10:30:00Z,LIGHTLY_ACTIVE,Fitbit App
2024-07-28T10:31:00Z,LIGHTLY_ACTIVE,Fitbit App
2024-07-28T10:32:00Z,LIGHTLY_ACTIVE,Fitbit App
2024-07-28T10:33:00Z,MODERATELY_ACTIVE,Fitbit App
2024-07-28T10:34:00Z,LIGHTLY_ACTIVE,Fitbit App
2024-07-28T10:35:00Z,LIGHTLY_ACTIVE,Fitbit App
2024-07-28T10:36:00Z,LIGHTLY_ACTIVE,Fitbit App
2024-07-28T10:37:00Z,LIGHTLY_ACTIVE,Fitbit App
2024-07-28T10:38:00Z,LIGHTLY_ACTIVE,Fitbit App
2024-07-28T10:39:00Z,MODERATELY_ACTIVE,Fitbit App
2024-07-28T10:40:00Z,LIGHTLY_ACTIVE,Fitbit App
2024-07-28T10:41:00Z,LIGHTLY_ACTIVE,Fitbit App
2024-07-28T10:42:00Z,MODERATELY_ACTIVE,Fitbit App
2024-07-28T10:43:00Z,MODERATELY_ACTIVE,Fitbit App
2024-07-28T10:44:00Z,LIGHTLY_ACTIVE,Fitbit App
2024-07-28T10:45:00Z,SEDENTARY,Fitbit App
2024-07-28T10:46:00Z,SEDENTARY,Fitbit App
2024-07-28T10:47:00Z,SEDENTARY,Fitbit App
2024-07-28T10:48:00Z,LIGHTLY_ACTIVE,Fitbit App
2024-07-28T10:49:00Z,LIGHTLY_ACTIVE,Fitbit App
2024-07-28T10:50:00Z,LIGHTLY_ACTIVE,Fitbit App
2024-07-28T10:51:00Z,LIGHTLY_ACTIVE,Fitbit App
2024-07-28T10:52:00Z,LIGHTLY_ACTIVE,Fitbit App
2024-07-28T10:53:00Z,MODERATELY_ACTIVE,Fitbit App
2024-07-28T10:54:00Z,LIGHTLY_ACTIVE,Fitbit App
2024-07-28T10:55:00Z,LIGHTLY_ACTIVE,Fitbit App
2024-07-28T10:56:00Z,MODERATELY_ACTIVE,Fitbit App
2024-07-28T10:57:00Z,MODERATELY_ACTIVE,Fitbit App
2024-07-28T10:58:00Z,MODERATELY_ACTIVE,Fitbit App
2024-07-28T10:59:00Z,MODERATELY_ACTIVE,Fitbit App
2024-07-28T11:00:00Z,MODERATELY_ACTIVE,Fitbit App
2024-07-28T11:01:00Z,MODERATELY_ACTIVE,Fitbit App
2024-07-28T11:02:00Z,MODERATELY_ACTIVE,Fitbit App
2024-07-28T11:03:00Z,MODERATELY_ACTIVE,Fitbit App
2024-07-28T11:04:00Z,LIGHTLY_ACTIVE,Fitbit App
2024-07-28T11:05:00Z,LIGHTLY_ACTIVE,Fitbit App
2024-07-28T11:06:00Z,MODERATELY_ACTIVE,Fitbit App
2024-07-28T11:07:00Z,MODERATELY_ACTIVE,Fitbit App
2024-07-28T11:08:00Z,SEDENTARY,Fitbit App
2024-07-28T11:09:00Z,SEDENTARY,Fitbit App
2024-07-28T11:10:00Z,SEDENTARY,Fitbit App
2024-07-28T11:11:00Z,SEDENTARY,Fitbit App
2024-07-28T11:12:00Z,SEDENTARY,Fitbit App
2024-07-28T11:13:00Z,SEDENTARY,Fitbit App
2024-07-28T11:14:00Z,SEDENTARY,Fitbit App
2024-07-28T11:15:00Z,LIGHTLY_ACTIVE,Fitbit App
2024-07-28T11:16:00Z,LIGHTLY_ACTIVE,Fitbit App
2024-07-28T11:17:00Z,LIGHTLY_ACTIVE,Fitbit App
2024-07-28T11:18:00Z,MODERATELY_ACTIVE,Fitbit App
2024-07-28T11:19:00Z,MODERATELY_ACTIVE,Fitbit App
2024-07-28T11:20:00Z,LIGHTLY_ACTIVE,Fitbit App
2024-07-28T11:21:00Z,LIGHTLY_ACTIVE,Fitbit App
2024-07-28T11:22:00Z,LIGHTLY_ACTIVE,Fitbit App
2024-07-28T11:23:00Z,SEDENTARY,Fitbit App
2024-07-28T11:24:00Z,SEDENTARY,Fitbit App
2024-07-28T11:25:00Z,LIGHTLY_ACTIVE,Fitbit App
2024-07-28T11:26:00Z,MODERATELY_ACTIVE,Fitbit App
2024-07-28T11:27:00Z,MODERATELY_ACTIVE,Fitbit App
2024-07-28T11:28:00Z,SEDENTARY,Fitbit App
2024-07-28T11:29:00Z,SEDENTARY,Fitbit App
2024-07-28T11:30:00Z,LIGHTLY_ACTIVE,Fitbit App
2024-07-28T11:31:00Z,LIGHTLY_ACTIVE,Fitbit App
2024-07-28T11:32:00Z,LIGHTLY_ACTIVE,Fitbit App
2024-07-28T11:33:00Z,VERY_ACTIVE,Fitbit App
2024-07-28T11:34:00Z,VERY_ACTIVE,Fitbit App
2024-07-28T11:35:00Z,MODERATELY_ACTIVE,Fitbit App
2024-07-28T11:36:00Z,VERY_ACTIVE,Fitbit App
2024-07-28T11:37:00Z,VERY_ACTIVE,Fitbit App
2024-07-28T11:38:00Z,MODERATELY_ACTIVE,Fitbit App
2024-07-28T11:39:00Z,MODERATELY_ACTIVE,Fitbit App
2024-07-28T11:40:00Z,LIGHTLY_ACTIVE,Fitbit App
2024-07-28T11:41:00Z,LIGHTLY_ACTIVE,Fitbit App
2024-07-28T11:42:00Z,LIGHTLY_ACTIVE,Fitbit App
2024-07-28T11:43:00Z,LIGHTLY_ACTIVE,Fitbit App
2024-07-28T11:44:00Z,LIGHTLY_ACTIVE,Fitbit App
2024-07-28T11:45:00Z,LIGHTLY_ACTIVE,Fitbit App
2024-07-28T11:46:00Z,LIGHTLY_ACTIVE,Fitbit App
2024-07-28T11:47:00Z,LIGHTLY_ACTIVE,Fitbit App
2024-07-28T11:48:00Z,SEDENTARY,Fitbit App
2024-07-28T11:49:00Z,SEDENTARY,Fitbit App
2024-07-28T11:50:00Z,SEDENTARY,Fitbit App
2024-07-28T11:51:00Z,LIGHTLY_ACTIVE,Fitbit App
2024-07-28T11:52:00Z,SEDENTARY,Fitbit App
2024-07-28T11:53:00Z,SEDENTARY,Fitbit App
2024-07-28T11:54:00Z,SEDENTARY,Fitbit App
2024-07-28T11:55:00Z,SEDENTARY,Fitbit App
2024-07-28T11:57:00Z,SEDENTARY,Fitbit App
2024-07-28T11:58:00Z,LIGHTLY_ACTIVE,Fitbit App
2024-07-28T11:59:00Z,SEDENTARY,Fitbit App
2024-07-28T12:00:00Z,SEDENTARY,Fitbit App
2024-07-28T12:01:00Z,SEDENTARY,Fitbit App
2024-07-28T12:02:00Z,SEDENTARY,Fitbit App
2024-07-28T12:03:00Z,SEDENTARY,Fitbit App
2024-07-28T12:04:00Z,SEDENTARY,Fitbit App
2024-07-28T12:05:00Z,SEDENTARY,Fitbit App
2024-07-28T12:06:00Z,SEDENTARY,Fitbit App
2024-07-28T12:07:00Z,LIGHTLY_ACTIVE,Fitbit App
2024-07-28T12:08:00Z,SEDENTARY,Fitbit App
2024-07-28T12:09:00Z,LIGHTLY_ACTIVE,Fitbit App
2024-07-28T12:10:00Z,LIGHTLY_ACTIVE,Fitbit App
2024-07-28T12:11:00Z,SEDENTARY,Fitbit App
2024-07-28T12:12:00Z,SEDENTARY,Fitbit App
2024-07-28T12:13:00Z,SEDENTARY,Fitbit App
2024-07-28T12:14:00Z,SEDENTARY,Fitbit App
2024-07-28T12:15:00Z,SEDENTARY,Fitbit App
2024-07-28T12:16:00Z,SEDENTARY,Fitbit App
2024-07-28T12:17:00Z,SEDENTARY,Fitbit App
2024-07-28T12:18:00Z,SEDENTARY,Fitbit App
2024-07-28T12:19:00Z,LIGHTLY_ACTIVE,Fitbit App
2024-07-28T12:20:00Z,SEDENTARY,Fitbit App
2024-07-28T12:21:00Z,SEDENTARY,Fitbit App
2024-07-28T12:22:00Z,SEDENTARY,Fitbit App
2024-07-28T12:23:00Z,SEDENTARY,Fitbit App
2024-07-28T12:24:00Z,SEDENTARY,Fitbit App
2024-07-28T12:25:00Z,SEDENTARY,Fitbit App
2024-07-28T12:26:00Z,SEDENTARY,Fitbit App
2024-07-28T12:27:00Z,LIGHTLY_ACTIVE,Fitbit App
2024-07-28T12:28:00Z,SEDENTARY,Fitbit App
2024-07-28T12:29:00Z,SEDENTARY,Fitbit App
2024-07-28T12:30:00Z,SEDENTARY,Fitbit App
2024-07-28T12:31:00Z,SEDENTARY,Fitbit App
2024-07-28T12:32:00Z,SEDENTARY,Fitbit App
2024-07-28T12:33:00Z,SEDENTARY,Fitbit App
2024-07-28T12:34:00Z,SEDENTARY,Fitbit App
2024-07-28T12:35:00Z,SEDENTARY,Fitbit App
2024-07-28T12:36:00Z,SEDENTARY,Fitbit App
2024-07-28T12:37:00Z,SEDENTARY,Fitbit App
2024-07-28T12:38:00Z,SEDENTARY,Fitbit App
2024-07-28T12:39:00Z,SEDENTARY,Fitbit App
2024-07-28T12:40:00Z,SEDENTARY,Fitbit App
2024-07-28T12:41:00Z,SEDENTARY,Fitbit App
2024-07-28T12:42:00Z,SEDENTARY,Fitbit App
2024-07-28T12:43:00Z,SEDENTARY,Fitbit App
2024-07-28T12:44:00Z,SEDENTARY,Fitbit App
2024-07-28T12:45:00Z,SEDENTARY,Fitbit App
2024-07-28T12:46:00Z,SEDENTARY,Fitbit App
2024-07-28T12:47:00Z,SEDENTARY,Fitbit App
2024-07-28T12:48:00Z,SEDENTARY,Fitbit App
2024-07-28T12:49:00Z,LIGHTLY_ACTIVE,Fitbit App
2024-07-28T12:50:00Z,LIGHTLY_ACTIVE,Fitbit App
2024-07-28T12:51:00Z,SEDENTARY,Fitbit App
2024-07-28T12:52:00Z,SEDENTARY,Fitbit App
2024-07-28T12:53:00Z,SEDENTARY,Fitbit App
2024-07-28T12:54:00Z,SEDENTARY,Fitbit App
2024-07-28T12:55:00Z,SEDENTARY,Fitbit App
2024-07-28T12:56:00Z,SEDENTARY,Fitbit App
2024-07-28T12:57:00Z,SEDENTARY,Fitbit App
2024-07-28T12:58:00Z,SEDENTARY,Fitbit App
2024-07-28T12:59:00Z,SEDENTARY,Fitbit App
2024-07-28T13:00:00Z,SEDENTARY,Fitbit App
2024-07-28T13:01:00Z,SEDENTARY,Fitbit App
2024-07-28T13:02:00Z,SEDENTARY,Fitbit App
2024-07-28T13:03:00Z,SEDENTARY,Fitbit App
2024-07-28T13:04:00Z,SEDENTARY,Fitbit App
2024-07-28T13:05:00Z,SEDENTARY,Fitbit App
2024-07-28T13:06:00Z,SEDENTARY,Fitbit App
2024-07-28T13:07:00Z,SEDENTARY,Fitbit App
2024-07-28T13:08:00Z,SEDENTARY,Fitbit App
2024-07-28T13:09:00Z,SEDENTARY,Fitbit App
2024-07-28T13:10:00Z,SEDENTARY,Fitbit App
2024-07-28T13:11:00Z,LIGHTLY_ACTIVE,Fitbit App
2024-07-28T13:12:00Z,SEDENTARY,Fitbit App
2024-07-28T13:13:00Z,SEDENTARY,Fitbit App
2024-07-28T13:14:00Z,SEDENTARY,Fitbit App
2024-07-28T13:15:00Z,SEDENTARY,Fitbit App
2024-07-28T13:16:00Z,SEDENTARY,Fitbit App
2024-07-28T13:17:00Z,SEDENTARY,Fitbit App
2024-07-28T13:18:00Z,SEDENTARY,Fitbit App
2024-07-28T13:19:00Z,SEDENTARY,Fitbit App
2024-07-28T13:20:00Z,SEDENTARY,Fitbit App
2024-07-28T13:21:00Z,SEDENTARY,Fitbit App
2024-07-28T13:22:00Z,SEDENTARY,Fitbit App
2024-07-28T13:23:00Z,LIGHTLY_ACTIVE,Fitbit App
2024-07-28T13:24:00Z,SEDENTARY,Fitbit App
2024-07-28T13:25:00Z,SEDENTARY,Fitbit App
2024-07-28T13:26:00Z,SEDENTARY,Fitbit App
2024-07-28T13:27:00Z,LIGHTLY_ACTIVE,Fitbit App
2024-07-28T13:28:00Z,SEDENTARY,Fitbit App
2024-07-28T13:29:00Z,SEDENTARY,Fitbit App
2024-07-28T13:30:00Z,SEDENTARY,Fitbit App
2024-07-28T13:31:00Z,SEDENTARY,Fitbit App
2024-07-28T13:32:00Z,SEDENTARY,Fitbit App
2024-07-28T13:33:00Z,SEDENTARY,Fitbit App
2024-07-28T13:34:00Z,SEDENTARY,Fitbit App
2024-07-28T13:35:00Z,SEDENTARY,Fitbit App
2024-07-28T13:36:00Z,SEDENTARY,Fitbit App
2024-07-28T13:37:00Z,SEDENTARY,Fitbit App
2024-07-28T13:38:00Z,SEDENTARY,Fitbit App
2024-07-28T13:39:00Z,SEDENTARY,Fitbit App
2024-07-28T13:40:00Z,SEDENTARY,Fitbit App
2024-07-28T13:41:00Z,SEDENTARY,Fitbit App
2024-07-28T13:42:00Z,SEDENTARY,Fitbit App
2024-07-28T13:43:00Z,SEDENTARY,Fitbit App
2024-07-28T13:44:00Z,SEDENTARY,Fitbit App
2024-07-28T13:45:00Z,SEDENTARY,Fitbit App
2024-07-28T13:46:00Z,SEDENTARY,Fitbit App
2024-07-28T13:47:00Z,SEDENTARY,Fitbit App
2024-07-28T13:48:00Z,LIGHTLY_ACTIVE,Fitbit App
2024-07-28T13:49:00Z,SEDENTARY,Fitbit App
2024-07-28T13:50:00Z,SEDENTARY,Fitbit App
2024-07-28T13:51:00Z,SEDENTARY,Fitbit App
2024-07-28T13:52:00Z,SEDENTARY,Fitbit App
2024-07-28T13:53:00Z,SEDENTARY,Fitbit App
2024-07-28T13:54:00Z,SEDENTARY,Fitbit App
2024-07-28T13:55:00Z,SEDENTARY,Fitbit App
2024-07-28T13:56:00Z,SEDENTARY,Fitbit App
2024-07-28T13:57:00Z,SEDENTARY,Fitbit App
2024-07-28T13:58:00Z,SEDENTARY,Fitbit App
2024-07-28T13:59:00Z,SEDENTARY,Fitbit App
2024-07-28T14:00:00Z,SEDENTARY,Fitbit App
2024-07-28T14:01:00Z,SEDENTARY,Fitbit App
2024-07-28T14:02:00Z,SEDENTARY,Fitbit App
2024-07-28T14:03:00Z,SEDENTARY,Fitbit App
2024-07-28T14:04:00Z,SEDENTARY,Fitbit App
2024-07-28T14:05:00Z,SEDENTARY,Fitbit App
2024-07-28T14:06:00Z,SEDENTARY,Fitbit App
2024-07-28T14:07:00Z,SEDENTARY,Fitbit App
2024-07-28T14:08:00Z,SEDENTARY,Fitbit App
2024-07-28T14:09:00Z,LIGHTLY_ACTIVE,Fitbit App
2024-07-28T14:10:00Z,SEDENTARY,Fitbit App
2024-07-28T14:11:00Z,SEDENTARY,Fitbit App
2024-07-28T14:12:00Z,SEDENTARY,Fitbit App
2024-07-28T14:13:00Z,SEDENTARY,Fitbit App
2024-07-28T14:14:00Z,SEDENTARY,Fitbit App
2024-07-28T14:15:00Z,SEDENTARY,Fitbit App
2024-07-28T14:16:00Z,SEDENTARY,Fitbit App
2024-07-28T14:17:00Z,SEDENTARY,Fitbit App
2024-07-28T14:18:00Z,SEDENTARY,Fitbit App
2024-07-28T14:19:00Z,SEDENTARY,Fitbit App
2024-07-28T14:20:00Z,SEDENTARY,Fitbit App
2024-07-28T14:21:00Z,SEDENTARY,Fitbit App
2024-07-28T14:22:00Z,SEDENTARY,Fitbit App
2024-07-28T14:23:00Z,SEDENTARY,Fitbit App
2024-07-28T14:24:00Z,SEDENTARY,Fitbit App
2024-07-28T14:25:00Z,SEDENTARY,Fitbit App
2024-07-28T14:26:00Z,SEDENTARY,Fitbit App
2024-07-28T14:27:00Z,SEDENTARY,Fitbit App
2024-07-28T14:28:00Z,SEDENTARY,Fitbit App
2024-07-28T14:29:00Z,SEDENTARY,Fitbit App
2024-07-28T14:30:00Z,SEDENTARY,Fitbit App
2024-07-28T14:31:00Z,SEDENTARY,Fitbit App
2024-07-28T14:32:00Z,SEDENTARY,Fitbit App
2024-07-28T14:33:00Z,SEDENTARY,Fitbit App
2024-07-28T14:34:00Z,SEDENTARY,Fitbit App
2024-07-28T14:35:00Z,SEDENTARY,Fitbit App
2024-07-28T14:36:00Z,SEDENTARY,Fitbit App
2024-07-28T14:37:00Z,SEDENTARY,Fitbit App
2024-07-28T14:38:00Z,SEDENTARY,Fitbit App
2024-07-28T14:39:00Z,SEDENTARY,Fitbit App
2024-07-28T14:40:00Z,SEDENTARY,Fitbit App
2024-07-28T14:41:00Z,SEDENTARY,Fitbit App
2024-07-28T14:42:00Z,SEDENTARY,Fitbit App
2024-07-28T14:43:00Z,SEDENTARY,Fitbit App
2024-07-28T14:44:00Z,SEDENTARY,Fitbit App
2024-07-28T14:45:00Z,SEDENTARY,Fitbit App
2024-07-28T14:46:00Z,SEDENTARY,Fitbit App
2024-07-28T14:47:00Z,SEDENTARY,Fitbit App
2024-07-28T14:48:00Z,SEDENTARY,Fitbit App
2024-07-28T14:49:00Z,SEDENTARY,Fitbit App
2024-07-28T14:50:00Z,SEDENTARY,Fitbit App
2024-07-28T14:51:00Z,SEDENTARY,Fitbit App
2024-07-28T14:52:00Z,SEDENTARY,Fitbit App
2024-07-28T14:53:00Z,SEDENTARY,Fitbit App
2024-07-28T14:54:00Z,SEDENTARY,Fitbit App
2024-07-28T14:55:00Z,SEDENTARY,Fitbit App
2024-07-28T14:56:00Z,SEDENTARY,Fitbit App
2024-07-28T14:57:00Z,SEDENTARY,Fitbit App
2024-07-28T14:58:00Z,SEDENTARY,Fitbit App
2024-07-28T14:59:00Z,SEDENTARY,Fitbit App
2024-07-28T15:00:00Z,SEDENTARY,Fitbit App
2024-07-28T15:01:00Z,SEDENTARY,Fitbit App
2024-07-28T15:02:00Z,SEDENTARY,Fitbit App
2024-07-28T15:03:00Z,SEDENTARY,Fitbit App
2024-07-28T15:04:00Z,SEDENTARY,Fitbit App
2024-07-28T15:05:00Z,SEDENTARY,Fitbit App
2024-07-28T15:06:00Z,SEDENTARY,Fitbit App
2024-07-28T15:07:00Z,LIGHTLY_ACTIVE,Fitbit App
2024-07-28T15:08:00Z,SEDENTARY,Fitbit App
2024-07-28T15:09:00Z,SEDENTARY,Fitbit App
2024-07-28T15:10:00Z,SEDENTARY,Fitbit App
2024-07-28T15:11:00Z,SEDENTARY,Fitbit App
2024-07-28T15:12:00Z,SEDENTARY,Fitbit App
2024-07-28T15:13:00Z,SEDENTARY,Fitbit App
2024-07-28T15:14:00Z,LIGHTLY_ACTIVE,Fitbit App
2024-07-28T15:15:00Z,SEDENTARY,Fitbit App
2024-07-28T15:16:00Z,SEDENTARY,Fitbit App
2024-07-28T15:17:00Z,LIGHTLY_ACTIVE,Fitbit App
2024-07-28T15:18:00Z,SEDENTARY,Fitbit App
2024-07-28T15:19:00Z,LIGHTLY_ACTIVE,Fitbit App
2024-07-28T15:20:00Z,LIGHTLY_ACTIVE,Fitbit App
2024-07-28T15:21:00Z,SEDENTARY,Fitbit App
2024-07-28T15:22:00Z,SEDENTARY,Fitbit App
2024-07-28T15:23:00Z,SEDENTARY,Fitbit App
2024-07-28T15:24:00Z,LIGHTLY_ACTIVE,Fitbit App
2024-07-28T15:25:00Z,MODERATELY_ACTIVE,Fitbit App
2024-07-28T15:26:00Z,MODERATELY_ACTIVE,Fitbit App
2024-07-28T15:27:00Z,VERY_ACTIVE,Fitbit App
2024-07-28T15:28:00Z,VERY_ACTIVE,Fitbit App
2024-07-28T15:29:00Z,VERY_ACTIVE,Fitbit App
2024-07-28T15:30:00Z,VERY_ACTIVE,Fitbit App
2024-07-28T15:31:00Z,VERY_ACTIVE,Fitbit App
2024-07-28T15:32:00Z,VERY_ACTIVE,Fitbit App
2024-07-28T15:33:00Z,VERY_ACTIVE,Fitbit App
2024-07-28T15:34:00Z,VERY_ACTIVE,Fitbit App
2024-07-28T15:35:00Z,VERY_ACTIVE,Fitbit App
2024-07-28T15:36:00Z,MODERATELY_ACTIVE,Fitbit App
2024-07-28T15:37:00Z,VERY_ACTIVE,Fitbit App
2024-07-28T15:38:00Z,MODERATELY_ACTIVE,Fitbit App
2024-07-28T15:39:00Z,SEDENTARY,Fitbit App
2024-07-28T15:40:00Z,LIGHTLY_ACTIVE,Fitbit App
2024-07-28T15:41:00Z,SEDENTARY,Fitbit App
2024-07-28T15:42:00Z,SEDENTARY,Fitbit App
2024-07-28T15:43:00Z,SEDENTARY,Fitbit App
2024-07-28T15:44:00Z,SEDENTARY,Fitbit App
2024-07-28T15:45:00Z,SEDENTARY,Fitbit App
2024-07-28T15:46:00Z,SEDENTARY,Fitbit App
2024-07-28T15:47:00Z,LIGHTLY_ACTIVE,Fitbit App
2024-07-28T15:48:00Z,SEDENTARY,Fitbit App
2024-07-28T15:49:00Z,SEDENTARY,Fitbit App
2024-07-28T15:50:00Z,SEDENTARY,Fitbit App
2024-07-28T15:51:00Z,SEDENTARY,Fitbit App
2024-07-28T15:52:00Z,SEDENTARY,Fitbit App
2024-07-28T15:53:00Z,SEDENTARY,Fitbit App
2024-07-28T15:54:00Z,SEDENTARY,Fitbit App
2024-07-28T15:55:00Z,MODERATELY_ACTIVE,Fitbit App
2024-07-28T15:56:00Z,LIGHTLY_ACTIVE,Fitbit App
2024-07-28T15:57:00Z,MODERATELY_ACTIVE,Fitbit App
2024-07-28T15:58:00Z,VERY_ACTIVE,Fitbit App
2024-07-28T15:59:00Z,VERY_ACTIVE,Fitbit App
2024-07-28T16:00:00Z,VERY_ACTIVE,Fitbit App
2024-07-28T16:01:00Z,VERY_ACTIVE,Fitbit App
2024-07-28T16:02:00Z,VERY_ACTIVE,Fitbit App
2024-07-28T16:03:00Z,MODERATELY_ACTIVE,Fitbit App
2024-07-28T16:04:00Z,MODERATELY_ACTIVE,Fitbit App
2024-07-28T16:05:00Z,MODERATELY_ACTIVE,Fitbit App
2024-07-28T16:06:00Z,MODERATELY_ACTIVE,Fitbit App
2024-07-28T16:07:00Z,MODERATELY_ACTIVE,Fitbit App
2024-07-28T16:08:00Z,LIGHTLY_ACTIVE,Fitbit App
2024-07-28T16:09:00Z,SEDENTARY,Fitbit App
2024-07-28T16:10:00Z,SEDENTARY,Fitbit App
2024-07-28T16:11:00Z,SEDENTARY,Fitbit App
2024-07-28T16:12:00Z,SEDENTARY,Fitbit App
2024-07-28T16:13:00Z,SEDENTARY,Fitbit App
2024-07-28T16:15:00Z,SEDENTARY,Fitbit App
2024-07-28T16:16:00Z,SEDENTARY,Fitbit App
2024-07-28T16:17:00Z,SEDENTARY,Fitbit App
2024-07-28T16:18:00Z,SEDENTARY,Fitbit App
2024-07-28T16:19:00Z,LIGHTLY_ACTIVE,Fitbit App
2024-07-28T16:20:00Z,SEDENTARY,Fitbit App
2024-07-28T16:21:00Z,MODERATELY_ACTIVE,Fitbit App
2024-07-28T16:22:00Z,SEDENTARY,Fitbit App
2024-07-28T16:23:00Z,SEDENTARY,Fitbit App
2024-07-28T16:25:00Z,SEDENTARY,Fitbit App
2024-07-28T16:26:00Z,SEDENTARY,Fitbit App
2024-07-28T16:27:00Z,SEDENTARY,Fitbit App
2024-07-28T16:28:00Z,SEDENTARY,Fitbit App
2024-07-28T16:29:00Z,SEDENTARY,Fitbit App
2024-07-28T16:31:00Z,SEDENTARY,Fitbit App
2024-07-28T16:32:00Z,SEDENTARY,Fitbit App
2024-07-28T16:33:00Z,SEDENTARY,Fitbit App
2024-07-28T16:34:00Z,SEDENTARY,Fitbit App
2024-07-28T16:35:00Z,SEDENTARY,Fitbit App
2024-07-28T16:36:00Z,LIGHTLY_ACTIVE,Fitbit App
2024-07-28T16:37:00Z,SEDENTARY,Fitbit App
2024-07-28T16:38:00Z,SEDENTARY,Fitbit App
2024-07-28T16:39:00Z,SEDENTARY,Fitbit App
2024-07-28T16:40:00Z,SEDENTARY,Fitbit App
2024-07-28T16:41:00Z,SEDENTARY,Fitbit App
2024-07-28T16:42:00Z,SEDENTARY,Fitbit App
2024-07-28T16:43:00Z,SEDENTARY,Fitbit App
2024-07-28T16:44:00Z,SEDENTARY,Fitbit App
2024-07-28T16:45:00Z,SEDENTARY,Fitbit App
2024-07-28T16:46:00Z,SEDENTARY,Fitbit App
2024-07-28T16:47:00Z,SEDENTARY,Fitbit App
2024-07-28T16:48:00Z,SEDENTARY,Fitbit App
2024-07-28T16:49:00Z,SEDENTARY,Fitbit App
2024-07-28T16:50:00Z,SEDENTARY,Fitbit App
2024-07-28T16:51:00Z,SEDENTARY,Fitbit App
2024-07-28T16:52:00Z,SEDENTARY,Fitbit App
2024-07-28T16:53:00Z,SEDENTARY,Fitbit App
2024-07-28T16:54:00Z,SEDENTARY,Fitbit App
2024-07-28T16:56:00Z,SEDENTARY,Fitbit App
2024-07-28T16:57:00Z,SEDENTARY,Fitbit App
2024-07-28T16:58:00Z,SEDENTARY,Fitbit App
2024-07-28T16:59:00Z,SEDENTARY,Fitbit App
2024-07-28T17:00:00Z,SEDENTARY,Fitbit App
2024-07-28T17:01:00Z,SEDENTARY,Fitbit App
2024-07-28T17:02:00Z,SEDENTARY,Fitbit App
2024-07-28T17:03:00Z,SEDENTARY,Fitbit App
2024-07-28T17:04:00Z,SEDENTARY,Fitbit App
2024-07-28T17:05:00Z,SEDENTARY,Fitbit App
2024-07-28T17:06:00Z,SEDENTARY,Fitbit App
2024-07-28T17:07:00Z,SEDENTARY,Fitbit App
2024-07-28T17:08:00Z,SEDENTARY,Fitbit App
2024-07-28T17:09:00Z,SEDENTARY,Fitbit App
2024-07-28T17:10:00Z,LIGHTLY_ACTIVE,Fitbit App
2024-07-28T17:11:00Z,LIGHTLY_ACTIVE,Fitbit App
2024-07-28T17:12:00Z,SEDENTARY,Fitbit App
2024-07-28T17:13:00Z,SEDENTARY,Fitbit App
2024-07-28T17:14:00Z,SEDENTARY,Fitbit App
2024-07-28T17:15:00Z,SEDENTARY,Fitbit App
2024-07-28T17:16:00Z,SEDENTARY,Fitbit App
2024-07-28T17:18:00Z,SEDENTARY,Fitbit App
2024-07-28T17:19:00Z,SEDENTARY,Fitbit App
2024-07-28T17:20:00Z,LIGHTLY_ACTIVE,Fitbit App
2024-07-28T17:21:00Z,SEDENTARY,Fitbit App
2024-07-28T17:23:00Z,SEDENTARY,Fitbit App
2024-07-28T17:24:00Z,SEDENTARY,Fitbit App
2024-07-28T17:25:00Z,SEDENTARY,Fitbit App
2024-07-28T17:26:00Z,SEDENTARY,Fitbit App
2024-07-28T17:27:00Z,SEDENTARY,Fitbit App
2024-07-28T17:28:00Z,SEDENTARY,Fitbit App
2024-07-28T17:29:00Z,SEDENTARY,Fitbit App
2024-07-28T17:30:00Z,SEDENTARY,Fitbit App
2024-07-28T17:32:00Z,SEDENTARY,Fitbit App
2024-07-28T17:33:00Z,SEDENTARY,Fitbit App
2024-07-28T17:34:00Z,SEDENTARY,Fitbit App
2024-07-28T17:35:00Z,SEDENTARY,Fitbit App
2024-07-28T17:36:00Z,SEDENTARY,Fitbit App
2024-07-28T17:37:00Z,SEDENTARY,Fitbit App
2024-07-28T17:47:00Z,LIGHTLY_ACTIVE,Fitbit App
2024-07-28T17:48:00Z,LIGHTLY_ACTIVE,Fitbit App
2024-07-28T18:03:00Z,LIGHTLY_ACTIVE,Fitbit App
2024-07-28T18:04:00Z,LIGHTLY_ACTIVE,Fitbit App
2024-07-28T18:43:00Z,LIGHTLY_ACTIVE,Fitbit App
2024-07-28T18:44:00Z,LIGHTLY_ACTIVE,Fitbit App
2024-07-28T19:03:00Z,LIGHTLY_ACTIVE,Fitbit App
2024-07-28T19:04:00Z,LIGHTLY_ACTIVE,Fitbit App
2024-07-28T19:11:00Z,LIGHTLY_ACTIVE,Fitbit App
2024-07-28T19:12:00Z,LIGHTLY_ACTIVE,Fitbit App
2024-07-28T20:11:00Z,LIGHTLY_ACTIVE,Fitbit App
2024-07-28T20:12:00Z,LIGHTLY_ACTIVE,Fitbit App
2024-07-28T20:20:00Z,LIGHTLY_ACTIVE,Fitbit App
2024-07-28T20:21:00Z,LIGHTLY_ACTIVE,Fitbit App
2024-07-28T20:22:00Z,LIGHTLY_ACTIVE,Fitbit App
2024-07-28T20:23:00Z,LIGHTLY_ACTIVE,Fitbit App
2024-07-28T20:24:00Z,LIGHTLY_ACTIVE,Fitbit App
2024-07-28T20:44:00Z,LIGHTLY_ACTIVE,Fitbit App
2024-07-28T20:45:00Z,LIGHTLY_ACTIVE,Fitbit App
2024-07-28T20:46:00Z,LIGHTLY_ACTIVE,Fitbit App
2024-07-28T20:47:00Z,LIGHTLY_ACTIVE,Fitbit App
2024-07-28T20:48:00Z,LIGHTLY_ACTIVE,Fitbit App
2024-07-28T20:49:00Z,LIGHTLY_ACTIVE,Fitbit App
2024-07-28T20:50:00Z,SEDENTARY,Fitbit App
2024-07-29T06:22:00Z,LIGHTLY_ACTIVE,Fitbit App
2024-07-29T06:23:00Z,LIGHTLY_ACTIVE,Fitbit App
2024-07-29T06:39:00Z,LIGHTLY_ACTIVE,Fitbit App
2024-07-29T06:40:00Z,LIGHTLY_ACTIVE,Fitbit App
2024-07-29T06:43:00Z,LIGHTLY_ACTIVE,Fitbit App
2024-07-29T06:44:00Z,LIGHTLY_ACTIVE,Fitbit App
2024-07-29T06:56:00Z,LIGHTLY_ACTIVE,Fitbit App
2024-07-29T06:57:00Z,LIGHTLY_ACTIVE,Fitbit App
2024-07-29T07:03:00Z,LIGHTLY_ACTIVE,Fitbit App
2024-07-29T07:04:00Z,LIGHTLY_ACTIVE,Fitbit App
2024-07-29T07:46:00Z,LIGHTLY_ACTIVE,Fitbit App
2024-07-29T07:47:00Z,LIGHTLY_ACTIVE,Fitbit App
2024-07-29T07:48:00Z,LIGHTLY_ACTIVE,Fitbit App
2024-07-29T07:49:00Z,LIGHTLY_ACTIVE,Fitbit App
2024-07-29T07:50:00Z,LIGHTLY_ACTIVE,Fitbit App
2024-07-29T07:52:00Z,LIGHTLY_ACTIVE,Fitbit App
2024-07-29T07:53:00Z,LIGHTLY_ACTIVE,Fitbit App
2024-07-29T07:54:00Z,LIGHTLY_ACTIVE,Fitbit App
2024-07-29T07:55:00Z,LIGHTLY_ACTIVE,Fitbit App
2024-07-29T07:56:00Z,LIGHTLY_ACTIVE,Fitbit App
2024-07-29T07:57:00Z,LIGHTLY_ACTIVE,Fitbit App
2024-07-29T07:58:00Z,MODERATELY_ACTIVE,Fitbit App
2024-07-29T07:59:00Z,VERY_ACTIVE,Fitbit App
2024-07-29T08:00:00Z,VERY_ACTIVE,Fitbit App
2024-07-29T08:01:00Z,VERY_ACTIVE,Fitbit App
2024-07-29T08:02:00Z,MODERATELY_ACTIVE,Fitbit App
2024-07-29T08:06:00Z,LIGHTLY_ACTIVE,Fitbit App
2024-07-29T08:07:00Z,LIGHTLY_ACTIVE,Fitbit App
2024-07-29T08:08:00Z,LIGHTLY_ACTIVE,Fitbit App
2024-07-29T08:14:00Z,LIGHTLY_ACTIVE,Fitbit App
2024-07-29T08:15:00Z,LIGHTLY_ACTIVE,Fitbit App
2024-07-29T08:16:00Z,MODERATELY_ACTIVE,Fitbit App
2024-07-29T08:17:00Z,VERY_ACTIVE,Fitbit App
2024-07-29T08:18:00Z,VERY_ACTIVE,Fitbit App
2024-07-29T08:19:00Z,VERY_ACTIVE,Fitbit App
2024-07-29T08:20:00Z,LIGHTLY_ACTIVE,Fitbit App
2024-07-29T08:41:00Z,LIGHTLY_ACTIVE,Fitbit App
2024-07-29T08:42:00Z,LIGHTLY_ACTIVE,Fitbit App
2024-07-29T08:48:00Z,SEDENTARY,Fitbit App
2024-07-29T08:49:00Z,LIGHTLY_ACTIVE,Fitbit App
2024-07-29T08:50:00Z,LIGHTLY_ACTIVE,Fitbit App
2024-07-29T08:52:00Z,LIGHTLY_ACTIVE,Fitbit App
2024-07-29T08:53:00Z,LIGHTLY_ACTIVE,Fitbit App
2024-07-29T08:54:00Z,MODERATELY_ACTIVE,Fitbit App
2024-07-29T08:55:00Z,VERY_ACTIVE,Fitbit App
2024-07-29T08:56:00Z,VERY_ACTIVE,Fitbit App
2024-07-29T08:57:00Z,VERY_ACTIVE,Fitbit App
2024-07-29T08:58:00Z,LIGHTLY_ACTIVE,Fitbit App
2024-07-29T08:59:00Z,LIGHTLY_ACTIVE,Fitbit App
2024-07-29T09:00:00Z,MODERATELY_ACTIVE,Fitbit App
2024-07-29T09:02:00Z,LIGHTLY_ACTIVE,Fitbit App
2024-07-29T09:03:00Z,LIGHTLY_ACTIVE,Fitbit App
2024-07-29T09:17:00Z,LIGHTLY_ACTIVE,Fitbit App
2024-07-29T09:18:00Z,VERY_ACTIVE,Fitbit App
2024-07-29T09:19:00Z,VERY_ACTIVE,Fitbit App
2024-07-29T09:20:00Z,VERY_ACTIVE,Fitbit App
2024-07-29T09:21:00Z,VERY_ACTIVE,Fitbit App
2024-07-29T09:22:00Z,VERY_ACTIVE,Fitbit App
2024-07-29T09:23:00Z,VERY_ACTIVE,Fitbit App
2024-07-29T09:24:00Z,VERY_ACTIVE,Fitbit App
2024-07-29T09:25:00Z,MODERATELY_ACTIVE,Fitbit App
2024-07-29T09:27:00Z,LIGHTLY_ACTIVE,Fitbit App
2024-07-29T09:28:00Z,LIGHTLY_ACTIVE,Fitbit App
2024-07-29T09:29:00Z,LIGHTLY_ACTIVE,Fitbit App
2024-07-29T09:33:00Z,LIGHTLY_ACTIVE,Fitbit App
2024-07-29T09:34:00Z,LIGHTLY_ACTIVE,Fitbit App
2024-07-29T13:09:00Z,LIGHTLY_ACTIVE,Fitbit App
2024-07-29T13:10:00Z,LIGHTLY_ACTIVE,Fitbit App
2024-07-29T13:11:00Z,LIGHTLY_ACTIVE,Fitbit App
2024-07-29T14:51:00Z,LIGHTLY_ACTIVE,Fitbit App
2024-07-29T14:52:00Z,LIGHTLY_ACTIVE,Fitbit App
2024-07-29T14:53:00Z,LIGHTLY_ACTIVE,Fitbit App
2024-07-29T14:54:00Z,LIGHTLY_ACTIVE,Fitbit App
2024-07-29T14:55:00Z,LIGHTLY_ACTIVE,Fitbit App
2024-07-29T14:56:00Z,LIGHTLY_ACTIVE,Fitbit App
2024-07-29T14:57:00Z,VERY_ACTIVE,Fitbit App
2024-07-29T14:58:00Z,VERY_ACTIVE,Fitbit App
2024-07-29T14:59:00Z,VERY_ACTIVE,Fitbit App
2024-07-29T15:00:00Z,VERY_ACTIVE,Fitbit App
2024-07-29T15:01:00Z,VERY_ACTIVE,Fitbit App
2024-07-29T15:02:00Z,LIGHTLY_ACTIVE,Fitbit App
2024-07-29T15:30:00Z,LIGHTLY_ACTIVE,Fitbit App
2024-07-29T15:31:00Z,LIGHTLY_ACTIVE,Fitbit App
2024-07-29T15:32:00Z,MODERATELY_ACTIVE,Fitbit App
2024-07-29T15:33:00Z,VERY_ACTIVE,Fitbit App
2024-07-29T15:34:00Z,VERY_ACTIVE,Fitbit App
2024-07-29T15:35:00Z,VERY_ACTIVE,Fitbit App
2024-07-29T15:36:00Z,LIGHTLY_ACTIVE,Fitbit App
2024-07-29T15:40:00Z,LIGHTLY_ACTIVE,Fitbit App
2024-07-29T15:41:00Z,LIGHTLY_ACTIVE,Fitbit App
2024-07-29T15:42:00Z,MODERATELY_ACTIVE,Fitbit App
2024-07-29T15:43:00Z,MODERATELY_ACTIVE,Fitbit App
2024-07-29T15:44:00Z,MODERATELY_ACTIVE,Fitbit App
2024-07-29T15:45:00Z,LIGHTLY_ACTIVE,Fitbit App
2024-07-29T15:46:00Z,LIGHTLY_ACTIVE,Fitbit App
2024-07-29T15:47:00Z,LIGHTLY_ACTIVE,Fitbit App
2024-07-29T15:48:00Z,VERY_ACTIVE,Fitbit App
2024-07-29T15:49:00Z,LIGHTLY_ACTIVE,Fitbit App
2024-07-29T15:50:00Z,MODERATELY_ACTIVE,Fitbit App
2024-07-29T15:51:00Z,VERY_ACTIVE,Fitbit App
2024-07-29T15:52:00Z,VERY_ACTIVE,Fitbit App
2024-07-29T15:53:00Z,MODERATELY_ACTIVE,Fitbit App
2024-07-29T15:54:00Z,MODERATELY_ACTIVE,Fitbit App
2024-07-29T15:55:00Z,LIGHTLY_ACTIVE,Fitbit App
2024-07-29T15:57:00Z,LIGHTLY_ACTIVE,Fitbit App
2024-07-29T15:58:00Z,LIGHTLY_ACTIVE,Fitbit App
2024-07-29T15:59:00Z,LIGHTLY_ACTIVE,Fitbit App
2024-07-29T16:00:00Z,MODERATELY_ACTIVE,Fitbit App
2024-07-29T16:01:00Z,VERY_ACTIVE,Fitbit App
2024-07-29T16:02:00Z,VERY_ACTIVE,Fitbit App
2024-07-29T16:03:00Z,VERY_ACTIVE,Fitbit App
2024-07-29T16:04:00Z,VERY_ACTIVE,Fitbit App
2024-07-29T16:05:00Z,LIGHTLY_ACTIVE,Fitbit App
2024-07-29T17:11:00Z,LIGHTLY_ACTIVE,Fitbit App
2024-07-29T17:12:00Z,LIGHTLY_ACTIVE,Fitbit App
2024-07-29T17:28:00Z,LIGHTLY_ACTIVE,Fitbit App
2024-07-29T17:29:00Z,LIGHTLY_ACTIVE,Fitbit App
2024-07-29T17:30:00Z,LIGHTLY_ACTIVE,Fitbit App
2024-07-29T17:31:00Z,LIGHTLY_ACTIVE,Fitbit App
2024-07-29T17:33:00Z,LIGHTLY_ACTIVE,Fitbit App
2024-07-29T17:34:00Z,LIGHTLY_ACTIVE,Fitbit App
2024-07-29T20:57:00Z,LIGHTLY_ACTIVE,Fitbit App
2024-07-29T20:58:00Z,LIGHTLY_ACTIVE,Fitbit App
2024-07-29T21:00:00Z,LIGHTLY_ACTIVE,Fitbit App
2024-07-29T21:01:00Z,LIGHTLY_ACTIVE,Fitbit App
2024-07-29T21:34:00Z,LIGHTLY_ACTIVE,Fitbit App
2024-07-29T21:35:00Z,LIGHTLY_ACTIVE,Fitbit App
2024-07-29T21:57:00Z,LIGHTLY_ACTIVE,Fitbit App
2024-07-29T21:58:00Z,LIGHTLY_ACTIVE,Fitbit App
2024-07-29T22:48:00Z,LIGHTLY_ACTIVE,Fitbit App
2024-07-29T22:49:00Z,LIGHTLY_ACTIVE,Fitbit App
2024-07-29T23:01:00Z,LIGHTLY_ACTIVE,Fitbit App
2024-07-29T23:02:00Z,LIGHTLY_ACTIVE,Fitbit App
2024-07-29T23:03:00Z,LIGHTLY_ACTIVE,Fitbit App
2024-07-30T07:12:00Z,LIGHTLY_ACTIVE,Fitbit App
2024-07-30T07:13:00Z,LIGHTLY_ACTIVE,Fitbit App
2024-07-30T07:15:00Z,LIGHTLY_ACTIVE,Fitbit App
2024-07-30T07:16:00Z,LIGHTLY_ACTIVE,Fitbit App
2024-07-30T07:17:00Z,LIGHTLY_ACTIVE,Fitbit App
2024-07-30T07:25:00Z,LIGHTLY_ACTIVE,Fitbit App
2024-07-30T07:26:00Z,LIGHTLY_ACTIVE,Fitbit App
2024-07-30T07:27:00Z,LIGHTLY_ACTIVE,Fitbit App
2024-07-30T07:28:00Z,LIGHTLY_ACTIVE,Fitbit App
2024-07-30T07:29:00Z,MODERATELY_ACTIVE,Fitbit App
2024-07-30T07:30:00Z,VERY_ACTIVE,Fitbit App
2024-07-30T07:31:00Z,VERY_ACTIVE,Fitbit App
2024-07-30T07:32:00Z,VERY_ACTIVE,Fitbit App
2024-07-30T07:33:00Z,VERY_ACTIVE,Fitbit App
2024-07-30T07:34:00Z,MODERATELY_ACTIVE,Fitbit App
2024-07-30T07:35:00Z,LIGHTLY_ACTIVE,Fitbit App
2024-07-30T07:44:00Z,LIGHTLY_ACTIVE,Fitbit App
2024-07-30T07:45:00Z,MODERATELY_ACTIVE,Fitbit App
2024-07-30T07:46:00Z,VERY_ACTIVE,Fitbit App
2024-07-30T07:47:00Z,VERY_ACTIVE,Fitbit App
2024-07-30T07:48:00Z,VERY_ACTIVE,Fitbit App
2024-07-30T07:49:00Z,VERY_ACTIVE,Fitbit App
2024-07-30T07:50:00Z,VERY_ACTIVE,Fitbit App
2024-07-30T07:51:00Z,LIGHTLY_ACTIVE,Fitbit App
2024-07-30T07:52:00Z,LIGHTLY_ACTIVE,Fitbit App
2024-07-30T07:53:00Z,LIGHTLY_ACTIVE,Fitbit App
2024-07-30T07:54:00Z,LIGHTLY_ACTIVE,Fitbit App
2024-07-30T07:55:00Z,LIGHTLY_ACTIVE,Fitbit App
2024-07-30T08:00:00Z,LIGHTLY_ACTIVE,Fitbit App
2024-07-30T08:01:00Z,LIGHTLY_ACTIVE,Fitbit App
2024-07-30T08:05:00Z,LIGHTLY_ACTIVE,Fitbit App
2024-07-30T08:06:00Z,LIGHTLY_ACTIVE,Fitbit App
2024-07-30T08:48:00Z,LIGHTLY_ACTIVE,Fitbit App
2024-07-30T08:49:00Z,LIGHTLY_ACTIVE,Fitbit App
2024-07-30T08:50:00Z,LIGHTLY_ACTIVE,Fitbit App
2024-07-30T08:51:00Z,LIGHTLY_ACTIVE,Fitbit App
2024-07-30T08:53:00Z,LIGHTLY_ACTIVE,Fitbit App
2024-07-30T08:54:00Z,MODERATELY_ACTIVE,Fitbit App
2024-07-30T08:55:00Z,VERY_ACTIVE,Fitbit App
2024-07-30T08:56:00Z,VERY_ACTIVE,Fitbit App
2024-07-30T08:57:00Z,VERY_ACTIVE,Fitbit App
2024-07-30T08:58:00Z,VERY_ACTIVE,Fitbit App
2024-07-30T08:59:00Z,VERY_ACTIVE,Fitbit App
2024-07-30T09:00:00Z,LIGHTLY_ACTIVE,Fitbit App
2024-07-30T09:01:00Z,LIGHTLY_ACTIVE,Fitbit App
2024-07-30T09:02:00Z,LIGHTLY_ACTIVE,Fitbit App
2024-07-30T09:03:00Z,MODERATELY_ACTIVE,Fitbit App
2024-07-30T09:04:00Z,LIGHTLY_ACTIVE,Fitbit App
2024-07-30T09:07:00Z,LIGHTLY_ACTIVE,Fitbit App
2024-07-30T09:08:00Z,LIGHTLY_ACTIVE,Fitbit App
2024-07-30T09:10:00Z,LIGHTLY_ACTIVE,Fitbit App
2024-07-30T09:11:00Z,MODERATELY_ACTIVE,Fitbit App
2024-07-30T09:12:00Z,MODERATELY_ACTIVE,Fitbit App
2024-07-30T09:13:00Z,MODERATELY_ACTIVE,Fitbit App
2024-07-30T09:17:00Z,LIGHTLY_ACTIVE,Fitbit App
2024-07-30T09:18:00Z,LIGHTLY_ACTIVE,Fitbit App
2024-07-30T09:20:00Z,LIGHTLY_ACTIVE,Fitbit App
2024-07-30T09:21:00Z,LIGHTLY_ACTIVE,Fitbit App
2024-07-30T09:28:00Z,LIGHTLY_ACTIVE,Fitbit App
2024-07-30T09:29:00Z,LIGHTLY_ACTIVE,Fitbit App
2024-07-30T09:30:00Z,VERY_ACTIVE,Fitbit App
2024-07-30T09:31:00Z,VERY_ACTIVE,Fitbit App
2024-07-30T09:32:00Z,VERY_ACTIVE,Fitbit App
2024-07-30T09:33:00Z,VERY_ACTIVE,Fitbit App
2024-07-30T09:34:00Z,VERY_ACTIVE,Fitbit App
2024-07-30T09:35:00Z,LIGHTLY_ACTIVE,Fitbit App
2024-07-30T09:41:00Z,LIGHTLY_ACTIVE,Fitbit App
2024-07-30T09:42:00Z,LIGHTLY_ACTIVE,Fitbit App
2024-07-30T09:43:00Z,MODERATELY_ACTIVE,Fitbit App
2024-07-30T09:44:00Z,LIGHTLY_ACTIVE,Fitbit App
2024-07-30T09:45:00Z,LIGHTLY_ACTIVE,Fitbit App
2024-07-30T09:46:00Z,LIGHTLY_ACTIVE,Fitbit App
2024-07-30T09:47:00Z,LIGHTLY_ACTIVE,Fitbit App
2024-07-30T09:50:00Z,LIGHTLY_ACTIVE,Fitbit App
2024-07-30T09:51:00Z,LIGHTLY_ACTIVE,Fitbit App
2024-07-30T09:52:00Z,SEDENTARY,Fitbit App
2024-07-30T09:53:00Z,LIGHTLY_ACTIVE,Fitbit App
2024-07-30T09:54:00Z,LIGHTLY_ACTIVE,Fitbit App
2024-07-30T09:55:00Z,VERY_ACTIVE,Fitbit App
2024-07-30T09:56:00Z,VERY_ACTIVE,Fitbit App
2024-07-30T09:57:00Z,VERY_ACTIVE,Fitbit App
2024-07-30T09:58:00Z,VERY_ACTIVE,Fitbit App
2024-07-30T09:59:00Z,MODERATELY_ACTIVE,Fitbit App
2024-07-30T10:07:00Z,LIGHTLY_ACTIVE,Fitbit App
2024-07-30T10:08:00Z,LIGHTLY_ACTIVE,Fitbit App
2024-07-30T10:14:00Z,LIGHTLY_ACTIVE,Fitbit App
2024-07-30T10:15:00Z,LIGHTLY_ACTIVE,Fitbit App
2024-07-30T10:16:00Z,VERY_ACTIVE,Fitbit App
2024-07-30T10:17:00Z,VERY_ACTIVE,Fitbit App
2024-07-30T10:18:00Z,MODERATELY_ACTIVE,Fitbit App
2024-07-30T10:19:00Z,VERY_ACTIVE,Fitbit App
2024-07-30T10:20:00Z,VERY_ACTIVE,Fitbit App
2024-07-30T10:21:00Z,LIGHTLY_ACTIVE,Fitbit App
2024-07-30T10:22:00Z,MODERATELY_ACTIVE,Fitbit App
2024-07-30T10:23:00Z,VERY_ACTIVE,Fitbit App
2024-07-30T10:24:00Z,MODERATELY_ACTIVE,Fitbit App
2024-07-30T10:25:00Z,MODERATELY_ACTIVE,Fitbit App
2024-07-30T10:26:00Z,VERY_ACTIVE,Fitbit App
2024-07-30T10:27:00Z,VERY_ACTIVE,Fitbit App
2024-07-30T10:28:00Z,MODERATELY_ACTIVE,Fitbit App
2024-07-30T10:29:00Z,MODERATELY_ACTIVE,Fitbit App
2024-07-30T10:30:00Z,LIGHTLY_ACTIVE,Fitbit App
2024-07-30T10:31:00Z,LIGHTLY_ACTIVE,Fitbit App
2024-07-30T10:32:00Z,LIGHTLY_ACTIVE,Fitbit App
2024-07-30T10:33:00Z,MODERATELY_ACTIVE,Fitbit App
2024-07-30T10:34:00Z,MODERATELY_ACTIVE,Fitbit App
2024-07-30T10:36:00Z,LIGHTLY_ACTIVE,Fitbit App
2024-07-30T10:37:00Z,MODERATELY_ACTIVE,Fitbit App
2024-07-30T10:38:00Z,LIGHTLY_ACTIVE,Fitbit App
2024-07-30T10:39:00Z,LIGHTLY_ACTIVE,Fitbit App
2024-07-30T10:40:00Z,LIGHTLY_ACTIVE,Fitbit App
2024-07-30T10:48:00Z,LIGHTLY_ACTIVE,Fitbit App
2024-07-30T10:49:00Z,VERY_ACTIVE,Fitbit App
2024-07-30T10:50:00Z,LIGHTLY_ACTIVE,Fitbit App
2024-07-30T10:51:00Z,VERY_ACTIVE,Fitbit App
2024-07-30T10:52:00Z,VERY_ACTIVE,Fitbit App
2024-07-30T10:53:00Z,VERY_ACTIVE,Fitbit App
2024-07-30T10:54:00Z,VERY_ACTIVE,Fitbit App
2024-07-30T10:55:00Z,LIGHTLY_ACTIVE,Fitbit App
2024-07-30T10:56:00Z,LIGHTLY_ACTIVE,Fitbit App
2024-07-30T11:01:00Z,LIGHTLY_ACTIVE,Fitbit App
2024-07-30T11:02:00Z,LIGHTLY_ACTIVE,Fitbit App
2024-07-30T13:25:00Z,LIGHTLY_ACTIVE,Fitbit App
2024-07-30T13:26:00Z,LIGHTLY_ACTIVE,Fitbit App
2024-07-30T14:10:00Z,LIGHTLY_ACTIVE,Fitbit App
2024-07-30T14:11:00Z,LIGHTLY_ACTIVE,Fitbit App
2024-07-30T14:12:00Z,LIGHTLY_ACTIVE,Fitbit App
2024-07-30T14:13:00Z,LIGHTLY_ACTIVE,Fitbit App
2024-07-30T14:23:00Z,LIGHTLY_ACTIVE,Fitbit App
2024-07-30T14:24:00Z,LIGHTLY_ACTIVE,Fitbit App
2024-07-30T14:53:00Z,LIGHTLY_ACTIVE,Fitbit App
2024-07-30T14:54:00Z,LIGHTLY_ACTIVE,Fitbit App
2024-07-30T14:57:00Z,LIGHTLY_ACTIVE,Fitbit App
2024-07-30T14:58:00Z,LIGHTLY_ACTIVE,Fitbit App
2024-07-30T14:59:00Z,LIGHTLY_ACTIVE,Fitbit App
2024-07-30T17:05:00Z,LIGHTLY_ACTIVE,Fitbit App
2024-07-30T17:06:00Z,LIGHTLY_ACTIVE,Fitbit App
2024-07-30T17:07:00Z,MODERATELY_ACTIVE,Fitbit App
2024-07-30T17:08:00Z,VERY_ACTIVE,Fitbit App
2024-07-30T17:09:00Z,VERY_ACTIVE,Fitbit App
2024-07-30T17:10:00Z,VERY_ACTIVE,Fitbit App
2024-07-30T17:11:00Z,VERY_ACTIVE,Fitbit App
2024-07-30T17:12:00Z,MODERATELY_ACTIVE,Fitbit App
2024-07-30T17:13:00Z,VERY_ACTIVE,Fitbit App
2024-07-30T17:14:00Z,LIGHTLY_ACTIVE,Fitbit App
2024-07-30T17:15:00Z,LIGHTLY_ACTIVE,Fitbit App
2024-07-30T17:16:00Z,LIGHTLY_ACTIVE,Fitbit App
2024-07-30T17:17:00Z,LIGHTLY_ACTIVE,Fitbit App
2024-07-30T17:18:00Z,LIGHTLY_ACTIVE,Fitbit App
2024-07-30T17:32:00Z,LIGHTLY_ACTIVE,Fitbit App
2024-07-30T17:33:00Z,MODERATELY_ACTIVE,Fitbit App
2024-07-30T17:35:00Z,LIGHTLY_ACTIVE,Fitbit App
2024-07-30T17:36:00Z,LIGHTLY_ACTIVE,Fitbit App
2024-07-30T17:37:00Z,LIGHTLY_ACTIVE,Fitbit App
2024-07-30T17:38:00Z,LIGHTLY_ACTIVE,Fitbit App
2024-07-30T17:39:00Z,LIGHTLY_ACTIVE,Fitbit App
2024-07-30T17:46:00Z,LIGHTLY_ACTIVE,Fitbit App
2024-07-30T17:47:00Z,VERY_ACTIVE,Fitbit App
2024-07-30T17:48:00Z,VERY_ACTIVE,Fitbit App
2024-07-30T17:49:00Z,VERY_ACTIVE,Fitbit App
2024-07-30T17:50:00Z,VERY_ACTIVE,Fitbit App
2024-07-30T17:51:00Z,VERY_ACTIVE,Fitbit App
2024-07-30T17:52:00Z,VERY_ACTIVE,Fitbit App
2024-07-30T17:53:00Z,VERY_ACTIVE,Fitbit App
2024-07-30T17:54:00Z,VERY_ACTIVE,Fitbit App
2024-07-30T17:55:00Z,VERY_ACTIVE,Fitbit App
2024-07-30T17:56:00Z,VERY_ACTIVE,Fitbit App
2024-07-30T17:57:00Z,VERY_ACTIVE,Fitbit App
2024-07-30T17:58:00Z,MODERATELY_ACTIVE,Fitbit App
2024-07-30T18:00:00Z,LIGHTLY_ACTIVE,Fitbit App
2024-07-30T18:01:00Z,LIGHTLY_ACTIVE,Fitbit App
2024-07-30T18:02:00Z,VERY_ACTIVE,Fitbit App
2024-07-30T18:03:00Z,VERY_ACTIVE,Fitbit App
2024-07-30T18:04:00Z,VERY_ACTIVE,Fitbit App
2024-07-30T18:05:00Z,LIGHTLY_ACTIVE,Fitbit App
2024-07-30T18:15:00Z,LIGHTLY_ACTIVE,Fitbit App
2024-07-30T18:16:00Z,MODERATELY_ACTIVE,Fitbit App
2024-07-30T18:17:00Z,LIGHTLY_ACTIVE,Fitbit App
2024-07-30T18:18:00Z,LIGHTLY_ACTIVE,Fitbit App
2024-07-30T18:19:00Z,LIGHTLY_ACTIVE,Fitbit App
2024-07-30T18:20:00Z,VERY_ACTIVE,Fitbit App
2024-07-30T18:21:00Z,LIGHTLY_ACTIVE,Fitbit App
2024-07-30T18:22:00Z,LIGHTLY_ACTIVE,Fitbit App
2024-07-30T18:23:00Z,LIGHTLY_ACTIVE,Fitbit App
2024-07-30T18:24:00Z,LIGHTLY_ACTIVE,Fitbit App
2024-07-30T18:25:00Z,LIGHTLY_ACTIVE,Fitbit App
2024-07-30T18:26:00Z,LIGHTLY_ACTIVE,Fitbit App
2024-07-30T18:27:00Z,LIGHTLY_ACTIVE,Fitbit App
2024-07-30T18:28:00Z,MODERATELY_ACTIVE,Fitbit App
2024-07-30T18:29:00Z,LIGHTLY_ACTIVE,Fitbit App
2024-07-30T18:30:00Z,LIGHTLY_ACTIVE,Fitbit App
2024-07-30T18:32:00Z,LIGHTLY_ACTIVE,Fitbit App
2024-07-30T18:33:00Z,LIGHTLY_ACTIVE,Fitbit App
2024-07-30T18:34:00Z,LIGHTLY_ACTIVE,Fitbit App
2024-07-30T18:37:00Z,LIGHTLY_ACTIVE,Fitbit App
2024-07-30T18:38:00Z,MODERATELY_ACTIVE,Fitbit App
2024-07-30T18:39:00Z,MODERATELY_ACTIVE,Fitbit App
2024-07-30T18:40:00Z,LIGHTLY_ACTIVE,Fitbit App
2024-07-30T18:41:00Z,LIGHTLY_ACTIVE,Fitbit App
2024-07-30T18:42:00Z,LIGHTLY_ACTIVE,Fitbit App
2024-07-30T18:43:00Z,VERY_ACTIVE,Fitbit App
2024-07-30T18:47:00Z,LIGHTLY_ACTIVE,Fitbit App
2024-07-30T18:48:00Z,LIGHTLY_ACTIVE,Fitbit App
2024-07-30T18:50:00Z,SEDENTARY,Fitbit App
2024-07-30T18:51:00Z,LIGHTLY_ACTIVE,Fitbit App
2024-07-30T18:52:00Z,LIGHTLY_ACTIVE,Fitbit App
2024-07-30T18:53:00Z,LIGHTLY_ACTIVE,Fitbit App
2024-07-30T18:54:00Z,LIGHTLY_ACTIVE,Fitbit App
2024-07-30T19:02:00Z,LIGHTLY_ACTIVE,Fitbit App
2024-07-30T19:03:00Z,MODERATELY_ACTIVE,Fitbit App
2024-07-30T19:04:00Z,LIGHTLY_ACTIVE,Fitbit App
2024-07-30T19:05:00Z,LIGHTLY_ACTIVE,Fitbit App
2024-07-30T19:06:00Z,LIGHTLY_ACTIVE,Fitbit App
2024-07-30T19:08:00Z,LIGHTLY_ACTIVE,Fitbit App
2024-07-30T19:09:00Z,LIGHTLY_ACTIVE,Fitbit App
2024-07-30T19:16:00Z,LIGHTLY_ACTIVE,Fitbit App
2024-07-30T19:17:00Z,LIGHTLY_ACTIVE,Fitbit App
2024-07-30T19:41:00Z,LIGHTLY_ACTIVE,Fitbit App
2024-07-30T19:42:00Z,LIGHTLY_ACTIVE,Fitbit App
2024-07-30T19:43:00Z,LIGHTLY_ACTIVE,Fitbit App
2024-07-30T19:45:00Z,LIGHTLY_ACTIVE,Fitbit App
2024-07-30T19:46:00Z,LIGHTLY_ACTIVE,Fitbit App
2024-07-30T19:47:00Z,LIGHTLY_ACTIVE,Fitbit App
2024-07-30T19:48:00Z,LIGHTLY_ACTIVE,Fitbit App
2024-07-30T19:49:00Z,LIGHTLY_ACTIVE,Fitbit App
2024-07-30T19:50:00Z,LIGHTLY_ACTIVE,Fitbit App
2024-07-30T19:51:00Z,LIGHTLY_ACTIVE,Fitbit App
2024-07-30T19:52:00Z,LIGHTLY_ACTIVE,Fitbit App
2024-07-30T19:53:00Z,LIGHTLY_ACTIVE,Fitbit App
2024-07-30T19:54:00Z,MODERATELY_ACTIVE,Fitbit App
2024-07-30T19:55:00Z,VERY_ACTIVE,Fitbit App
2024-07-30T20:14:00Z,LIGHTLY_ACTIVE,Fitbit App
2024-07-30T20:15:00Z,LIGHTLY_ACTIVE,Fitbit App
2024-07-30T20:31:00Z,LIGHTLY_ACTIVE,Fitbit App
2024-07-30T20:32:00Z,LIGHTLY_ACTIVE,Fitbit App
2024-07-30T20:33:00Z,LIGHTLY_ACTIVE,Fitbit App
2024-07-30T20:34:00Z,LIGHTLY_ACTIVE,Fitbit App
2024-07-30T20:35:00Z,LIGHTLY_ACTIVE,Fitbit App
2024-07-30T20:36:00Z,MODERATELY_ACTIVE,Fitbit App
2024-07-30T20:40:00Z,LIGHTLY_ACTIVE,Fitbit App
2024-07-30T20:41:00Z,LIGHTLY_ACTIVE,Fitbit App
2024-07-30T20:45:00Z,LIGHTLY_ACTIVE,Fitbit App
2024-07-30T20:46:00Z,LIGHTLY_ACTIVE,Fitbit App
2024-07-30T20:47:00Z,LIGHTLY_ACTIVE,Fitbit App
2024-07-30T20:48:00Z,LIGHTLY_ACTIVE,Fitbit App
2024-07-30T20:49:00Z,MODERATELY_ACTIVE,Fitbit App
2024-07-30T20:50:00Z,VERY_ACTIVE,Fitbit App
2024-07-30T20:51:00Z,MODERATELY_ACTIVE,Fitbit App
2024-07-30T20:52:00Z,VERY_ACTIVE,Fitbit App
2024-07-30T20:53:00Z,VERY_ACTIVE,Fitbit App
2024-07-30T20:54:00Z,VERY_ACTIVE,Fitbit App
2024-07-30T20:55:00Z,VERY_ACTIVE,Fitbit App
2024-07-30T20:56:00Z,VERY_ACTIVE,Fitbit App
2024-07-30T20:57:00Z,VERY_ACTIVE,Fitbit App
2024-07-30T20:58:00Z,VERY_ACTIVE,Fitbit App
2024-07-30T20:59:00Z,VERY_ACTIVE,Fitbit App
2024-07-30T21:00:00Z,MODERATELY_ACTIVE,Fitbit App
2024-07-30T21:01:00Z,MODERATELY_ACTIVE,Fitbit App
2024-07-30T21:37:00Z,LIGHTLY_ACTIVE,Fitbit App
2024-07-30T21:38:00Z,LIGHTLY_ACTIVE,Fitbit App
2024-07-30T21:39:00Z,VERY_ACTIVE,Fitbit App
2024-07-30T21:40:00Z,VERY_ACTIVE,Fitbit App
2024-07-30T21:41:00Z,VERY_ACTIVE,Fitbit App
2024-07-30T21:42:00Z,VERY_ACTIVE,Fitbit App
2024-07-30T21:43:00Z,VERY_ACTIVE,Fitbit App
2024-07-30T21:44:00Z,MODERATELY_ACTIVE,Fitbit App
2024-07-30T21:45:00Z,MODERATELY_ACTIVE,Fitbit App
2024-07-30T21:46:00Z,LIGHTLY_ACTIVE,Fitbit App
2024-07-30T21:47:00Z,LIGHTLY_ACTIVE,Fitbit App
2024-07-30T21:49:00Z,LIGHTLY_ACTIVE,Fitbit App
2024-07-30T21:50:00Z,LIGHTLY_ACTIVE,Fitbit App
2024-07-30T21:51:00Z,LIGHTLY_ACTIVE,Fitbit App
2024-07-30T21:52:00Z,LIGHTLY_ACTIVE,Fitbit App
2024-07-30T22:10:00Z,LIGHTLY_ACTIVE,Fitbit App
2024-07-30T22:11:00Z,LIGHTLY_ACTIVE,Fitbit App
2024-07-30T22:21:00Z,LIGHTLY_ACTIVE,Fitbit App
2024-07-30T22:22:00Z,LIGHTLY_ACTIVE,Fitbit App
2024-07-30T22:24:00Z,LIGHTLY_ACTIVE,Fitbit App
2024-07-30T22:25:00Z,LIGHTLY_ACTIVE,Fitbit App
2024-07-30T22:51:00Z,LIGHTLY_ACTIVE,Fitbit App
2024-07-30T22:52:00Z,MODERATELY_ACTIVE,Fitbit App
2024-07-31T05:18:00Z,LIGHTLY_ACTIVE,Fitbit App
2024-07-31T05:19:00Z,LIGHTLY_ACTIVE,Fitbit App
2024-07-31T05:39:00Z,LIGHTLY_ACTIVE,Fitbit App
2024-07-31T05:40:00Z,LIGHTLY_ACTIVE,Fitbit App
2024-07-31T05:41:00Z,LIGHTLY_ACTIVE,Fitbit App
2024-07-31T06:05:00Z,LIGHTLY_ACTIVE,Fitbit App
2024-07-31T06:06:00Z,LIGHTLY_ACTIVE,Fitbit App
2024-07-31T06:13:00Z,LIGHTLY_ACTIVE,Fitbit App
2024-07-31T06:14:00Z,LIGHTLY_ACTIVE,Fitbit App
2024-07-31T06:15:00Z,SEDENTARY,Fitbit App
2024-07-31T06:16:00Z,LIGHTLY_ACTIVE,Fitbit App
2024-07-31T06:17:00Z,LIGHTLY_ACTIVE,Fitbit App
2024-07-31T06:35:00Z,LIGHTLY_ACTIVE,Fitbit App
2024-07-31T06:36:00Z,LIGHTLY_ACTIVE,Fitbit App
2024-07-31T06:37:00Z,LIGHTLY_ACTIVE,Fitbit App
2024-07-31T06:38:00Z,LIGHTLY_ACTIVE,Fitbit App
2024-07-31T07:12:00Z,LIGHTLY_ACTIVE,Fitbit App
2024-07-31T07:13:00Z,LIGHTLY_ACTIVE,Fitbit App
2024-07-31T07:14:00Z,LIGHTLY_ACTIVE,Fitbit App
2024-07-31T07:34:00Z,LIGHTLY_ACTIVE,Fitbit App
2024-07-31T07:35:00Z,LIGHTLY_ACTIVE,Fitbit App
2024-07-31T07:46:00Z,LIGHTLY_ACTIVE,Fitbit App
2024-07-31T07:47:00Z,LIGHTLY_ACTIVE,Fitbit App
2024-07-31T07:48:00Z,SEDENTARY,Fitbit App
2024-07-31T07:49:00Z,LIGHTLY_ACTIVE,Fitbit App
2024-07-31T07:50:00Z,LIGHTLY_ACTIVE,Fitbit App
2024-07-31T07:51:00Z,LIGHTLY_ACTIVE,Fitbit App
2024-07-31T07:52:00Z,LIGHTLY_ACTIVE,Fitbit App
2024-07-31T07:53:00Z,LIGHTLY_ACTIVE,Fitbit App
2024-07-31T07:54:00Z,LIGHTLY_ACTIVE,Fitbit App
2024-07-31T07:55:00Z,LIGHTLY_ACTIVE,Fitbit App
2024-07-31T08:00:00Z,LIGHTLY_ACTIVE,Fitbit App
2024-07-31T08:01:00Z,LIGHTLY_ACTIVE,Fitbit App
2024-07-31T08:13:00Z,LIGHTLY_ACTIVE,Fitbit App
2024-07-31T08:14:00Z,LIGHTLY_ACTIVE,Fitbit App
2024-07-31T08:40:00Z,LIGHTLY_ACTIVE,Fitbit App
2024-07-31T08:41:00Z,LIGHTLY_ACTIVE,Fitbit App
2024-07-31T08:52:00Z,LIGHTLY_ACTIVE,Fitbit App
2024-07-31T08:53:00Z,LIGHTLY_ACTIVE,Fitbit App
2024-07-31T08:56:00Z,LIGHTLY_ACTIVE,Fitbit App
2024-07-31T08:57:00Z,LIGHTLY_ACTIVE,Fitbit App
2024-07-31T08:58:00Z,LIGHTLY_ACTIVE,Fitbit App
2024-07-31T08:59:00Z,LIGHTLY_ACTIVE,Fitbit App
2024-07-31T09:00:00Z,LIGHTLY_ACTIVE,Fitbit App
2024-07-31T09:01:00Z,LIGHTLY_ACTIVE,Fitbit App
2024-07-31T09:02:00Z,LIGHTLY_ACTIVE,Fitbit App
2024-07-31T09:03:00Z,LIGHTLY_ACTIVE,Fitbit App
2024-07-31T09:08:00Z,LIGHTLY_ACTIVE,Fitbit App
2024-07-31T09:09:00Z,LIGHTLY_ACTIVE,Fitbit App
2024-07-31T09:10:00Z,LIGHTLY_ACTIVE,Fitbit App
2024-07-31T09:34:00Z,LIGHTLY_ACTIVE,Fitbit App
2024-07-31T09:35:00Z,LIGHTLY_ACTIVE,Fitbit App
2024-07-31T09:44:00Z,LIGHTLY_ACTIVE,Fitbit App
2024-07-31T09:45:00Z,LIGHTLY_ACTIVE,Fitbit App
2024-07-31T09:46:00Z,LIGHTLY_ACTIVE,Fitbit App
2024-07-31T09:47:00Z,VERY_ACTIVE,Fitbit App
2024-07-31T09:48:00Z,VERY_ACTIVE,Fitbit App
2024-07-31T09:49:00Z,VERY_ACTIVE,Fitbit App
2024-07-31T09:50:00Z,VERY_ACTIVE,Fitbit App
2024-07-31T09:51:00Z,MODERATELY_ACTIVE,Fitbit App
2024-07-31T09:52:00Z,LIGHTLY_ACTIVE,Fitbit App
2024-07-31T09:53:00Z,VERY_ACTIVE,Fitbit App
2024-07-31T09:54:00Z,VERY_ACTIVE,Fitbit App
2024-07-31T09:55:00Z,VERY_ACTIVE,Fitbit App
2024-07-31T09:56:00Z,VERY_ACTIVE,Fitbit App
2024-07-31T09:57:00Z,VERY_ACTIVE,Fitbit App
2024-07-31T09:58:00Z,LIGHTLY_ACTIVE,Fitbit App
2024-07-31T10:01:00Z,LIGHTLY_ACTIVE,Fitbit App
2024-07-31T10:02:00Z,MODERATELY_ACTIVE,Fitbit App
2024-07-31T10:03:00Z,MODERATELY_ACTIVE,Fitbit App
2024-07-31T10:04:00Z,LIGHTLY_ACTIVE,Fitbit App
2024-07-31T10:05:00Z,LIGHTLY_ACTIVE,Fitbit App
2024-07-31T10:27:00Z,LIGHTLY_ACTIVE,Fitbit App
2024-07-31T10:28:00Z,LIGHTLY_ACTIVE,Fitbit App
2024-07-31T10:29:00Z,LIGHTLY_ACTIVE,Fitbit App
2024-07-31T10:30:00Z,LIGHTLY_ACTIVE,Fitbit App
2024-07-31T10:31:00Z,LIGHTLY_ACTIVE,Fitbit App
2024-07-31T10:43:00Z,LIGHTLY_ACTIVE,Fitbit App
2024-07-31T10:44:00Z,LIGHTLY_ACTIVE,Fitbit App
2024-07-31T10:45:00Z,LIGHTLY_ACTIVE,Fitbit App
2024-07-31T10:48:00Z,LIGHTLY_ACTIVE,Fitbit App
2024-07-31T10:49:00Z,LIGHTLY_ACTIVE,Fitbit App
2024-07-31T10:50:00Z,LIGHTLY_ACTIVE,Fitbit App
2024-07-31T10:52:00Z,LIGHTLY_ACTIVE,Fitbit App
2024-07-31T10:53:00Z,LIGHTLY_ACTIVE,Fitbit App
2024-07-31T11:20:00Z,LIGHTLY_ACTIVE,Fitbit App
2024-07-31T11:21:00Z,LIGHTLY_ACTIVE,Fitbit App
2024-07-31T11:22:00Z,LIGHTLY_ACTIVE,Fitbit App
2024-07-31T11:23:00Z,LIGHTLY_ACTIVE,Fitbit App
2024-07-31T11:24:00Z,LIGHTLY_ACTIVE,Fitbit App
2024-07-31T11:25:00Z,LIGHTLY_ACTIVE,Fitbit App
2024-07-31T11:30:00Z,LIGHTLY_ACTIVE,Fitbit App
2024-07-31T11:31:00Z,LIGHTLY_ACTIVE,Fitbit App
2024-07-31T11:52:00Z,LIGHTLY_ACTIVE,Fitbit App
2024-07-31T11:53:00Z,LIGHTLY_ACTIVE,Fitbit App
2024-07-31T13:15:00Z,LIGHTLY_ACTIVE,Fitbit App
2024-07-31T13:16:00Z,LIGHTLY_ACTIVE,Fitbit App
2024-07-31T13:26:00Z,LIGHTLY_ACTIVE,Fitbit App
2024-07-31T13:27:00Z,LIGHTLY_ACTIVE,Fitbit App
2024-07-31T13:31:00Z,LIGHTLY_ACTIVE,Fitbit App
2024-07-31T13:32:00Z,LIGHTLY_ACTIVE,Fitbit App
2024-07-31T13:39:00Z,LIGHTLY_ACTIVE,Fitbit App
2024-07-31T13:40:00Z,LIGHTLY_ACTIVE,Fitbit App
2024-07-31T13:47:00Z,LIGHTLY_ACTIVE,Fitbit App
2024-07-31T13:48:00Z,LIGHTLY_ACTIVE,Fitbit App
2024-07-31T14:02:00Z,LIGHTLY_ACTIVE,Fitbit App
2024-07-31T14:03:00Z,LIGHTLY_ACTIVE,Fitbit App
2024-07-31T14:21:00Z,LIGHTLY_ACTIVE,Fitbit App
2024-07-31T14:22:00Z,LIGHTLY_ACTIVE,Fitbit App
2024-07-31T14:23:00Z,LIGHTLY_ACTIVE,Fitbit App
2024-07-31T14:28:00Z,LIGHTLY_ACTIVE,Fitbit App
2024-07-31T14:29:00Z,SEDENTARY,Fitbit App
2024-07-31T14:30:00Z,LIGHTLY_ACTIVE,Fitbit App
2024-07-31T14:31:00Z,SEDENTARY,Fitbit App
2024-07-31T14:32:00Z,LIGHTLY_ACTIVE,Fitbit App
2024-07-31T14:33:00Z,MODERATELY_ACTIVE,Fitbit App
2024-07-31T14:34:00Z,LIGHTLY_ACTIVE,Fitbit App
2024-07-31T14:35:00Z,LIGHTLY_ACTIVE,Fitbit App
2024-07-31T14:36:00Z,VERY_ACTIVE,Fitbit App
2024-07-31T14:37:00Z,VERY_ACTIVE,Fitbit App
2024-07-31T14:38:00Z,VERY_ACTIVE,Fitbit App
2024-07-31T14:39:00Z,LIGHTLY_ACTIVE,Fitbit App
2024-07-31T14:40:00Z,MODERATELY_ACTIVE,Fitbit App
2024-07-31T14:41:00Z,MODERATELY_ACTIVE,Fitbit App
2024-07-31T14:42:00Z,LIGHTLY_ACTIVE,Fitbit App
2024-07-31T14:43:00Z,LIGHTLY_ACTIVE,Fitbit App
2024-07-31T14:50:00Z,LIGHTLY_ACTIVE,Fitbit App
2024-07-31T14:51:00Z,VERY_ACTIVE,Fitbit App
2024-07-31T14:52:00Z,MODERATELY_ACTIVE,Fitbit App
2024-07-31T14:53:00Z,MODERATELY_ACTIVE,Fitbit App
2024-07-31T14:54:00Z,VERY_ACTIVE,Fitbit App
2024-07-31T14:55:00Z,LIGHTLY_ACTIVE,Fitbit App
2024-07-31T14:56:00Z,LIGHTLY_ACTIVE,Fitbit App
2024-07-31T14:57:00Z,VERY_ACTIVE,Fitbit App
2024-07-31T14:58:00Z,MODERATELY_ACTIVE,Fitbit App
2024-07-31T14:59:00Z,MODERATELY_ACTIVE,Fitbit App
2024-07-31T15:00:00Z,LIGHTLY_ACTIVE,Fitbit App
2024-07-31T15:01:00Z,LIGHTLY_ACTIVE,Fitbit App
2024-07-31T15:05:00Z,LIGHTLY_ACTIVE,Fitbit App
2024-07-31T15:06:00Z,LIGHTLY_ACTIVE,Fitbit App
2024-07-31T15:09:00Z,LIGHTLY_ACTIVE,Fitbit App
2024-07-31T15:10:00Z,LIGHTLY_ACTIVE,Fitbit App
2024-07-31T15:16:00Z,LIGHTLY_ACTIVE,Fitbit App
2024-07-31T15:17:00Z,LIGHTLY_ACTIVE,Fitbit App
2024-07-31T15:24:00Z,LIGHTLY_ACTIVE,Fitbit App
2024-07-31T15:25:00Z,LIGHTLY_ACTIVE,Fitbit App
2024-07-31T15:26:00Z,LIGHTLY_ACTIVE,Fitbit App
2024-07-31T15:28:00Z,LIGHTLY_ACTIVE,Fitbit App
2024-07-31T15:29:00Z,LIGHTLY_ACTIVE,Fitbit App
2024-07-31T15:30:00Z,LIGHTLY_ACTIVE,Fitbit App
2024-07-31T15:31:00Z,LIGHTLY_ACTIVE,Fitbit App
2024-07-31T15:32:00Z,LIGHTLY_ACTIVE,Fitbit App
2024-07-31T15:33:00Z,MODERATELY_ACTIVE,Fitbit App
2024-07-31T17:55:00Z,LIGHTLY_ACTIVE,Fitbit App
2024-07-31T17:56:00Z,LIGHTLY_ACTIVE,Fitbit App
2024-07-31T17:57:00Z,VERY_ACTIVE,Fitbit App
2024-07-31T17:58:00Z,VERY_ACTIVE,Fitbit App
2024-07-31T17:59:00Z,VERY_ACTIVE,Fitbit App
2024-07-31T18:00:00Z,VERY_ACTIVE,Fitbit App
2024-07-31T18:01:00Z,LIGHTLY_ACTIVE,Fitbit App
2024-07-31T18:02:00Z,VERY_ACTIVE,Fitbit App
2024-07-31T18:03:00Z,LIGHTLY_ACTIVE,Fitbit App
2024-07-31T18:06:00Z,LIGHTLY_ACTIVE,Fitbit App
2024-07-31T18:07:00Z,LIGHTLY_ACTIVE,Fitbit App
2024-07-31T18:08:00Z,VERY_ACTIVE,Fitbit App
2024-07-31T18:09:00Z,VERY_ACTIVE,Fitbit App
2024-07-31T18:10:00Z,VERY_ACTIVE,Fitbit App
2024-07-31T18:11:00Z,VERY_ACTIVE,Fitbit App
2024-07-31T18:12:00Z,MODERATELY_ACTIVE,Fitbit App
2024-07-31T18:13:00Z,LIGHTLY_ACTIVE,Fitbit App
2024-07-31T18:14:00Z,LIGHTLY_ACTIVE,Fitbit App
2024-07-31T18:25:00Z,SEDENTARY,Fitbit App
2024-07-31T18:26:00Z,LIGHTLY_ACTIVE,Fitbit App
2024-07-31T18:27:00Z,LIGHTLY_ACTIVE,Fitbit App
2024-07-31T19:00:00Z,LIGHTLY_ACTIVE,Fitbit App
2024-07-31T19:01:00Z,LIGHTLY_ACTIVE,Fitbit App
2024-07-31T19:09:00Z,LIGHTLY_ACTIVE,Fitbit App
2024-07-31T19:10:00Z,LIGHTLY_ACTIVE,Fitbit App
2024-07-31T19:13:00Z,LIGHTLY_ACTIVE,Fitbit App
2024-07-31T19:14:00Z,LIGHTLY_ACTIVE,Fitbit App
2024-07-31T20:28:00Z,LIGHTLY_ACTIVE,Fitbit App
2024-07-31T20:29:00Z,LIGHTLY_ACTIVE,Fitbit App
2024-07-31T20:30:00Z,LIGHTLY_ACTIVE,Fitbit App
2024-07-31T20:31:00Z,LIGHTLY_ACTIVE,Fitbit App
2024-07-31T20:32:00Z,LIGHTLY_ACTIVE,Fitbit App
2024-07-31T20:33:00Z,SEDENTARY,Fitbit App
2024-07-31T20:34:00Z,LIGHTLY_ACTIVE,Fitbit App
2024-07-31T20:35:00Z,SEDENTARY,Fitbit App
2024-07-31T20:39:00Z,LIGHTLY_ACTIVE,Fitbit App
2024-07-31T20:40:00Z,SEDENTARY,Fitbit App
2024-07-31T20:41:00Z,LIGHTLY_ACTIVE,Fitbit App
2024-07-31T20:42:00Z,SEDENTARY,Fitbit App
2024-07-31T20:43:00Z,SEDENTARY,Fitbit App
2024-07-31T20:44:00Z,LIGHTLY_ACTIVE,Fitbit App
2024-07-31T20:45:00Z,MODERATELY_ACTIVE,Fitbit App
2024-07-31T20:46:00Z,SEDENTARY,Fitbit App
2024-07-31T20:47:00Z,MODERATELY_ACTIVE,Fitbit App
2024-07-31T20:48:00Z,SEDENTARY,Fitbit App
2024-07-31T20:49:00Z,SEDENTARY,Fitbit App
2024-07-31T20:51:00Z,SEDENTARY,Fitbit App
2024-07-31T21:02:00Z,LIGHTLY_ACTIVE,Fitbit App
2024-07-31T21:03:00Z,LIGHTLY_ACTIVE,Fitbit App
2024-07-31T21:04:00Z,MODERATELY_ACTIVE,Fitbit App
2024-07-31T21:05:00Z,MODERATELY_ACTIVE,Fitbit App
2024-07-31T21:06:00Z,LIGHTLY_ACTIVE,Fitbit App
2024-07-31T21:07:00Z,MODERATELY_ACTIVE,Fitbit App
2024-07-31T21:08:00Z,VERY_ACTIVE,Fitbit App
2024-07-31T21:09:00Z,MODERATELY_ACTIVE,Fitbit App
2024-07-31T21:10:00Z,LIGHTLY_ACTIVE,Fitbit App
2024-07-31T21:11:00Z,LIGHTLY_ACTIVE,Fitbit App
2024-07-31T21:12:00Z,MODERATELY_ACTIVE,Fitbit App
2024-07-31T21:13:00Z,LIGHTLY_ACTIVE,Fitbit App
2024-07-31T21:14:00Z,LIGHTLY_ACTIVE,Fitbit App
2024-07-31T21:15:00Z,MODERATELY_ACTIVE,Fitbit App
2024-07-31T21:16:00Z,MODERATELY_ACTIVE,Fitbit App
2024-07-31T21:17:00Z,MODERATELY_ACTIVE,Fitbit App
2024-07-31T21:18:00Z,MODERATELY_ACTIVE,Fitbit App
2024-07-31T21:19:00Z,MODERATELY_ACTIVE,Fitbit App
2024-07-31T21:20:00Z,MODERATELY_ACTIVE,Fitbit App
2024-07-31T21:21:00Z,LIGHTLY_ACTIVE,Fitbit App
2024-07-31T21:22:00Z,LIGHTLY_ACTIVE,Fitbit App
2024-07-31T21:23:00Z,SEDENTARY,Fitbit App
2024-07-31T21:24:00Z,MODERATELY_ACTIVE,Fitbit App
2024-07-31T21:25:00Z,MODERATELY_ACTIVE,Fitbit App
2024-07-31T21:26:00Z,MODERATELY_ACTIVE,Fitbit App
2024-07-31T21:27:00Z,VERY_ACTIVE,Fitbit App
2024-07-31T21:28:00Z,MODERATELY_ACTIVE,Fitbit App
2024-07-31T21:29:00Z,SEDENTARY,Fitbit App
2024-07-31T21:30:00Z,MODERATELY_ACTIVE,Fitbit App
2024-07-31T21:31:00Z,LIGHTLY_ACTIVE,Fitbit App
2024-07-31T21:32:00Z,SEDENTARY,Fitbit App
2024-07-31T21:33:00Z,SEDENTARY,Fitbit App
2024-07-31T21:34:00Z,SEDENTARY,Fitbit App
2024-07-31T21:58:00Z,SEDENTARY,Fitbit App
2024-07-31T21:59:00Z,SEDENTARY,Fitbit App
2024-07-31T22:31:00Z,SEDENTARY,Fitbit App
2024-07-31T22:35:00Z,SEDENTARY,Fitbit App
2024-07-31T22:36:00Z,SEDENTARY,Fitbit App
2024-07-31T22:43:00Z,SEDENTARY,Fitbit App
2024-07-31T22:52:00Z,SEDENTARY,Fitbit App
2024-07-31T22:58:00Z,SEDENTARY,Fitbit App
2024-07-31T23:02:00Z,SEDENTARY,Fitbit App
2024-07-31T23:57:00Z,SEDENTARY,Fitbit App
